0 0.0
1 40000.0
2 40000.0
3 16000.0
4 32000.0
5 40000.0
6 32000.0
7 40000.0
8 32000.0
9 32000.0
10 32000.0
11 32000.0
12 32000.0
13 32000.0
14 32000.0
15 32000.0
16 32000.0
17 40000.0
18 32000.0
19 40000.0
20 32000.0
21 32000.0
22 32000.0
23 32000.0
24 32000.0
25 32000.0
26 32000.0
27 32000.0
28 32000.0
29 40000.0
30 32000.0
31 40000.0
32 32000.0
33 32000.0
34 32000.0
35 32000.0
36 32000.0
37 32000.0
38 32000.0
39 32000.0
40 32000.0
41 40000.0
42 32000.0
43 40000.0
44 32000.0
45 32000.0
46 32000.0
47 32000.0
48 32000.0
49 32000.0
50 32000.0
51 32000.0
52 32000.0
53 40000.0
54 32000.0
55 40000.0
56 32000.0
57 32000.0
58 32000.0
59 32000.0
60 32000.0
61 32000.0
62 32000.0
63 32000.0
64 32000.0
65 40000.0
66 32000.0
67 40000.0
68 32000.0
69 32000.0
70 32000.0
71 32000.0
72 32000.0
73 32000.0
74 32000.0
75 32000.0
76 32000.0
77 40000.0
78 32000.0
79 40000.0
80 32000.0
81 32000.0
82 32000.0
83 32000.0
84 32000.0
85 32000.0
86 32000.0
87 32000.0
88 32000.0
89 40000.0
90 32000.0
91 40000.0
92 32000.0
93 32000.0
94 32000.0
95 32000.0
96 32000.0
97 32000.0
98 32000.0
99 32000.0
100 32000.0
101 40000.0
102 32000.0
103 40000.0
104 32000.0
105 32000.0
106 32000.0
107 32000.0
108 32000.0
109 32000.0
110 32000.0
111 32000.0
112 32000.0
113 40000.0
114 32000.0
115 40000.0
116 32000.0
117 32000.0
118 32000.0
119 32000.0
120 32000.0
121 32000.0
122 32000.0
123 32000.0
124 32000.0
125 40000.0
126 32000.0
127 40000.0
128 32000.0
129 32000.0
130 32000.0
131 32000.0
132 32000.0
133 32000.0
134 32000.0
135 32000.0
136 32000.0
137 40000.0
138 32000.0
139 40000.0
140 32000.0
141 32000.0
142 32000.0
143 32000.0
144 32000.0
145 32000.0
146 32000.0
147 32000.0
148 32000.0
149 40000.0
150 32000.0
151 40000.0
152 32000.0
153 32000.0
154 32000.0
155 32000.0
156 32000.0
157 32000.0
158 32000.0
159 32000.0
160 32000.0
161 40000.0
162 32000.0
163 40000.0
164 32000.0
165 32000.0
166 32000.0
167 32000.0
168 32000.0
169 32000.0
170 32000.0
171 32000.0
172 32000.0
173 40000.0
174 32000.0
175 40000.0
176 32000.0
177 32000.0
178 32000.0
179 32000.0
180 32000.0
181 32000.0
182 32000.0
183 32000.0
184 32000.0
185 40000.0
186 32000.0
187 40000.0
188 32000.0
189 32000.0
190 32000.0
191 32000.0
192 32000.0
193 32000.0
194 32000.0
195 32000.0
196 32000.0
197 40000.0
198 32000.0
199 40000.0
200 32000.0
201 32000.0
202 32000.0
203 32000.0
204 32000.0
205 32000.0
206 32000.0
207 32000.0
208 32000.0
209 40000.0
210 32000.0
211 40000.0
212 32000.0
213 32000.0
214 32000.0
215 32000.0
216 32000.0
217 32000.0
218 32000.0
219 32000.0
220 32000.0
221 40000.0
222 32000.0
223 40000.0
224 32000.0
225 32000.0
226 32000.0
227 32000.0
228 32000.0
229 32000.0
230 32000.0
231 32000.0
232 32000.0
233 40000.0
234 32000.0
235 40000.0
236 32000.0
237 32000.0
238 32000.0
239 32000.0
240 32000.0
241 32000.0
242 32000.0
243 32000.0
244 32000.0
245 40000.0
246 32000.0
247 40000.0
248 32000.0
249 32000.0
250 32000.0
251 32000.0
252 32000.0
253 32000.0
254 32000.0
255 32000.0
256 32000.0
257 40000.0
258 32000.0
259 40000.0
260 32000.0
261 32000.0
262 32000.0
263 32000.0
264 32000.0
265 32000.0
266 32000.0
267 32000.0
268 32000.0
269 40000.0
270 32000.0
271 40000.0
272 32000.0
273 32000.0
274 32000.0
275 32000.0
276 32000.0
277 32000.0
278 32000.0
279 32000.0
280 32000.0
281 40000.0
282 32000.0
283 40000.0
284 32000.0
285 32000.0
286 32000.0
287 32000.0
288 32000.0
289 32000.0
290 32000.0
291 32000.0
292 32000.0
293 40000.0
294 32000.0
295 40000.0
296 32000.0
297 32000.0
298 32000.0
299 32000.0
300 32000.0
301 32000.0
302 32000.0
303 32000.0
304 32000.0
305 40000.0
306 32000.0
307 40000.0
308 32000.0
309 32000.0
310 32000.0
311 32000.0
312 32000.0
313 32000.0
314 32000.0
315 32000.0
316 32000.0
317 40000.0
318 32000.0
319 40000.0
320 32000.0
321 32000.0
322 32000.0
323 32000.0
324 32000.0
325 32000.0
326 32000.0
327 32000.0
328 32000.0
329 40000.0
330 32000.0
331 40000.0
332 32000.0
333 32000.0
334 32000.0
335 32000.0
336 32000.0
337 32000.0
338 32000.0
339 32000.0
340 32000.0
341 40000.0
342 32000.0
343 40000.0
344 32000.0
345 32000.0
346 32000.0
347 32000.0
348 32000.0
349 32000.0
350 32000.0
351 32000.0
352 32000.0
353 40000.0
354 32000.0
355 40000.0
356 32000.0
357 32000.0
358 32000.0
359 32000.0
360 32000.0
361 32000.0
362 32000.0
363 32000.0
364 32000.0
365 40000.0
366 32000.0
367 40000.0
368 32000.0
369 32000.0
370 32000.0
371 32000.0
372 32000.0
373 32000.0
374 32000.0
375 32000.0
376 32000.0
377 40000.0
378 32000.0
379 40000.0
380 32000.0
381 32000.0
382 32000.0
383 32000.0
384 32000.0
385 32000.0
386 32000.0
387 32000.0
388 32000.0
389 40000.0
390 32000.0
391 40000.0
392 32000.0
393 32000.0
394 32000.0
395 32000.0
396 32000.0
397 32000.0
398 32000.0
399 32000.0
400 32000.0
401 40000.0
402 32000.0
403 40000.0
404 32000.0
405 32000.0
406 32000.0
407 32000.0
408 32000.0
409 32000.0
410 32000.0
411 32000.0
412 32000.0
413 40000.0
414 32000.0
415 40000.0
416 32000.0
417 32000.0
418 32000.0
419 32000.0
420 32000.0
421 32000.0
422 32000.0
423 32000.0
424 32000.0
425 40000.0
426 32000.0
427 40000.0
428 32000.0
429 32000.0
430 32000.0
431 32000.0
432 32000.0
433 32000.0
434 32000.0
435 32000.0
436 32000.0
437 40000.0
438 32000.0
439 40000.0
440 32000.0
441 32000.0
442 32000.0
443 32000.0
444 32000.0
445 32000.0
446 32000.0
447 32000.0
448 32000.0
449 40000.0
450 32000.0
451 40000.0
452 32000.0
453 32000.0
454 32000.0
455 32000.0
456 32000.0
457 32000.0
458 32000.0
459 32000.0
460 32000.0
461 40000.0
462 32000.0
463 40000.0
464 32000.0
465 32000.0
466 32000.0
467 32000.0
468 32000.0
469 32000.0
470 32000.0
471 32000.0
472 32000.0
473 40000.0
474 32000.0
475 40000.0
476 32000.0
477 32000.0
478 32000.0
479 32000.0
480 32000.0
481 32000.0
482 32000.0
483 32000.0
484 32000.0
485 40000.0
486 32000.0
487 40000.0
488 32000.0
489 32000.0
490 32000.0
491 32000.0
492 32000.0
493 32000.0
494 32000.0
495 32000.0
496 32000.0
497 40000.0
498 32000.0
499 40000.0
500 32000.0
501 32000.0
502 32000.0
503 32000.0
504 32000.0
505 32000.0
506 32000.0
507 32000.0
508 32000.0
509 40000.0
510 32000.0
511 40000.0
512 32000.0
513 32000.0
514 32000.0
515 32000.0
516 32000.0
517 32000.0
518 32000.0
519 32000.0
520 32000.0
521 40000.0
522 32000.0
523 40000.0
524 32000.0
525 32000.0
526 32000.0
527 32000.0
528 32000.0
529 32000.0
530 32000.0
531 32000.0
532 32000.0
533 40000.0
534 32000.0
535 40000.0
536 32000.0
537 32000.0
538 32000.0
539 32000.0
540 32000.0
541 32000.0
542 32000.0
543 32000.0
544 32000.0
545 40000.0
546 32000.0
547 40000.0
548 32000.0
549 32000.0
550 32000.0
551 32000.0
552 32000.0
553 32000.0
554 32000.0
555 32000.0
556 32000.0
557 40000.0
558 32000.0
559 40000.0
560 32000.0
561 32000.0
562 32000.0
563 32000.0
564 32000.0
565 32000.0
566 32000.0
567 32000.0
568 32000.0
569 40000.0
570 32000.0
571 40000.0
572 32000.0
573 32000.0
574 32000.0
575 32000.0
576 32000.0
577 32000.0
578 32000.0
579 32000.0
580 32000.0
581 40000.0
582 32000.0
583 40000.0
584 32000.0
585 32000.0
586 32000.0
587 32000.0
588 32000.0
589 32000.0
590 32000.0
591 32000.0
592 32000.0
593 40000.0
594 32000.0
595 40000.0
596 32000.0
597 32000.0
598 32000.0
599 32000.0
600 32000.0
601 32000.0
602 32000.0
603 32000.0
604 32000.0
605 40000.0
606 32000.0
607 40000.0
608 32000.0
609 32000.0
610 32000.0
611 32000.0
612 32000.0
613 32000.0
614 32000.0
615 32000.0
616 32000.0
617 40000.0
618 32000.0
619 40000.0
620 32000.0
621 32000.0
622 32000.0
623 32000.0
624 32000.0
625 32000.0
626 32000.0
627 32000.0
628 32000.0
629 40000.0
630 32000.0
631 40000.0
632 32000.0
633 32000.0
634 32000.0
635 32000.0
636 32000.0
637 32000.0
638 32000.0
639 32000.0
640 32000.0
641 40000.0
642 32000.0
643 40000.0
644 32000.0
645 32000.0
646 32000.0
647 32000.0
648 32000.0
649 32000.0
650 32000.0
651 32000.0
652 32000.0
653 40000.0
654 32000.0
655 40000.0
656 32000.0
657 32000.0
658 32000.0
659 32000.0
660 32000.0
661 32000.0
662 32000.0
663 32000.0
664 32000.0
665 40000.0
666 32000.0
667 40000.0
668 32000.0
669 32000.0
670 32000.0
671 32000.0
672 32000.0
673 32000.0
674 32000.0
675 32000.0
676 32000.0
677 40000.0
678 32000.0
679 40000.0
680 32000.0
681 32000.0
682 32000.0
683 32000.0
684 32000.0
685 32000.0
686 32000.0
687 32000.0
688 32000.0
689 40000.0
690 32000.0
691 40000.0
692 32000.0
693 32000.0
694 32000.0
695 32000.0
696 32000.0
697 32000.0
698 32000.0
699 32000.0
700 32000.0
701 40000.0
702 32000.0
703 40000.0
704 32000.0
705 32000.0
706 32000.0
707 32000.0
708 32000.0
709 32000.0
710 32000.0
711 32000.0
712 32000.0
713 40000.0
714 32000.0
715 40000.0
716 32000.0
717 32000.0
718 32000.0
719 32000.0
720 32000.0
721 32000.0
722 32000.0
723 32000.0
724 32000.0
725 40000.0
726 32000.0
727 40000.0
728 32000.0
729 32000.0
730 32000.0
731 32000.0
732 32000.0
733 32000.0
734 32000.0
735 32000.0
736 32000.0
737 40000.0
738 32000.0
739 40000.0
740 32000.0
741 32000.0
742 32000.0
743 32000.0
744 32000.0
745 32000.0
746 32000.0
747 32000.0
748 32000.0
749 40000.0
750 32000.0
751 40000.0
752 32000.0
753 32000.0
754 32000.0
755 32000.0
756 32000.0
757 32000.0
758 32000.0
759 32000.0
760 32000.0
761 40000.0
762 32000.0
763 40000.0
764 32000.0
765 32000.0
766 32000.0
767 32000.0
768 32000.0
769 32000.0
770 32000.0
771 32000.0
772 32000.0
773 40000.0
774 32000.0
775 40000.0
776 32000.0
777 32000.0
778 32000.0
779 32000.0
780 32000.0
781 32000.0
782 32000.0
783 32000.0
784 32000.0
785 40000.0
786 32000.0
787 40000.0
788 32000.0
789 32000.0
790 32000.0
791 32000.0
792 32000.0
793 32000.0
794 32000.0
795 32000.0
796 32000.0
797 40000.0
798 32000.0
799 40000.0
800 32000.0
801 32000.0
802 32000.0
803 32000.0
804 32000.0
805 32000.0
806 32000.0
807 32000.0
808 32000.0
809 40000.0
810 32000.0
811 40000.0
812 32000.0
813 32000.0
814 32000.0
815 32000.0
816 32000.0
817 32000.0
818 32000.0
819 32000.0
820 32000.0
821 40000.0
822 32000.0
823 40000.0
824 32000.0
825 32000.0
826 32000.0
827 32000.0
828 32000.0
829 32000.0
830 32000.0
831 32000.0
832 32000.0
833 40000.0
834 32000.0
835 40000.0
836 32000.0
837 32000.0
838 32000.0
839 32000.0
840 32000.0
841 32000.0
842 32000.0
843 32000.0
844 32000.0
845 40000.0
846 32000.0
847 40000.0
848 32000.0
849 32000.0
850 32000.0
851 32000.0
852 32000.0
853 32000.0
854 32000.0
855 32000.0
856 32000.0
857 40000.0
858 32000.0
859 40000.0
860 32000.0
861 32000.0
862 32000.0
863 32000.0
864 32000.0
865 32000.0
866 32000.0
867 32000.0
868 32000.0
869 40000.0
870 32000.0
871 40000.0
872 32000.0
873 32000.0
874 32000.0
875 32000.0
876 32000.0
877 32000.0
878 32000.0
879 32000.0
880 32000.0
881 40000.0
882 32000.0
883 40000.0
884 32000.0
885 32000.0
886 32000.0
887 32000.0
888 32000.0
889 32000.0
890 32000.0
891 32000.0
892 32000.0
893 40000.0
894 32000.0
895 40000.0
896 32000.0
897 32000.0
898 32000.0
899 32000.0
900 32000.0
901 32000.0
902 32000.0
903 32000.0
904 32000.0
905 40000.0
906 32000.0
907 40000.0
908 32000.0
909 32000.0
910 32000.0
911 32000.0
912 32000.0
913 32000.0
914 32000.0
915 32000.0
916 32000.0
917 40000.0
918 32000.0
919 40000.0
920 32000.0
921 32000.0
922 32000.0
923 32000.0
924 32000.0
925 32000.0
926 32000.0
927 32000.0
928 32000.0
929 40000.0
930 32000.0
931 40000.0
932 32000.0
933 32000.0
934 32000.0
935 32000.0
936 32000.0
937 32000.0
938 32000.0
939 32000.0
940 32000.0
941 40000.0
942 32000.0
943 40000.0
944 32000.0
945 32000.0
946 32000.0
947 32000.0
948 32000.0
949 32000.0
950 32000.0
951 32000.0
952 32000.0
953 40000.0
954 32000.0
955 40000.0
956 32000.0
957 32000.0
958 32000.0
959 32000.0
960 32000.0
961 32000.0
962 32000.0
963 32000.0
964 32000.0
965 40000.0
966 32000.0
967 40000.0
968 32000.0
969 32000.0
970 32000.0
971 32000.0
972 32000.0
973 32000.0
974 32000.0
975 32000.0
976 32000.0
977 40000.0
978 32000.0
979 40000.0
980 32000.0
981 32000.0
982 32000.0
983 32000.0
984 32000.0
985 32000.0
986 32000.0
987 32000.0
988 32000.0
989 40000.0
990 32000.0
991 40000.0
992 32000.0
993 32000.0
994 32000.0
995 32000.0
996 32000.0
997 32000.0
998 32000.0
999 32000.0
