0 0
1 40000
2 40000
3 16000
4 32000
5 40000
6 32000
7 40000
8 32000
9 32000
10 32000
11 32000
12 32000
13 32000
14 32000
15 32000
16 32000
17 40000
18 32000
19 40000
20 32000
21 32000
22 32000
23 32000
24 32000
25 32000
26 32000
27 32000
28 32000
29 40000
30 32000
31 40000
32 32000
33 32000
34 32000
35 32000
36 32000
37 32000
38 32000
39 32000
40 32000
41 40000
42 32000
43 40000
44 32000
45 32000
46 32000
47 32000
48 32000
49 32000
50 32000
51 32000
52 32000
53 40000
54 32000
55 40000
56 32000
57 32000
58 32000
59 32000
60 32000
61 32000
62 32000
63 32000
64 32000
65 40000
66 32000
67 40000
68 32000
69 32000
70 32000
71 32000
72 32000
73 32000
74 32000
75 32000
76 32000
77 40000
78 32000
79 40000
80 32000
81 32000
82 32000
83 32000
84 32000
85 32000
86 32000
87 32000
88 32000
89 40000
90 32000
91 40000
92 32000
93 32000
94 32000
95 32000
96 32000
97 32000
98 32000
99 32000
100 32000
101 40000
102 32000
103 40000
104 32000
105 32000
106 32000
107 32000
108 32000
109 32000
110 32000
111 32000
112 32000
113 40000
114 32000
115 40000
116 32000
117 32000
118 32000
119 32000
120 32000
121 32000
122 32000
123 32000
124 32000
125 40000
126 32000
127 40000
128 32000
129 32000
130 32000
131 32000
132 32000
133 32000
134 32000
135 32000
136 32000
137 40000
138 32000
139 40000
140 32000
141 32000
142 32000
143 32000
144 32000
145 32000
146 32000
147 32000
148 32000
149 40000
150 32000
151 40000
152 32000
153 32000
154 32000
155 32000
156 32000
157 32000
158 32000
159 32000
160 32000
161 40000
162 32000
163 40000
164 32000
165 32000
166 32000
167 32000
168 32000
169 32000
170 32000
171 32000
172 32000
173 40000
174 32000
175 40000
176 32000
177 32000
178 32000
179 32000
180 32000
181 32000
182 32000
183 32000
184 32000
185 40000
186 32000
187 40000
188 32000
189 32000
190 32000
191 32000
192 32000
193 32000
194 32000
195 32000
196 32000
197 40000
198 32000
199 40000
200 32000
201 32000
202 32000
203 32000
204 32000
205 32000
206 32000
207 32000
208 32000
209 40000
210 32000
211 40000
212 32000
213 32000
214 32000
215 32000
216 32000
217 32000
218 32000
219 32000
220 32000
221 40000
222 32000
223 40000
224 32000
225 32000
226 32000
227 32000
228 32000
229 32000
230 32000
231 32000
232 32000
233 40000
234 32000
235 40000
236 32000
237 32000
238 32000
239 32000
240 32000
241 32000
242 32000
243 32000
244 32000
245 40000
246 32000
247 40000
248 32000
249 32000
250 32000
251 32000
252 32000
253 32000
254 32000
255 32000
256 32000
257 40000
258 32000
259 40000
260 32000
261 32000
262 32000
263 32000
264 32000
265 32000
266 32000
267 32000
268 32000
269 40000
270 32000
271 40000
272 32000
273 32000
274 32000
275 32000
276 32000
277 32000
278 32000
279 32000
280 32000
281 40000
282 32000
283 40000
284 32000
285 32000
286 32000
287 32000
288 32000
289 32000
290 32000
291 32000
292 32000
293 40000
294 32000
295 40000
296 32000
297 32000
298 32000
299 32000
300 32000
301 32000
302 32000
303 32000
304 32000
305 40000
306 32000
307 40000
308 32000
309 32000
310 32000
311 32000
312 32000
313 32000
314 32000
315 32000
316 32000
317 40000
318 32000
319 40000
320 32000
321 32000
322 32000
323 32000
324 32000
325 32000
326 32000
327 32000
328 32000
329 40000
330 32000
331 40000
332 32000
333 32000
334 32000
335 32000
336 32000
337 32000
338 32000
339 32000
340 32000
341 40000
342 32000
343 40000
344 32000
345 32000
346 32000
347 32000
348 32000
349 32000
350 32000
351 32000
352 32000
353 40000
354 32000
355 40000
356 32000
357 32000
358 32000
359 32000
360 32000
361 32000
362 32000
363 32000
364 32000
365 40000
366 32000
367 40000
368 32000
369 32000
370 32000
371 32000
372 32000
373 32000
374 32000
375 32000
376 32000
377 40000
378 32000
379 40000
380 32000
381 32000
382 32000
383 32000
384 32000
385 32000
386 32000
387 32000
388 32000
389 40000
390 32000
391 40000
392 32000
393 32000
394 32000
395 32000
396 32000
397 32000
398 32000
399 32000
400 32000
401 40000
402 32000
403 40000
404 32000
405 32000
406 32000
407 32000
408 32000
409 32000
410 32000
411 32000
412 32000
413 40000
414 32000
415 40000
416 32000
417 32000
418 32000
419 32000
420 32000
421 32000
422 32000
423 32000
424 32000
425 40000
426 32000
427 40000
428 32000
429 32000
430 32000
431 32000
432 32000
433 32000
434 32000
435 32000
436 32000
437 40000
438 32000
439 40000
440 32000
441 32000
442 32000
443 32000
444 32000
445 32000
446 32000
447 32000
448 32000
449 40000
450 32000
451 40000
452 32000
453 32000
454 32000
455 32000
456 32000
457 32000
458 32000
459 32000
460 32000
461 40000
462 32000
463 40000
464 32000
465 32000
466 32000
467 32000
468 32000
469 32000
470 32000
471 32000
472 32000
473 40000
474 32000
475 40000
476 32000
477 32000
478 32000
479 32000
480 32000
481 32000
482 32000
483 32000
484 32000
485 40000
486 32000
487 40000
488 32000
489 32000
490 32000
491 32000
492 32000
493 32000
494 32000
495 32000
496 32000
497 40000
498 32000
499 40000
500 32000
501 32000
502 32000
503 32000
504 32000
505 32000
506 32000
507 32000
508 32000
509 40000
510 32000
511 40000
512 32000
513 32000
514 32000
515 32000
516 32000
517 32000
518 32000
519 32000
520 32000
521 40000
522 32000
523 40000
524 32000
525 32000
526 32000
527 32000
528 32000
529 32000
530 32000
531 32000
532 32000
533 40000
534 32000
535 40000
536 32000
537 32000
538 32000
539 32000
540 32000
541 32000
542 32000
543 32000
544 32000
545 40000
546 32000
547 40000
548 32000
549 32000
550 32000
551 32000
552 32000
553 32000
554 32000
555 32000
556 32000
557 40000
558 32000
559 40000
560 32000
561 32000
562 32000
563 32000
564 32000
565 32000
566 32000
567 32000
568 32000
569 40000
570 32000
571 40000
572 32000
573 32000
574 32000
575 32000
576 32000
577 32000
578 32000
579 32000
580 32000
581 40000
582 32000
583 40000
584 32000
585 32000
586 32000
587 32000
588 32000
589 32000
590 32000
591 32000
592 32000
593 40000
594 32000
595 40000
596 32000
597 32000
598 32000
599 32000
600 32000
601 32000
602 32000
603 32000
604 32000
605 40000
606 32000
607 40000
608 32000
609 32000
610 32000
611 32000
612 32000
613 32000
614 32000
615 32000
616 32000
617 40000
618 32000
619 40000
620 32000
621 32000
622 32000
623 32000
624 32000
625 32000
626 32000
627 32000
628 32000
629 40000
630 32000
631 40000
632 32000
633 32000
634 32000
635 32000
636 32000
637 32000
638 32000
639 32000
640 32000
641 40000
642 32000
643 40000
644 32000
645 32000
646 32000
647 32000
648 32000
649 32000
650 32000
651 32000
652 32000
653 40000
654 32000
655 40000
656 32000
657 32000
658 32000
659 32000
660 32000
661 32000
662 32000
663 32000
664 32000
665 40000
666 32000
667 40000
668 32000
669 32000
670 32000
671 32000
672 32000
673 32000
674 32000
675 32000
676 32000
677 40000
678 32000
679 40000
680 32000
681 32000
682 32000
683 32000
684 32000
685 32000
686 32000
687 32000
688 32000
689 40000
690 32000
691 40000
692 32000
693 32000
694 32000
695 32000
696 32000
697 32000
698 32000
699 32000
700 32000
701 40000
702 32000
703 40000
704 32000
705 32000
706 32000
707 32000
708 32000
709 32000
710 32000
711 32000
712 32000
713 40000
714 32000
715 40000
716 32000
717 32000
718 32000
719 32000
720 32000
721 32000
722 32000
723 32000
724 32000
725 40000
726 32000
727 40000
728 32000
729 32000
730 32000
731 32000
732 32000
733 32000
734 32000
735 32000
736 32000
737 40000
738 32000
739 40000
740 32000
741 32000
742 32000
743 32000
744 32000
745 32000
746 32000
747 32000
748 32000
749 40000
750 32000
751 40000
752 32000
753 32000
754 32000
755 32000
756 32000
757 32000
758 32000
759 32000
760 32000
761 40000
762 32000
763 40000
764 32000
765 32000
766 32000
767 32000
768 32000
769 32000
770 32000
771 32000
772 32000
773 40000
774 32000
775 40000
776 32000
777 32000
778 32000
779 32000
780 32000
781 32000
782 32000
783 32000
784 32000
785 40000
786 32000
787 40000
788 32000
789 32000
790 32000
791 32000
792 32000
793 32000
794 32000
795 32000
796 32000
797 40000
798 32000
799 40000
800 32000
801 32000
802 32000
803 32000
804 32000
805 32000
806 32000
807 32000
808 32000
809 40000
810 32000
811 40000
812 32000
813 32000
814 32000
815 32000
816 32000
817 32000
818 32000
819 32000
820 32000
821 40000
822 32000
823 40000
824 32000
825 32000
826 32000
827 32000
828 32000
829 32000
830 32000
831 32000
832 32000
833 40000
834 32000
835 40000
836 32000
837 32000
838 32000
839 32000
840 32000
841 32000
842 32000
843 32000
844 32000
845 40000
846 32000
847 40000
848 32000
849 32000
850 32000
851 32000
852 32000
853 32000
854 32000
855 32000
856 32000
857 40000
858 32000
859 40000
860 32000
861 32000
862 32000
863 32000
864 32000
865 32000
866 32000
867 32000
868 32000
869 40000
870 32000
871 40000
872 32000
873 32000
874 32000
875 32000
876 32000
877 32000
878 32000
879 32000
880 32000
881 40000
882 32000
883 40000
884 32000
885 32000
886 32000
887 32000
888 32000
889 32000
890 32000
891 32000
892 32000
893 40000
894 32000
895 40000
896 32000
897 32000
898 32000
899 32000
900 32000
901 32000
902 32000
903 32000
904 32000
905 40000
906 32000
907 40000
908 32000
909 32000
910 32000
911 32000
912 32000
913 32000
914 32000
915 32000
916 32000
917 40000
918 32000
919 40000
920 32000
921 32000
922 32000
923 32000
924 32000
925 32000
926 32000
927 32000
928 32000
929 40000
930 32000
931 40000
932 32000
933 32000
934 32000
935 32000
936 32000
937 32000
938 32000
939 32000
940 32000
941 40000
942 32000
943 40000
944 32000
945 32000
946 32000
947 32000
948 32000
949 32000
950 32000
951 32000
952 32000
953 40000
954 32000
955 40000
956 32000
957 32000
958 32000
959 32000
960 32000
961 32000
962 32000
963 32000
964 32000
965 40000
966 32000
967 40000
968 32000
969 32000
970 32000
971 32000
972 32000
973 32000
974 32000
975 32000
976 32000
977 40000
978 32000
979 40000
980 32000
981 32000
982 32000
983 32000
984 32000
985 32000
986 32000
987 32000
988 32000
989 40000
990 32000
991 40000
992 32000
993 32000
994 32000
995 32000
996 32000
997 32000
998 32000
999 32000
