0 0.0
1 25280.0
2 18909.090909090908
3 40087.27272727273
4 34792.72727272727
5 41600.0
6 31767.272727272728
7 36305.454545454544
8 74123.63636363637
9 45381.818181818184
10 29498.18181818182
11 37061.818181818184
12 74880.0
13 55970.90909090909
14 40843.63636363636
15 49163.63636363636
16 79418.18181818182
17 41600.0
18 44625.454545454544
19 51432.72727272727
20 77149.09090909091
21 50676.36363636364
22 35549.09090909091
23 43869.09090909091
24 76392.72727272728
25 51432.72727272727
26 43869.09090909091
27 51432.72727272727
28 78661.81818181818
29 45381.818181818184
30 41600.0
31 52189.09090909091
32 78661.81818181818
33 49920.0
34 37818.181818181816
35 52189.09090909091
36 66560.0
37 60509.09090909091
38 43112.72727272727
39 48407.27272727273
40 77905.45454545454
41 46138.181818181816
42 37061.818181818184
43 55214.545454545456
44 81687.27272727272
45 47650.90909090909
46 37061.818181818184
47 52189.09090909091
48 71098.18181818182
49 55970.90909090909
50 43112.72727272727
51 48407.27272727273
52 77905.45454545454
53 46138.181818181816
54 41600.0
55 50676.36363636364
56 81687.27272727272
57 47650.90909090909
58 37061.818181818184
59 52189.09090909091
60 74880.0
61 43869.09090909091
62 51432.72727272727
63 48407.27272727273
64 77149.09090909091
65 46138.181818181816
66 43112.72727272727
67 43869.09090909091
68 86981.81818181818
69 47650.90909090909
70 37061.818181818184
71 52189.09090909091
72 74880.0
73 49163.63636363636
74 46138.181818181816
75 48407.27272727273
76 77905.45454545454
77 46138.181818181816
78 43112.72727272727
79 49920.0
80 72610.90909090909
81 57483.63636363636
82 37061.818181818184
83 51432.72727272727
84 77905.45454545454
85 52189.09090909091
86 35549.09090909091
87 55214.545454545456
88 77149.09090909091
89 48407.27272727273
90 43112.72727272727
91 46894.545454545456
92 78661.81818181818
93 50676.36363636364
94 39330.90909090909
95 48407.27272727273
96 78661.81818181818
97 52189.09090909091
98 40843.63636363636
99 49163.63636363636
100 77149.09090909091
101 48407.27272727273
102 43112.72727272727
103 46894.545454545456
104 83200.0
105 46138.181818181816
106 39330.90909090909
107 48407.27272727273
108 78661.81818181818
109 52189.09090909091
110 44625.454545454544
111 37061.818181818184
112 85469.09090909091
113 48407.27272727273
114 43112.72727272727
115 46894.545454545456
116 84712.72727272728
117 38574.545454545456
118 45381.818181818184
119 48407.27272727273
120 78661.81818181818
121 51432.72727272727
122 44625.454545454544
123 42356.36363636364
124 80174.54545454546
125 48407.27272727273
126 43112.72727272727
127 46894.545454545456
128 84712.72727272728
129 43869.09090909091
130 30254.545454545456
131 59752.72727272727
132 80174.54545454546
133 50676.36363636364
134 44625.454545454544
135 45381.818181818184
136 68829.09090909091
137 58996.36363636364
138 55214.545454545456
139 34036.36363636364
140 83200.0
141 43869.09090909091
142 37061.818181818184
143 52189.09090909091
144 83200.0
145 49920.0
146 42356.36363636364
147 44625.454545454544
148 74123.63636363637
149 54458.181818181816
150 55214.545454545456
151 33280.0
152 83200.0
153 43869.09090909091
154 41600.0
155 47650.90909090909
156 83200.0
157 49920.0
158 42356.36363636364
159 44625.454545454544
160 77905.45454545454
161 42356.36363636364
162 63534.545454545456
163 33280.0
164 83200.0
165 43869.09090909091
166 43112.72727272727
167 40087.27272727273
168 89250.90909090909
169 49920.0
170 42356.36363636364
171 44625.454545454544
172 77905.45454545454
173 46894.545454545456
174 58996.36363636364
175 33280.0
176 83200.0
177 43869.09090909091
178 43112.72727272727
179 44625.454545454544
180 84712.72727272728
181 50676.36363636364
182 40087.27272727273
183 43112.72727272727
184 78661.81818181818
185 51432.72727272727
186 49163.63636363636
187 40843.63636363636
188 81687.27272727272
189 46138.181818181816
190 55214.545454545456
191 28741.81818181818
192 89250.90909090909
193 50676.36363636364
194 38574.545454545456
195 43869.09090909091
196 78661.81818181818
197 52945.454545454544
198 44625.454545454544
199 42356.36363636364
200 82443.63636363637
201 45381.818181818184
202 55214.545454545456
203 31767.272727272728
204 80930.90909090909
205 55970.90909090909
206 38574.545454545456
207 43869.09090909091
208 78661.81818181818
209 52945.454545454544
210 49920.0
211 37061.818181818184
212 82443.63636363637
213 46138.181818181816
214 55214.545454545456
215 31767.272727272728
216 85469.09090909091
217 41600.0
218 48407.27272727273
219 43869.09090909091
220 78661.81818181818
221 52945.454545454544
222 52945.454545454544
223 26472.727272727272
224 90007.27272727272
225 46138.181818181816
226 55214.545454545456
227 31767.272727272728
228 86225.45454545454
229 45381.818181818184
230 43869.09090909091
231 43869.09090909091
232 78661.81818181818
233 52945.454545454544
234 53701.818181818184
235 30254.545454545456
236 86225.45454545454
237 46894.545454545456
238 55970.90909090909
239 32523.636363636364
240 85469.09090909091
241 48407.27272727273
242 52189.09090909091
243 31010.909090909092
244 83956.36363636363
245 51432.72727272727
246 56727.27272727273
247 27229.090909090908
248 74880.0
249 56727.27272727273
250 52945.454545454544
251 32523.636363636364
252 88494.54545454546
253 47650.90909090909
254 44625.454545454544
255 36305.454545454544
256 83956.36363636363
257 51432.72727272727
258 56727.27272727273
259 27229.090909090908
260 79418.18181818182
261 52189.09090909091
262 50676.36363636364
263 31010.909090909092
264 87738.18181818182
265 47650.90909090909
266 50676.36363636364
267 24203.636363636364
268 90007.27272727272
269 51432.72727272727
270 55970.90909090909
271 26472.727272727272
272 83200.0
273 46138.181818181816
274 55214.545454545456
275 32523.636363636364
276 88494.54545454546
277 47650.90909090909
278 50676.36363636364
279 30254.545454545456
280 74880.0
281 60509.09090909091
282 56727.27272727273
283 27229.090909090908
284 83200.0
285 48407.27272727273
286 46894.545454545456
287 40087.27272727273
288 87738.18181818182
289 48407.27272727273
290 52189.09090909091
291 34036.36363636364
292 74880.0
293 58240.0
294 53701.818181818184
295 26472.727272727272
296 83200.0
297 50676.36363636364
298 55214.545454545456
299 28741.81818181818
300 90007.27272727272
301 45381.818181818184
302 52189.09090909091
303 57483.63636363636
304 58996.36363636364
305 43112.72727272727
306 61265.454545454544
307 26472.727272727272
308 83956.36363636363
309 50676.36363636364
310 56727.27272727273
311 21178.18181818182
312 96058.18181818182
313 45381.818181818184
314 52189.09090909091
315 57483.63636363636
316 58996.36363636364
317 47650.90909090909
318 56727.27272727273
319 26472.727272727272
320 83956.36363636363
321 50676.36363636364
322 56727.27272727273
323 25716.363636363636
324 91520.0
325 45381.818181818184
326 52189.09090909091
327 57483.63636363636
328 58240.0
329 43869.09090909091
330 60509.09090909091
331 26472.727272727272
332 83956.36363636363
333 50676.36363636364
334 56727.27272727273
335 23447.272727272728
336 93789.09090909091
337 46138.181818181816
338 52189.09090909091
339 58240.0
340 60509.09090909091
341 47650.90909090909
342 56727.27272727273
343 30254.545454545456
344 80174.54545454546
345 51432.72727272727
346 55214.545454545456
347 26472.727272727272
348 81687.27272727272
349 54458.181818181816
350 58240.0
351 51432.72727272727
352 63534.545454545456
353 46894.545454545456
354 47650.90909090909
355 60509.09090909091
356 58996.36363636364
357 49163.63636363636
358 55214.545454545456
359 25716.363636363636
360 86225.45454545454
361 49920.0
362 58240.0
363 51432.72727272727
364 63534.545454545456
365 46894.545454545456
366 52189.09090909091
367 55970.90909090909
368 58996.36363636364
369 49163.63636363636
370 55214.545454545456
371 25716.363636363636
372 90763.63636363637
373 36305.454545454544
374 67316.36363636363
375 51432.72727272727
376 63534.545454545456
377 46894.545454545456
378 54458.181818181816
379 46894.545454545456
380 65803.63636363637
381 49163.63636363636
382 55214.545454545456
383 25716.363636363636
384 90763.63636363637
385 40843.63636363636
386 62778.181818181816
387 51432.72727272727
388 63534.545454545456
389 46894.545454545456
390 54458.181818181816
391 51432.72727272727
392 62778.181818181816
393 49163.63636363636
394 54458.181818181816
395 31767.272727272728
396 84712.72727272728
397 45381.818181818184
398 49163.63636363636
399 61265.454545454544
400 68072.72727272728
401 42356.36363636364
402 54458.181818181816
403 55970.90909090909
404 53701.818181818184
405 55970.90909090909
406 51432.72727272727
407 55214.545454545456
408 61265.454545454544
409 45381.818181818184
410 52945.454545454544
411 56727.27272727273
412 68072.72727272728
413 42356.36363636364
414 54458.181818181816
415 55970.90909090909
416 58240.0
417 51432.72727272727
418 51432.72727272727
419 55214.545454545456
420 61265.454545454544
421 45381.818181818184
422 57483.63636363636
423 43112.72727272727
424 77149.09090909091
425 42356.36363636364
426 54458.181818181816
427 55970.90909090909
428 60509.09090909091
429 42356.36363636364
430 58240.0
431 55214.545454545456
432 61265.454545454544
433 45381.818181818184
434 57483.63636363636
435 47650.90909090909
436 72610.90909090909
437 42356.36363636364
438 54458.181818181816
439 55970.90909090909
440 60509.09090909091
441 47650.90909090909
442 53701.818181818184
443 54458.181818181816
444 63534.545454545456
445 43869.09090909091
446 58240.0
447 52945.454545454544
448 59752.72727272727
449 49163.63636363636
450 54458.181818181816
451 53701.818181818184
452 64290.90909090909
453 44625.454545454544
454 48407.27272727273
455 60509.09090909091
456 60509.09090909091
457 42356.36363636364
458 56727.27272727273
459 53701.818181818184
460 69585.45454545454
461 31767.272727272728
462 63534.545454545456
463 55214.545454545456
464 65047.27272727273
465 44625.454545454544
466 51432.72727272727
467 51432.72727272727
468 66560.0
469 42356.36363636364
470 58240.0
471 53701.818181818184
472 69585.45454545454
473 36305.454545454544
474 58996.36363636364
475 55214.545454545456
476 65047.27272727273
477 44625.454545454544
478 51432.72727272727
479 55970.90909090909
480 62021.818181818184
481 42356.36363636364
482 58240.0
483 52189.09090909091
484 69585.45454545454
485 40087.27272727273
486 48407.27272727273
487 62021.818181818184
488 65047.27272727273
489 44625.454545454544
490 51432.72727272727
491 57483.63636363636
492 55970.90909090909
493 46894.545454545456
494 58240.0
495 61265.454545454544
496 63534.545454545456
497 40087.27272727273
498 52189.09090909091
499 58996.36363636364
500 66560.0
501 42356.36363636364
502 52189.09090909091
503 58996.36363636364
504 59752.72727272727
505 34036.36363636364
506 64290.90909090909
507 71854.54545454546
508 53701.818181818184
509 39330.90909090909
510 54458.181818181816
511 48407.27272727273
512 77149.09090909091
513 40087.27272727273
514 51432.72727272727
515 59752.72727272727
516 54458.181818181816
517 47650.90909090909
518 54458.181818181816
519 71854.54545454546
520 53701.818181818184
521 39330.90909090909
522 53701.818181818184
523 46894.545454545456
524 79418.18181818182
525 40087.27272727273
526 51432.72727272727
527 59752.72727272727
528 59752.72727272727
529 35549.09090909091
530 62021.818181818184
531 71854.54545454546
532 53701.818181818184
533 39330.90909090909
534 54458.181818181816
535 50676.36363636364
536 74880.0
537 40087.27272727273
538 51432.72727272727
539 59752.72727272727
540 59752.72727272727
541 40087.27272727273
542 57483.63636363636
543 71854.54545454546
544 53701.818181818184
545 39330.90909090909
546 54458.181818181816
547 62778.181818181816
548 54458.181818181816
549 49920.0
550 52945.454545454544
551 58996.36363636364
552 60509.09090909091
553 43869.09090909091
554 44625.454545454544
555 83956.36363636363
556 50676.36363636364
557 37061.818181818184
558 55214.545454545456
559 69585.45454545454
560 51432.72727272727
561 45381.818181818184
562 52189.09090909091
563 58996.36363636364
564 60509.09090909091
565 44625.454545454544
566 48407.27272727273
567 80174.54545454546
568 49920.0
569 37061.818181818184
570 55214.545454545456
571 69585.45454545454
572 55970.90909090909
573 40843.63636363636
574 52189.09090909091
575 58996.36363636364
576 59752.72727272727
577 44625.454545454544
578 52189.09090909091
579 68829.09090909091
580 57483.63636363636
581 37061.818181818184
582 55214.545454545456
583 69585.45454545454
584 57483.63636363636
585 34036.36363636364
586 57483.63636363636
587 58996.36363636364
588 60509.09090909091
589 44625.454545454544
590 52189.09090909091
591 73367.27272727272
592 52945.454545454544
593 37061.818181818184
594 55214.545454545456
595 69585.45454545454
596 57483.63636363636
597 39330.90909090909
598 42356.36363636364
599 76392.72727272728
600 54458.181818181816
601 44625.454545454544
602 52945.454545454544
603 76392.72727272728
604 40843.63636363636
605 47650.90909090909
606 52189.09090909091
607 75636.36363636363
608 53701.818181818184
609 38574.545454545456
610 45381.818181818184
611 77905.45454545454
612 51432.72727272727
613 43869.09090909091
614 49920.0
615 79418.18181818182
616 43112.72727272727
617 43112.72727272727
618 51432.72727272727
619 77149.09090909091
620 52189.09090909091
621 38574.545454545456
622 49920.0
623 73367.27272727272
624 51432.72727272727
625 43869.09090909091
626 49920.0
627 79418.18181818182
628 46894.545454545456
629 31010.909090909092
630 59752.72727272727
631 77149.09090909091
632 52189.09090909091
633 38574.545454545456
634 51432.72727272727
635 65803.63636363637
636 57483.63636363636
637 43112.72727272727
638 46894.545454545456
639 78661.81818181818
640 46894.545454545456
641 39330.90909090909
642 43112.72727272727
643 85469.09090909091
644 52189.09090909091
645 37818.181818181816
646 51432.72727272727
647 71854.54545454546
648 46138.181818181816
649 49163.63636363636
650 50676.36363636364
651 78661.81818181818
652 46894.545454545456
653 40843.63636363636
654 48407.27272727273
655 82443.63636363637
656 49920.0
657 37818.181818181816
658 52189.09090909091
659 74123.63636363637
660 51432.72727272727
661 44625.454545454544
662 48407.27272727273
663 77905.45454545454
664 46138.181818181816
665 43112.72727272727
666 49163.63636363636
667 73367.27272727272
668 55970.90909090909
669 36305.454545454544
670 51432.72727272727
671 74880.0
672 52189.09090909091
673 38574.545454545456
674 52945.454545454544
675 77905.45454545454
676 46138.181818181816
677 43112.72727272727
678 49163.63636363636
679 79418.18181818182
680 49920.0
681 37061.818181818184
682 52189.09090909091
683 74880.0
684 52189.09090909091
685 43112.72727272727
686 39330.90909090909
687 86981.81818181818
688 46138.181818181816
689 43112.72727272727
690 49163.63636363636
691 81687.27272727272
692 40843.63636363636
693 43869.09090909091
694 52189.09090909091
695 74880.0
696 52189.09090909091
697 43112.72727272727
698 43869.09090909091
699 82443.63636363637
700 46138.181818181816
701 43112.72727272727
702 49920.0
703 78661.81818181818
704 49920.0
705 37818.181818181816
706 51432.72727272727
707 77905.45454545454
708 49920.0
709 46138.181818181816
710 39330.90909090909
711 83956.36363636363
712 49163.63636363636
713 43112.72727272727
714 46894.545454545456
715 84712.72727272728
716 39330.90909090909
717 44625.454545454544
718 48407.27272727273
719 78661.81818181818
720 52189.09090909091
721 44625.454545454544
722 42356.36363636364
723 80174.54545454546
724 48407.27272727273
725 43112.72727272727
726 46894.545454545456
727 84712.72727272728
728 43869.09090909091
729 30254.545454545456
730 58240.0
731 78661.81818181818
732 52189.09090909091
733 44625.454545454544
734 45381.818181818184
735 69585.45454545454
736 55970.90909090909
737 43112.72727272727
738 46894.545454545456
739 84712.72727272728
740 44625.454545454544
741 34036.36363636364
742 53701.818181818184
743 78661.81818181818
744 52189.09090909091
745 44625.454545454544
746 45381.818181818184
747 74123.63636363637
748 51432.72727272727
749 43112.72727272727
750 46894.545454545456
751 84712.72727272728
752 44625.454545454544
753 38574.545454545456
754 40087.27272727273
755 89250.90909090909
756 51432.72727272727
757 45381.818181818184
758 45381.818181818184
759 77149.09090909091
760 40087.27272727273
761 65803.63636363637
762 34036.36363636364
763 82443.63636363637
764 43869.09090909091
765 43112.72727272727
766 40843.63636363636
767 88494.54545454546
768 49920.0
769 42356.36363636364
770 44625.454545454544
771 77905.45454545454
772 47650.90909090909
773 58240.0
774 33280.0
775 83200.0
776 43869.09090909091
777 43112.72727272727
778 45381.818181818184
779 74123.63636363637
780 59752.72727272727
781 42356.36363636364
782 44625.454545454544
783 77905.45454545454
784 50676.36363636364
785 47650.90909090909
786 40843.63636363636
787 83200.0
788 43869.09090909091
789 43112.72727272727
790 46138.181818181816
791 77905.45454545454
792 55214.545454545456
793 42356.36363636364
794 44625.454545454544
795 77905.45454545454
796 50676.36363636364
797 52189.09090909091
798 36305.454545454544
799 83200.0
800 43869.09090909091
801 43112.72727272727
802 46138.181818181816
803 82443.63636363637
804 40843.63636363636
805 52945.454545454544
806 43869.09090909091
807 78661.81818181818
808 50676.36363636364
809 55970.90909090909
810 26472.727272727272
811 90007.27272727272
812 43869.09090909091
813 57483.63636363636
814 32523.636363636364
815 85469.09090909091
816 45381.818181818184
817 44625.454545454544
818 43869.09090909091
819 78661.81818181818
820 52945.454545454544
821 52945.454545454544
822 30254.545454545456
823 86225.45454545454
824 44625.454545454544
825 52945.454545454544
826 31010.909090909092
827 86225.45454545454
828 50676.36363636364
829 32523.636363636364
830 49920.0
831 78661.81818181818
832 52189.09090909091
833 52189.09090909091
834 34036.36363636364
835 80174.54545454546
836 48407.27272727273
837 55214.545454545456
838 31767.272727272728
839 86225.45454545454
840 50676.36363636364
841 38574.545454545456
842 34792.72727272727
843 87738.18181818182
844 52945.454545454544
845 52945.454545454544
846 34036.36363636364
847 82443.63636363637
848 39330.90909090909
849 62021.818181818184
850 31767.272727272728
851 86225.45454545454
852 50676.36363636364
853 38574.545454545456
854 39330.90909090909
855 83200.0
856 52945.454545454544
857 52945.454545454544
858 32523.636363636364
859 83200.0
860 45381.818181818184
861 57483.63636363636
862 32523.636363636364
863 85469.09090909091
864 49920.0
865 50676.36363636364
866 31010.909090909092
867 74880.0
868 60509.09090909091
869 56727.27272727273
870 27229.090909090908
871 83200.0
872 48407.27272727273
873 46894.545454545456
874 38574.545454545456
875 88494.54545454546
876 47650.90909090909
877 50676.36363636364
878 30254.545454545456
879 80174.54545454546
880 55214.545454545456
881 56727.27272727273
882 27229.090909090908
883 83200.0
884 48407.27272727273
885 51432.72727272727
886 34036.36363636364
887 88494.54545454546
888 47650.90909090909
889 50676.36363636364
890 29498.18181818182
891 76392.72727272728
892 58996.36363636364
893 56727.27272727273
894 27229.090909090908
895 83200.0
896 48407.27272727273
897 49163.63636363636
898 36305.454545454544
899 88494.54545454546
900 47650.90909090909
901 50676.36363636364
902 30254.545454545456
903 82443.63636363637
904 52945.454545454544
905 56727.27272727273
906 27229.090909090908
907 83200.0
908 48407.27272727273
909 53701.818181818184
910 24203.636363636364
911 96058.18181818182
912 48407.27272727273
913 52945.454545454544
914 34036.36363636364
915 80174.54545454546
916 43869.09090909091
917 62778.181818181816
918 27229.090909090908
919 83200.0
920 51432.72727272727
921 56727.27272727273
922 22690.909090909092
923 94545.45454545454
924 45381.818181818184
925 52189.09090909091
926 57483.63636363636
927 58996.36363636364
928 49163.63636363636
929 55214.545454545456
930 26472.727272727272
931 83956.36363636363
932 50676.36363636364
933 56727.27272727273
934 27229.090909090908
935 80930.90909090909
936 54458.181818181816
937 52189.09090909091
938 57483.63636363636
939 58996.36363636364
940 51432.72727272727
941 46138.181818181816
942 33280.0
943 83956.36363636363
944 50676.36363636364
945 56727.27272727273
946 27229.090909090908
947 85469.09090909091
948 49920.0
949 52189.09090909091
950 57483.63636363636
951 58240.0
952 51432.72727272727
953 51432.72727272727
954 27985.454545454544
955 83956.36363636363
956 50676.36363636364
957 56727.27272727273
958 27229.090909090908
959 90007.27272727272
960 37061.818181818184
961 61265.454545454544
962 57483.63636363636
963 59752.72727272727
964 50676.36363636364
965 55214.545454545456
966 23447.272727272728
967 86981.81818181818
968 49163.63636363636
969 57483.63636363636
970 26472.727272727272
971 90007.27272727272
972 41600.0
973 62778.181818181816
974 51432.72727272727
975 63534.545454545456
976 46894.545454545456
977 54458.181818181816
978 51432.72727272727
979 61265.454545454544
980 49163.63636363636
981 55214.545454545456
982 25716.363636363636
983 90763.63636363637
984 45381.818181818184
985 49163.63636363636
986 60509.09090909091
987 63534.545454545456
988 46894.545454545456
989 54458.181818181816
990 53701.818181818184
991 52189.09090909091
992 55970.90909090909
993 55214.545454545456
994 25716.363636363636
995 90763.63636363637
996 45381.818181818184
997 53701.818181818184
998 55970.90909090909
999 63534.545454545456
