0 0
1 25280
2 16640
3 58240
4 41600
5 49920
6 66560
7 83200
8 83200
9 91520
10 74880
11 116480
12 99840
13 99840
14 91520
15 91520
16 99840
17 41600
18 158080
19 99840
20 99840
21 99840
22 99840
23 66560
24 133120
25 99840
26 99840
27 99840
28 99840
29 91520
30 116480
31 99840
32 99840
33 99840
34 99840
35 99840
36 8320
37 191360
38 99840
39 99840
40 99840
41 99840
42 33280
43 166400
44 99840
45 99840
46 99840
47 99840
48 58240
49 141440
50 99840
51 99840
52 99840
53 99840
54 83200
55 116480
56 99840
57 99840
58 99840
59 99840
60 99840
61 8320
62 191360
63 99840
64 91520
65 99840
66 99840
67 41600
68 158080
69 99840
70 99840
71 99840
72 99840
73 66560
74 133120
75 99840
76 99840
77 99840
78 99840
79 91520
80 0
81 216320
82 99840
83 99840
84 99840
85 99840
86 8320
87 191360
88 99840
89 99840
90 99840
91 99840
92 33280
93 166400
94 99840
95 99840
96 99840
97 99840
98 58240
99 141440
100 99840
101 99840
102 99840
103 99840
104 83200
105 116480
106 99840
107 99840
108 99840
109 99840
110 99840
111 8320
112 191360
113 99840
114 99840
115 99840
116 99840
117 33280
118 166400
119 99840
120 99840
121 91520
122 99840
123 66560
124 133120
125 99840
126 99840
127 99840
128 99840
129 91520
130 0
131 208000
132 99840
133 108160
134 99840
135 99840
136 8320
137 191360
138 99840
139 99840
140 99840
141 99840
142 33280
143 166400
144 99840
145 99840
146 99840
147 99840
148 58240
149 141440
150 99840
151 99840
152 99840
153 99840
154 83200
155 116480
156 99840
157 99840
158 99840
159 99840
160 99840
161 8320
162 191360
163 99840
164 99840
165 99840
166 99840
167 33280
168 166400
169 99840
170 99840
171 99840
172 99840
173 58240
174 141440
175 99840
176 99840
177 99840
178 99840
179 83200
180 116480
181 99840
182 74880
183 91520
184 99840
185 108160
186 33280
187 166400
188 99840
189 99840
190 99840
191 58240
192 133120
193 99840
194 99840
195 99840
196 99840
197 99840
198 8320
199 191360
200 99840
201 91520
202 99840
203 99840
204 41600
205 158080
206 99840
207 99840
208 99840
209 99840
210 66560
211 133120
212 99840
213 99840
214 99840
215 99840
216 91520
217 0
218 208000
219 99840
220 99840
221 99840
222 99840
223 16640
224 183040
225 99840
226 99840
227 99840
228 99840
229 41600
230 158080
231 99840
232 99840
233 99840
234 99840
235 66560
236 133120
237 108160
238 99840
239 99840
240 99840
241 83200
242 116480
243 99840
244 99840
245 99840
246 99840
247 99840
248 8320
249 191360
250 99840
251 99840
252 99840
253 99840
254 33280
255 166400
256 99840
257 99840
258 99840
259 99840
260 58240
261 141440
262 74880
263 83200
264 91520
265 99840
266 99840
267 33280
268 166400
269 99840
270 91520
271 91520
272 99840
273 74880
274 124800
275 99840
276 99840
277 99840
278 99840
279 99840
280 0
281 199680
282 99840
283 99840
284 99840
285 99840
286 24960
287 174720
288 99840
289 108160
290 99840
291 99840
292 41600
293 158080
294 99840
295 91520
296 91520
297 99840
298 83200
299 116480
300 99840
301 99840
302 99840
303 99840
304 99840
305 8320
306 191360
307 99840
308 99840
309 99840
310 99840
311 33280
312 166400
313 99840
314 99840
315 99840
316 99840
317 58240
318 141440
319 99840
320 99840
321 99840
322 99840
323 83200
324 116480
325 99840
326 99840
327 99840
328 91520
329 16640
330 183040
331 99840
332 99840
333 99840
334 99840
335 58240
336 141440
337 99840
338 99840
339 99840
340 99840
341 83200
342 124800
343 99840
344 99840
345 99840
346 99840
347 99840
348 0
349 199680
350 99840
351 99840
352 99840
353 99840
354 24960
355 174720
356 99840
357 99840
358 99840
359 99840
360 49920
361 149760
362 99840
363 99840
364 99840
365 99840
366 74880
367 124800
368 99840
369 99840
370 99840
371 99840
372 99840
373 0
374 199680
375 99840
376 99840
377 99840
378 99840
379 24960
380 174720
381 99840
382 99840
383 99840
384 99840
385 49920
386 149760
387 99840
388 99840
389 91520
390 99840
391 83200
392 116480
393 108160
394 99840
395 99840
396 99840
397 99840
398 0
399 199680
400 99840
401 99840
402 99840
403 99840
404 24960
405 174720
406 99840
407 99840
408 99840
409 99840
410 49920
411 149760
412 99840
413 99840
414 99840
415 99840
416 74880
417 124800
418 99840
419 99840
420 99840
421 99840
422 99840
423 0
424 199680
425 99840
426 99840
427 99840
428 99840
429 24960
430 174720
431 99840
432 99840
433 99840
434 99840
435 49920
436 149760
437 99840
438 99840
439 99840
440 99840
441 74880
442 124800
443 99840
444 99840
445 108160
446 99840
447 91520
448 0
449 199680
450 83200
451 83200
452 91520
453 99840
454 66560
455 133120
456 99840
457 99840
458 83200
459 99840
460 99840
461 8320
462 191360
463 99840
464 99840
465 99840
466 99840
467 33280
468 166400
469 99840
470 99840
471 99840
472 99840
473 58240
474 141440
475 99840
476 99840
477 99840
478 99840
479 83200
480 116480
481 99840
482 99840
483 83200
484 99840
485 99840
486 24960
487 174720
488 99840
489 99840
490 99840
491 99840
492 49920
493 149760
494 99840
495 99840
496 99840
497 108160
498 66560
499 133120
500 99840
501 99840
502 99840
503 99840
504 91520
505 0
506 208000
507 99840
508 99840
509 99840
510 99840
511 16640
512 183040
513 99840
514 99840
515 99840
516 41600
517 149760
518 99840
519 99840
520 99840
521 99840
522 91520
523 0
524 208000
525 99840
526 99840
527 99840
528 99840
529 16640
530 183040
531 99840
532 99840
533 99840
534 99840
535 41600
536 158080
537 99840
538 99840
539 99840
540 99840
541 66560
542 133120
543 99840
544 99840
545 99840
546 99840
547 91520
548 0
549 216320
550 99840
551 99840
552 99840
553 99840
554 8320
555 191360
556 99840
557 99840
558 99840
559 99840
560 33280
561 166400
562 99840
563 99840
564 99840
565 99840
566 58240
567 141440
568 99840
569 99840
570 99840
571 99840
572 83200
573 116480
574 99840
575 99840
576 91520
577 99840
578 99840
579 16640
580 183040
581 99840
582 99840
583 99840
584 99840
585 41600
586 158080
587 99840
588 99840
589 99840
590 99840
591 66560
592 133120
593 99840
594 99840
595 99840
596 99840
597 91520
598 0
599 208000
600 99840
601 108160
602 99840
603 99840
604 8320
605 191360
606 99840
607 99840
608 99840
609 99840
610 33280
611 166400
612 99840
613 99840
614 99840
615 99840
616 58240
617 141440
618 99840
619 99840
620 99840
621 99840
622 83200
623 116480
624 99840
625 99840
626 99840
627 99840
628 99840
629 8320
630 191360
631 99840
632 99840
633 99840
634 99840
635 33280
636 166400
637 91520
638 66560
639 91520
640 99840
641 99840
642 8320
643 191360
644 99840
645 91520
646 99840
647 99840
648 41600
649 158080
650 99840
651 99840
652 99840
653 108160
654 58240
655 141440
656 99840
657 99840
658 99840
659 99840
660 83200
661 116480
662 99840
663 99840
664 99840
665 99840
666 99840
667 8320
668 191360
669 91520
670 91520
671 99840
672 99840
673 49920
674 149760
675 99840
676 99840
677 99840
678 99840
679 74880
680 124800
681 99840
682 99840
683 99840
684 99840
685 99840
686 0
687 199680
688 99840
689 99840
690 99840
691 99840
692 24960
693 174720
694 99840
695 99840
696 99840
697 99840
698 49920
699 149760
700 99840
701 99840
702 99840
703 74880
704 116480
705 108160
706 99840
707 99840
708 99840
709 99840
710 16640
711 183040
712 99840
713 99840
714 99840
715 99840
716 41600
717 158080
718 99840
719 99840
720 99840
721 99840
722 66560
723 133120
724 99840
725 99840
726 99840
727 99840
728 91520
729 0
730 208000
731 99840
732 99840
733 99840
734 99840
735 16640
736 183040
737 99840
738 99840
739 99840
740 99840
741 41600
742 158080
743 99840
744 99840
745 99840
746 99840
747 66560
748 133120
749 99840
750 99840
751 99840
752 99840
753 91520
754 0
755 208000
756 99840
757 108160
758 99840
759 99840
760 8320
761 191360
762 99840
763 91520
764 99840
765 99840
766 41600
767 158080
768 99840
769 99840
770 99840
771 99840
772 66560
773 133120
774 99840
775 99840
776 99840
777 99840
778 91520
779 0
780 208000
781 99840
782 99840
783 99840
784 99840
785 16640
786 183040
787 99840
788 99840
789 99840
790 99840
791 41600
792 158080
793 99840
794 99840
795 99840
796 99840
797 66560
798 133120
799 99840
800 99840
801 99840
802 99840
803 91520
804 0
805 208000
806 99840
807 99840
808 99840
809 108160
810 8320
811 191360
812 99840
813 99840
814 99840
815 99840
816 33280
817 166400
818 99840
819 99840
820 99840
821 99840
822 58240
823 141440
824 83200
825 74880
826 91520
827 99840
828 99840
829 33280
830 166400
831 99840
832 91520
833 91520
834 99840
835 74880
836 124800
837 99840
838 99840
839 99840
840 99840
841 99840
842 0
843 199680
844 99840
845 99840
846 99840
847 99840
848 24960
849 174720
850 99840
851 99840
852 99840
853 99840
854 49920
855 149760
856 99840
857 91520
858 91520
859 99840
860 91520
861 116480
862 99840
863 99840
864 99840
865 99840
866 99840
867 8320
868 191360
869 99840
870 99840
871 99840
872 99840
873 33280
874 166400
875 99840
876 99840
877 99840
878 99840
879 58240
880 141440
881 99840
882 99840
883 99840
884 99840
885 83200
886 116480
887 99840
888 99840
889 99840
890 91520
891 16640
892 183040
893 99840
894 99840
895 99840
896 99840
897 58240
898 141440
899 99840
900 99840
901 99840
902 99840
903 83200
904 116480
905 99840
906 99840
907 99840
908 99840
909 99840
910 8320
911 191360
912 99840
913 108160
914 99840
915 99840
916 24960
917 174720
918 99840
919 99840
920 99840
921 99840
922 49920
923 149760
924 99840
925 99840
926 99840
927 99840
928 74880
929 124800
930 99840
931 99840
932 99840
933 99840
934 99840
935 0
936 199680
937 99840
938 99840
939 99840
940 99840
941 24960
942 174720
943 99840
944 99840
945 99840
946 99840
947 49920
948 149760
949 99840
950 99840
951 91520
952 99840
953 83200
954 116480
955 99840
956 99840
957 99840
958 99840
959 99840
960 8320
961 191360
962 99840
963 99840
964 99840
965 108160
966 24960
967 174720
968 99840
969 99840
970 99840
971 99840
972 49920
973 149760
974 99840
975 99840
976 99840
977 99840
978 74880
979 124800
980 99840
981 99840
982 99840
983 99840
984 99840
985 0
986 199680
987 99840
988 99840
989 99840
990 99840
991 24960
992 174720
993 99840
994 99840
995 99840
996 99840
997 49920
998 149760
999 99840
