0 0
1 25280
2 16640
3 33280
4 24960
5 33280
6 16640
7 0
8 66560
9 49920
10 41600
11 0
12 83200
13 33280
14 49920
15 41600
16 66560
17 58240
18 41600
19 33280
20 74880
21 33280
22 41600
23 0
24 74880
25 49920
26 41600
27 41600
28 66560
29 58240
30 41600
31 33280
32 74880
33 41600
34 58240
35 24960
36 74880
37 41600
38 41600
39 41600
40 66560
41 58240
42 41600
43 33280
44 74880
45 49920
46 49920
47 24960
48 74880
49 41600
50 41600
51 41600
52 66560
53 58240
54 41600
55 33280
56 74880
57 49920
58 49920
59 24960
60 74880
61 41600
62 41600
63 41600
64 66560
65 58240
66 41600
67 33280
68 74880
69 49920
70 49920
71 24960
72 74880
73 41600
74 41600
75 41600
76 66560
77 58240
78 41600
79 33280
80 74880
81 49920
82 49920
83 24960
84 74880
85 41600
86 41600
87 41600
88 74880
89 49920
90 41600
91 33280
92 74880
93 58240
94 41600
95 24960
96 83200
97 33280
98 49920
99 33280
100 74880
101 49920
102 41600
103 33280
104 74880
105 58240
106 41600
107 24960
108 83200
109 33280
110 49920
111 33280
112 74880
113 49920
114 41600
115 33280
116 74880
117 58240
118 41600
119 24960
120 83200
121 33280
122 49920
123 33280
124 74880
125 49920
126 41600
127 33280
128 74880
129 58240
130 41600
131 24960
132 83200
133 33280
134 49920
135 33280
136 74880
137 49920
138 41600
139 33280
140 74880
141 58240
142 41600
143 24960
144 83200
145 33280
146 58240
147 24960
148 83200
149 41600
150 41600
151 33280
152 74880
153 58240
154 41600
155 24960
156 83200
157 33280
158 58240
159 24960
160 83200
161 41600
162 41600
163 33280
164 74880
165 58240
166 41600
167 24960
168 83200
169 33280
170 58240
171 24960
172 83200
173 41600
174 41600
175 33280
176 74880
177 58240
178 41600
179 24960
180 83200
181 33280
182 58240
183 24960
184 83200
185 41600
186 41600
187 33280
188 74880
189 58240
190 41600
191 24960
192 83200
193 41600
194 58240
195 16640
196 91520
197 33280
198 49920
199 24960
200 83200
201 49920
202 41600
203 24960
204 83200
205 41600
206 58240
207 16640
208 91520
209 33280
210 49920
211 24960
212 83200
213 49920
214 41600
215 24960
216 83200
217 41600
218 58240
219 16640
220 91520
221 33280
222 49920
223 24960
224 83200
225 49920
226 41600
227 24960
228 83200
229 41600
230 58240
231 16640
232 91520
233 33280
234 49920
235 24960
236 83200
237 49920
238 41600
239 24960
240 83200
241 41600
242 58240
243 16640
244 91520
245 33280
246 58240
247 16640
248 91520
249 41600
250 41600
251 24960
252 83200
253 49920
254 58240
255 8320
256 91520
257 33280
258 58240
259 16640
260 91520
261 41600
262 41600
263 24960
264 83200
265 49920
266 58240
267 8320
268 91520
269 33280
270 58240
271 16640
272 91520
273 41600
274 41600
275 24960
276 83200
277 49920
278 58240
279 8320
280 91520
281 33280
282 58240
283 16640
284 91520
285 41600
286 41600
287 24960
288 83200
289 49920
290 58240
291 8320
292 91520
293 33280
294 58240
295 16640
296 99840
297 33280
298 49920
299 16640
300 83200
301 58240
302 58240
303 0
304 91520
305 41600
306 58240
307 8320
308 99840
309 33280
310 49920
311 16640
312 83200
313 58240
314 58240
315 0
316 91520
317 41600
318 58240
319 8320
320 99840
321 33280
322 49920
323 16640
324 83200
325 58240
326 58240
327 0
328 91520
329 41600
330 58240
331 8320
332 99840
333 33280
334 49920
335 16640
336 83200
337 58240
338 58240
339 0
340 91520
341 41600
342 58240
343 8320
344 99840
345 33280
346 49920
347 16640
348 91520
349 58240
350 49920
351 0
352 91520
353 49920
354 58240
355 0
356 99840
357 33280
358 58240
359 8320
360 91520
361 58240
362 49920
363 0
364 91520
365 49920
366 58240
367 0
368 99840
369 33280
370 58240
371 8320
372 91520
373 58240
374 49920
375 0
376 91520
377 49920
378 58240
379 0
380 99840
381 33280
382 58240
383 8320
384 91520
385 58240
386 49920
387 0
388 91520
389 49920
390 58240
391 0
392 99840
393 33280
394 58240
395 8320
396 91520
397 58240
398 49920
399 0
400 91520
401 58240
402 49920
403 0
404 99840
405 41600
406 58240
407 0
408 99840
409 58240
410 41600
411 0
412 91520
413 58240
414 49920
415 0
416 99840
417 41600
418 58240
419 0
420 99840
421 58240
422 41600
423 0
424 91520
425 58240
426 49920
427 0
428 99840
429 41600
430 58240
431 0
432 99840
433 58240
434 41600
435 0
436 91520
437 58240
438 49920
439 0
440 99840
441 41600
442 58240
443 0
444 99840
445 58240
446 41600
447 0
448 91520
449 58240
450 49920
451 0
452 99840
453 49920
454 49920
455 0
456 108160
457 49920
458 41600
459 0
460 99840
461 58240
462 41600
463 0
464 99840
465 49920
466 49920
467 0
468 108160
469 49920
470 41600
471 0
472 99840
473 58240
474 41600
475 0
476 99840
477 49920
478 49920
479 0
480 108160
481 49920
482 41600
483 0
484 99840
485 58240
486 41600
487 0
488 99840
489 49920
490 49920
491 0
492 108160
493 49920
494 41600
495 0
496 99840
497 58240
498 41600
499 0
500 99840
501 49920
502 49920
503 0
504 116480
505 41600
506 41600
507 66560
508 41600
509 58240
510 33280
511 0
512 99840
513 58240
514 41600
515 0
516 116480
517 41600
518 41600
519 66560
520 41600
521 58240
522 33280
523 0
524 99840
525 58240
526 41600
527 0
528 116480
529 41600
530 41600
531 66560
532 41600
533 58240
534 33280
535 0
536 99840
537 58240
538 41600
539 0
540 116480
541 41600
542 41600
543 66560
544 41600
545 58240
546 33280
547 0
548 99840
549 58240
550 41600
551 0
552 116480
553 41600
554 41600
555 66560
556 49920
557 49920
558 33280
559 66560
560 41600
561 58240
562 33280
563 0
564 116480
565 41600
566 41600
567 66560
568 49920
569 49920
570 33280
571 66560
572 41600
573 58240
574 33280
575 0
576 116480
577 41600
578 41600
579 66560
580 49920
581 49920
582 33280
583 66560
584 41600
585 58240
586 33280
587 0
588 116480
589 41600
590 41600
591 66560
592 49920
593 49920
594 33280
595 66560
596 41600
597 58240
598 33280
599 0
600 116480
601 41600
602 41600
603 66560
604 49920
605 49920
606 33280
607 66560
608 49920
609 58240
610 24960
611 66560
612 49920
613 41600
614 41600
615 66560
616 58240
617 41600
618 33280
619 74880
620 41600
621 58240
622 24960
623 66560
624 49920
625 41600
626 41600
627 66560
628 58240
629 41600
630 33280
631 74880
632 41600
633 58240
634 24960
635 66560
636 49920
637 41600
638 41600
639 66560
640 58240
641 41600
642 33280
643 74880
644 41600
645 58240
646 24960
647 66560
648 49920
649 41600
650 41600
651 66560
652 58240
653 41600
654 33280
655 74880
656 41600
657 58240
658 24960
659 66560
660 49920
661 41600
662 41600
663 66560
664 58240
665 41600
666 33280
667 74880
668 49920
669 49920
670 24960
671 74880
672 41600
673 41600
674 41600
675 66560
676 58240
677 41600
678 33280
679 74880
680 49920
681 49920
682 24960
683 74880
684 41600
685 41600
686 41600
687 66560
688 58240
689 41600
690 33280
691 74880
692 49920
693 49920
694 24960
695 74880
696 41600
697 41600
698 41600
699 66560
700 58240
701 41600
702 33280
703 74880
704 49920
705 49920
706 24960
707 74880
708 41600
709 41600
710 41600
711 66560
712 58240
713 41600
714 33280
715 74880
716 58240
717 41600
718 24960
719 83200
720 33280
721 49920
722 33280
723 74880
724 49920
725 41600
726 33280
727 74880
728 58240
729 41600
730 24960
731 83200
732 33280
733 49920
734 33280
735 74880
736 49920
737 41600
738 33280
739 74880
740 58240
741 41600
742 24960
743 83200
744 33280
745 49920
746 33280
747 74880
748 49920
749 41600
750 33280
751 74880
752 58240
753 41600
754 24960
755 83200
756 33280
757 49920
758 33280
759 74880
760 49920
761 41600
762 33280
763 74880
764 58240
765 41600
766 24960
767 83200
768 33280
769 58240
770 24960
771 83200
772 41600
773 41600
774 33280
775 74880
776 58240
777 41600
778 24960
779 83200
780 33280
781 58240
782 24960
783 83200
784 41600
785 41600
786 33280
787 74880
788 58240
789 41600
790 24960
791 83200
792 33280
793 58240
794 24960
795 83200
796 41600
797 41600
798 33280
799 74880
800 58240
801 41600
802 24960
803 83200
804 33280
805 58240
806 24960
807 83200
808 41600
809 41600
810 33280
811 74880
812 58240
813 41600
814 24960
815 83200
816 41600
817 58240
818 16640
819 91520
820 33280
821 49920
822 24960
823 83200
824 49920
825 41600
826 24960
827 83200
828 41600
829 58240
830 16640
831 91520
832 33280
833 49920
834 24960
835 83200
836 49920
837 41600
838 24960
839 83200
840 41600
841 58240
842 16640
843 91520
844 33280
845 49920
846 24960
847 83200
848 49920
849 41600
850 24960
851 83200
852 41600
853 58240
854 16640
855 91520
856 33280
857 49920
858 24960
859 83200
860 49920
861 41600
862 24960
863 83200
864 41600
865 58240
866 16640
867 91520
868 33280
869 58240
870 16640
871 91520
872 41600
873 41600
874 24960
875 83200
876 49920
877 58240
878 8320
879 91520
880 33280
881 58240
882 16640
883 91520
884 41600
885 41600
886 24960
887 83200
888 49920
889 58240
890 8320
891 91520
892 33280
893 58240
894 16640
895 91520
896 41600
897 41600
898 24960
899 83200
900 49920
901 58240
902 8320
903 91520
904 33280
905 58240
906 16640
907 91520
908 41600
909 41600
910 24960
911 83200
912 49920
913 58240
914 8320
915 91520
916 33280
917 58240
918 16640
919 91520
920 41600
921 49920
922 16640
923 83200
924 58240
925 58240
926 0
927 91520
928 41600
929 58240
930 8320
931 99840
932 33280
933 49920
934 16640
935 83200
936 58240
937 58240
938 0
939 91520
940 41600
941 58240
942 8320
943 99840
944 33280
945 49920
946 16640
947 83200
948 58240
949 58240
950 0
951 91520
952 41600
953 58240
954 8320
955 99840
956 33280
957 49920
958 16640
959 83200
960 58240
961 58240
962 0
963 91520
964 41600
965 58240
966 8320
967 99840
968 33280
969 49920
970 16640
971 83200
972 66560
973 49920
974 0
975 91520
976 49920
977 58240
978 0
979 99840
980 33280
981 58240
982 8320
983 91520
984 58240
985 49920
986 0
987 91520
988 49920
989 58240
990 0
991 99840
992 33280
993 58240
994 8320
995 91520
996 58240
997 49920
998 0
999 91520
