0 0
1 25280
2 24960
3 33280
4 58240
5 58240
6 0
7 91520
8 49920
9 58240
10 0
11 91520
12 41600
13 58240
14 8320
15 83200
16 66560
17 49920
18 0
19 91520
20 49920
21 58240
22 0
23 91520
24 41600
25 58240
26 8320
27 83200
28 74880
29 41600
30 0
31 91520
32 58240
33 49920
34 0
35 99840
36 41600
37 58240
38 0
39 91520
40 66560
41 41600
42 0
43 91520
44 58240
45 49920
46 0
47 99840
48 41600
49 58240
50 0
51 91520
52 66560
53 41600
54 0
55 91520
56 58240
57 49920
58 0
59 99840
60 41600
61 58240
62 0
63 91520
64 66560
65 41600
66 0
67 91520
68 58240
69 49920
70 0
71 99840
72 41600
73 58240
74 0
75 91520
76 66560
77 41600
78 0
79 91520
80 66560
81 41600
82 0
83 99840
84 49920
85 49920
86 0
87 99840
88 58240
89 41600
90 0
91 91520
92 66560
93 41600
94 0
95 99840
96 49920
97 49920
98 0
99 99840
100 58240
101 41600
102 0
103 91520
104 66560
105 41600
106 0
107 99840
108 49920
109 49920
110 0
111 99840
112 58240
113 41600
114 0
115 91520
116 66560
117 41600
118 0
119 99840
120 49920
121 49920
122 0
123 99840
124 58240
125 41600
126 0
127 91520
128 66560
129 41600
130 0
131 99840
132 58240
133 41600
134 0
135 108160
136 49920
137 41600
138 0
139 99840
140 66560
141 33280
142 0
143 99840
144 58240
145 41600
146 0
147 108160
148 49920
149 41600
150 0
151 99840
152 66560
153 33280
154 0
155 99840
156 58240
157 41600
158 0
159 108160
160 49920
161 41600
162 0
163 99840
164 66560
165 33280
166 0
167 99840
168 58240
169 41600
170 0
171 108160
172 49920
173 41600
174 0
175 99840
176 66560
177 33280
178 0
179 99840
180 58240
181 41600
182 0
183 108160
184 49920
185 41600
186 0
187 108160
188 58240
189 33280
190 0
191 99840
192 66560
193 33280
194 0
195 116480
196 41600
197 41600
198 0
199 108160
200 58240
201 33280
202 0
203 99840
204 66560
205 33280
206 0
207 116480
208 41600
209 41600
210 0
211 108160
212 58240
213 33280
214 0
215 99840
216 66560
217 33280
218 0
219 116480
220 41600
221 41600
222 0
223 108160
224 58240
225 33280
226 0
227 99840
228 66560
229 33280
230 0
231 116480
232 41600
233 41600
234 0
235 108160
236 58240
237 33280
238 0
239 108160
240 66560
241 24960
242 0
243 116480
244 41600
245 41600
246 66560
247 49920
248 49920
249 33280
250 0
251 108160
252 66560
253 24960
254 0
255 116480
256 41600
257 41600
258 66560
259 49920
260 49920
261 33280
262 0
263 108160
264 66560
265 24960
266 0
267 116480
268 41600
269 41600
270 66560
271 49920
272 49920
273 33280
274 0
275 108160
276 66560
277 24960
278 0
279 116480
280 41600
281 41600
282 66560
283 49920
284 49920
285 33280
286 0
287 108160
288 66560
289 24960
290 0
291 116480
292 41600
293 41600
294 66560
295 58240
296 41600
297 33280
298 66560
299 49920
300 58240
301 24960
302 0
303 116480
304 41600
305 41600
306 66560
307 58240
308 41600
309 33280
310 66560
311 49920
312 58240
313 24960
314 0
315 116480
316 41600
317 41600
318 66560
319 58240
320 41600
321 33280
322 66560
323 49920
324 58240
325 24960
326 0
327 116480
328 41600
329 41600
330 66560
331 58240
332 41600
333 33280
334 66560
335 49920
336 58240
337 24960
338 0
339 116480
340 49920
341 33280
342 66560
343 58240
344 41600
345 33280
346 74880
347 49920
348 49920
349 24960
350 66560
351 49920
352 49920
353 33280
354 66560
355 58240
356 41600
357 33280
358 74880
359 49920
360 49920
361 24960
362 66560
363 49920
364 49920
365 33280
366 66560
367 58240
368 41600
369 33280
370 74880
371 49920
372 49920
373 24960
374 66560
375 49920
376 49920
377 33280
378 66560
379 58240
380 41600
381 33280
382 74880
383 49920
384 49920
385 24960
386 66560
387 49920
388 49920
389 33280
390 66560
391 58240
392 41600
393 33280
394 74880
395 58240
396 41600
397 24960
398 74880
399 41600
400 58240
401 24960
402 66560
403 58240
404 41600
405 33280
406 74880
407 58240
408 41600
409 24960
410 74880
411 41600
412 58240
413 24960
414 66560
415 58240
416 41600
417 33280
418 74880
419 58240
420 41600
421 24960
422 74880
423 41600
424 58240
425 24960
426 66560
427 58240
428 41600
429 33280
430 74880
431 58240
432 41600
433 24960
434 74880
435 41600
436 58240
437 24960
438 66560
439 58240
440 41600
441 33280
442 74880
443 58240
444 41600
445 24960
446 83200
447 41600
448 58240
449 16640
450 74880
451 49920
452 49920
453 24960
454 74880
455 58240
456 41600
457 24960
458 83200
459 41600
460 58240
461 16640
462 74880
463 49920
464 49920
465 24960
466 74880
467 58240
468 41600
469 24960
470 83200
471 41600
472 58240
473 16640
474 74880
475 49920
476 49920
477 24960
478 74880
479 58240
480 41600
481 24960
482 83200
483 41600
484 58240
485 16640
486 74880
487 49920
488 49920
489 24960
490 74880
491 58240
492 41600
493 24960
494 83200
495 41600
496 66560
497 8320
498 83200
499 41600
500 58240
501 16640
502 74880
503 58240
504 41600
505 24960
506 83200
507 49920
508 58240
509 8320
510 83200
511 41600
512 58240
513 16640
514 74880
515 58240
516 41600
517 24960
518 83200
519 49920
520 58240
521 8320
522 83200
523 41600
524 58240
525 16640
526 74880
527 58240
528 41600
529 24960
530 83200
531 49920
532 58240
533 8320
534 83200
535 41600
536 58240
537 16640
538 74880
539 58240
540 41600
541 24960
542 83200
543 49920
544 58240
545 8320
546 83200
547 41600
548 66560
549 8320
550 83200
551 49920
552 49920
553 16640
554 83200
555 58240
556 58240
557 0
558 91520
559 41600
560 58240
561 8320
562 83200
563 49920
564 49920
565 16640
566 83200
567 58240
568 58240
569 0
570 91520
571 41600
572 58240
573 8320
574 83200
575 49920
576 49920
577 16640
578 83200
579 58240
580 58240
581 0
582 91520
583 41600
584 58240
585 8320
586 83200
587 49920
588 49920
589 16640
590 83200
591 58240
592 58240
593 0
594 91520
595 41600
596 58240
597 8320
598 83200
599 49920
600 58240
601 8320
602 83200
603 66560
604 49920
605 0
606 91520
607 49920
608 58240
609 0
610 91520
611 41600
612 58240
613 8320
614 83200
615 66560
616 49920
617 0
618 91520
619 49920
620 58240
621 0
622 91520
623 41600
624 58240
625 8320
626 83200
627 66560
628 49920
629 0
630 91520
631 49920
632 58240
633 0
634 91520
635 41600
636 58240
637 8320
638 83200
639 66560
640 49920
641 0
642 91520
643 49920
644 58240
645 0
646 91520
647 41600
648 58240
649 8320
650 83200
651 66560
652 49920
653 0
654 91520
655 58240
656 49920
657 0
658 99840
659 41600
660 58240
661 0
662 91520
663 66560
664 41600
665 0
666 91520
667 58240
668 49920
669 0
670 99840
671 41600
672 58240
673 0
674 91520
675 66560
676 41600
677 0
678 91520
679 58240
680 49920
681 0
682 99840
683 41600
684 58240
685 0
686 91520
687 66560
688 41600
689 0
690 91520
691 58240
692 49920
693 0
694 99840
695 41600
696 58240
697 0
698 91520
699 66560
700 41600
701 0
702 91520
703 58240
704 49920
705 0
706 99840
707 49920
708 49920
709 0
710 99840
711 58240
712 41600
713 0
714 91520
715 66560
716 41600
717 0
718 99840
719 49920
720 49920
721 0
722 99840
723 58240
724 41600
725 0
726 91520
727 66560
728 41600
729 0
730 99840
731 49920
732 49920
733 0
734 99840
735 58240
736 41600
737 0
738 91520
739 66560
740 41600
741 0
742 99840
743 49920
744 49920
745 0
746 99840
747 58240
748 41600
749 0
750 91520
751 66560
752 41600
753 0
754 99840
755 49920
756 49920
757 0
758 108160
759 49920
760 41600
761 0
762 99840
763 66560
764 33280
765 0
766 99840
767 58240
768 41600
769 0
770 108160
771 49920
772 41600
773 0
774 99840
775 66560
776 33280
777 0
778 99840
779 58240
780 41600
781 0
782 108160
783 49920
784 41600
785 0
786 99840
787 66560
788 33280
789 0
790 99840
791 58240
792 41600
793 0
794 108160
795 49920
796 41600
797 0
798 99840
799 66560
800 33280
801 0
802 99840
803 58240
804 41600
805 0
806 108160
807 49920
808 41600
809 0
810 108160
811 58240
812 33280
813 0
814 99840
815 66560
816 33280
817 0
818 116480
819 41600
820 41600
821 0
822 108160
823 58240
824 33280
825 0
826 99840
827 66560
828 33280
829 0
830 116480
831 41600
832 41600
833 0
834 108160
835 58240
836 33280
837 0
838 99840
839 66560
840 33280
841 0
842 116480
843 41600
844 41600
845 0
846 108160
847 58240
848 33280
849 0
850 99840
851 66560
852 33280
853 0
854 116480
855 41600
856 41600
857 0
858 108160
859 58240
860 33280
861 0
862 108160
863 66560
864 24960
865 0
866 116480
867 41600
868 41600
869 66560
870 49920
871 49920
872 33280
873 0
874 108160
875 66560
876 24960
877 0
878 116480
879 41600
880 41600
881 66560
882 49920
883 49920
884 33280
885 0
886 108160
887 66560
888 24960
889 0
890 116480
891 41600
892 41600
893 66560
894 49920
895 49920
896 33280
897 0
898 108160
899 66560
900 24960
901 0
902 116480
903 41600
904 41600
905 66560
906 49920
907 49920
908 33280
909 0
910 108160
911 66560
912 24960
913 0
914 116480
915 41600
916 41600
917 66560
918 58240
919 41600
920 33280
921 66560
922 49920
923 58240
924 24960
925 0
926 116480
927 41600
928 41600
929 66560
930 58240
931 41600
932 33280
933 66560
934 49920
935 58240
936 24960
937 0
938 116480
939 41600
940 41600
941 66560
942 58240
943 41600
944 33280
945 66560
946 49920
947 58240
948 24960
949 0
950 116480
951 41600
952 41600
953 66560
954 58240
955 41600
956 33280
957 66560
958 49920
959 58240
960 24960
961 0
962 116480
963 41600
964 41600
965 66560
966 58240
967 41600
968 33280
969 74880
970 49920
971 49920
972 24960
973 66560
974 49920
975 49920
976 33280
977 66560
978 58240
979 41600
980 33280
981 74880
982 49920
983 49920
984 24960
985 66560
986 49920
987 49920
988 33280
989 66560
990 58240
991 41600
992 33280
993 74880
994 49920
995 49920
996 24960
997 66560
998 49920
999 49920
