0 0
1 25280
2 16640
3 33280
4 33280
5 33280
6 49920
7 8320
8 83200
9 33280
10 33280
11 0
12 83200
13 58240
14 49920
15 16640
16 91520
17 33280
18 49920
19 24960
20 83200
21 49920
22 41600
23 24960
24 83200
25 41600
26 58240
27 16640
28 91520
29 33280
30 58240
31 16640
32 91520
33 41600
34 41600
35 24960
36 83200
37 49920
38 58240
39 8320
40 91520
41 33280
42 58240
43 16640
44 91520
45 41600
46 41600
47 24960
48 83200
49 49920
50 58240
51 8320
52 91520
53 33280
54 58240
55 16640
56 91520
57 41600
58 41600
59 24960
60 83200
61 49920
62 58240
63 8320
64 91520
65 33280
66 58240
67 16640
68 91520
69 41600
70 41600
71 24960
72 83200
73 49920
74 58240
75 8320
76 91520
77 33280
78 58240
79 16640
80 99840
81 33280
82 49920
83 16640
84 83200
85 58240
86 58240
87 0
88 91520
89 41600
90 58240
91 8320
92 99840
93 33280
94 49920
95 16640
96 83200
97 58240
98 58240
99 0
100 91520
101 41600
102 58240
103 8320
104 99840
105 33280
106 49920
107 16640
108 83200
109 58240
110 58240
111 0
112 91520
113 41600
114 58240
115 8320
116 99840
117 33280
118 49920
119 16640
120 83200
121 58240
122 58240
123 0
124 91520
125 41600
126 58240
127 8320
128 99840
129 33280
130 49920
131 16640
132 91520
133 58240
134 49920
135 0
136 91520
137 49920
138 58240
139 0
140 99840
141 33280
142 58240
143 8320
144 91520
145 58240
146 49920
147 0
148 91520
149 49920
150 58240
151 0
152 99840
153 33280
154 58240
155 8320
156 91520
157 58240
158 49920
159 0
160 91520
161 49920
162 58240
163 0
164 99840
165 33280
166 58240
167 8320
168 91520
169 58240
170 49920
171 0
172 91520
173 49920
174 58240
175 0
176 99840
177 33280
178 58240
179 8320
180 91520
181 58240
182 49920
183 0
184 91520
185 58240
186 49920
187 0
188 99840
189 41600
190 58240
191 0
192 99840
193 58240
194 41600
195 0
196 91520
197 58240
198 49920
199 0
200 99840
201 41600
202 58240
203 0
204 99840
205 58240
206 41600
207 0
208 91520
209 58240
210 49920
211 0
212 99840
213 41600
214 58240
215 0
216 99840
217 58240
218 41600
219 0
220 91520
221 58240
222 49920
223 0
224 99840
225 41600
226 58240
227 0
228 99840
229 58240
230 41600
231 0
232 91520
233 58240
234 49920
235 0
236 99840
237 49920
238 49920
239 0
240 108160
241 49920
242 41600
243 0
244 99840
245 58240
246 41600
247 0
248 99840
249 49920
250 49920
251 0
252 108160
253 49920
254 41600
255 0
256 99840
257 58240
258 41600
259 0
260 99840
261 49920
262 49920
263 0
264 108160
265 49920
266 41600
267 0
268 99840
269 58240
270 41600
271 0
272 99840
273 49920
274 49920
275 0
276 108160
277 49920
278 41600
279 0
280 99840
281 58240
282 41600
283 0
284 99840
285 49920
286 49920
287 0
288 116480
289 41600
290 41600
291 66560
292 41600
293 58240
294 33280
295 0
296 99840
297 58240
298 41600
299 0
300 116480
301 41600
302 41600
303 66560
304 41600
305 58240
306 33280
307 0
308 99840
309 58240
310 41600
311 0
312 116480
313 41600
314 41600
315 66560
316 41600
317 58240
318 33280
319 0
320 99840
321 58240
322 41600
323 0
324 116480
325 41600
326 41600
327 66560
328 41600
329 58240
330 33280
331 0
332 99840
333 58240
334 41600
335 0
336 116480
337 41600
338 41600
339 66560
340 49920
341 49920
342 33280
343 66560
344 41600
345 58240
346 33280
347 0
348 116480
349 41600
350 41600
351 66560
352 49920
353 49920
354 33280
355 66560
356 41600
357 58240
358 33280
359 0
360 116480
361 41600
362 41600
363 66560
364 49920
365 49920
366 33280
367 66560
368 41600
369 58240
370 33280
371 0
372 116480
373 41600
374 41600
375 66560
376 49920
377 49920
378 33280
379 66560
380 41600
381 58240
382 33280
383 0
384 116480
385 41600
386 41600
387 66560
388 49920
389 49920
390 33280
391 66560
392 49920
393 58240
394 24960
395 66560
396 49920
397 41600
398 41600
399 66560
400 58240
401 41600
402 33280
403 74880
404 41600
405 58240
406 24960
407 66560
408 49920
409 41600
410 41600
411 66560
412 58240
413 41600
414 33280
415 74880
416 41600
417 58240
418 24960
419 66560
420 49920
421 41600
422 41600
423 66560
424 58240
425 41600
426 33280
427 74880
428 41600
429 58240
430 24960
431 66560
432 49920
433 41600
434 41600
435 66560
436 58240
437 41600
438 33280
439 74880
440 41600
441 58240
442 24960
443 66560
444 49920
445 41600
446 41600
447 66560
448 58240
449 41600
450 33280
451 74880
452 49920
453 49920
454 24960
455 74880
456 41600
457 41600
458 41600
459 66560
460 58240
461 41600
462 33280
463 74880
464 49920
465 49920
466 24960
467 74880
468 41600
469 41600
470 41600
471 66560
472 58240
473 41600
474 33280
475 74880
476 49920
477 49920
478 24960
479 74880
480 41600
481 41600
482 41600
483 66560
484 58240
485 41600
486 33280
487 74880
488 49920
489 49920
490 24960
491 74880
492 41600
493 41600
494 41600
495 66560
496 58240
497 41600
498 33280
499 74880
500 58240
501 41600
502 24960
503 83200
504 33280
505 49920
506 33280
507 74880
508 49920
509 41600
510 33280
511 74880
512 58240
513 41600
514 24960
515 83200
516 33280
517 49920
518 33280
519 74880
520 49920
521 41600
522 33280
523 74880
524 58240
525 41600
526 24960
527 83200
528 33280
529 49920
530 33280
531 74880
532 49920
533 41600
534 33280
535 74880
536 58240
537 41600
538 24960
539 83200
540 33280
541 49920
542 33280
543 74880
544 49920
545 41600
546 33280
547 74880
548 58240
549 41600
550 24960
551 83200
552 33280
553 58240
554 24960
555 83200
556 41600
557 41600
558 33280
559 74880
560 58240
561 41600
562 24960
563 83200
564 33280
565 58240
566 24960
567 83200
568 41600
569 41600
570 33280
571 74880
572 58240
573 41600
574 24960
575 83200
576 33280
577 58240
578 24960
579 83200
580 41600
581 41600
582 33280
583 74880
584 58240
585 41600
586 24960
587 83200
588 33280
589 58240
590 24960
591 83200
592 41600
593 41600
594 33280
595 74880
596 58240
597 41600
598 24960
599 83200
600 41600
601 58240
602 16640
603 91520
604 33280
605 49920
606 24960
607 83200
608 49920
609 41600
610 24960
611 83200
612 41600
613 58240
614 16640
615 91520
616 33280
617 49920
618 24960
619 83200
620 49920
621 41600
622 24960
623 83200
624 41600
625 58240
626 16640
627 91520
628 33280
629 49920
630 24960
631 83200
632 49920
633 41600
634 24960
635 83200
636 41600
637 58240
638 16640
639 91520
640 33280
641 49920
642 24960
643 83200
644 49920
645 41600
646 24960
647 83200
648 41600
649 58240
650 16640
651 91520
652 33280
653 58240
654 16640
655 91520
656 41600
657 41600
658 24960
659 83200
660 49920
661 58240
662 8320
663 91520
664 33280
665 58240
666 16640
667 91520
668 41600
669 41600
670 24960
671 83200
672 49920
673 58240
674 8320
675 91520
676 33280
677 58240
678 16640
679 91520
680 41600
681 41600
682 24960
683 83200
684 49920
685 58240
686 8320
687 91520
688 33280
689 58240
690 16640
691 91520
692 41600
693 41600
694 24960
695 83200
696 49920
697 58240
698 8320
699 91520
700 33280
701 58240
702 16640
703 91520
704 41600
705 49920
706 16640
707 83200
708 58240
709 58240
710 0
711 91520
712 41600
713 58240
714 8320
715 99840
716 33280
717 49920
718 16640
719 83200
720 58240
721 58240
722 0
723 91520
724 41600
725 58240
726 8320
727 99840
728 33280
729 49920
730 16640
731 83200
732 58240
733 58240
734 0
735 91520
736 41600
737 58240
738 8320
739 99840
740 33280
741 49920
742 16640
743 83200
744 58240
745 58240
746 0
747 91520
748 41600
749 58240
750 8320
751 99840
752 33280
753 49920
754 16640
755 83200
756 66560
757 49920
758 0
759 91520
760 49920
761 58240
762 0
763 99840
764 33280
765 58240
766 8320
767 91520
768 58240
769 49920
770 0
771 91520
772 49920
773 58240
774 0
775 99840
776 33280
777 58240
778 8320
779 91520
780 58240
781 49920
782 0
783 91520
784 49920
785 58240
786 0
787 99840
788 33280
789 58240
790 8320
791 91520
792 58240
793 49920
794 0
795 91520
796 49920
797 58240
798 0
799 99840
800 33280
801 58240
802 8320
803 91520
804 58240
805 49920
806 0
807 91520
808 58240
809 49920
810 0
811 99840
812 41600
813 58240
814 0
815 99840
816 58240
817 41600
818 0
819 91520
820 58240
821 49920
822 0
823 99840
824 41600
825 58240
826 0
827 99840
828 58240
829 41600
830 0
831 91520
832 58240
833 49920
834 0
835 99840
836 41600
837 58240
838 0
839 99840
840 58240
841 41600
842 0
843 91520
844 58240
845 49920
846 0
847 99840
848 41600
849 58240
850 0
851 99840
852 58240
853 41600
854 0
855 91520
856 58240
857 49920
858 0
859 99840
860 49920
861 49920
862 0
863 108160
864 49920
865 41600
866 0
867 99840
868 58240
869 41600
870 0
871 99840
872 49920
873 49920
874 0
875 108160
876 49920
877 41600
878 0
879 99840
880 58240
881 41600
882 0
883 99840
884 49920
885 49920
886 0
887 108160
888 49920
889 41600
890 0
891 99840
892 58240
893 41600
894 0
895 99840
896 49920
897 49920
898 0
899 108160
900 49920
901 41600
902 0
903 99840
904 58240
905 41600
906 0
907 99840
908 49920
909 49920
910 0
911 108160
912 49920
913 41600
914 66560
915 41600
916 58240
917 33280
918 0
919 99840
920 58240
921 41600
922 0
923 116480
924 41600
925 41600
926 66560
927 41600
928 58240
929 33280
930 0
931 99840
932 58240
933 41600
934 0
935 116480
936 41600
937 41600
938 66560
939 41600
940 58240
941 33280
942 0
943 99840
944 58240
945 41600
946 0
947 116480
948 41600
949 41600
950 66560
951 41600
952 58240
953 33280
954 0
955 99840
956 58240
957 41600
958 0
959 116480
960 41600
961 41600
962 66560
963 41600
964 58240
965 33280
966 66560
967 41600
968 58240
969 33280
970 0
971 116480
972 41600
973 41600
974 66560
975 49920
976 49920
977 33280
978 66560
979 41600
980 58240
981 33280
982 0
983 116480
984 41600
985 41600
986 66560
987 49920
988 49920
989 33280
990 66560
991 41600
992 58240
993 33280
994 0
995 116480
996 41600
997 41600
998 66560
999 49920
