0 0
1 25280
2 24960
3 58240
4 33280
5 58240
6 0
7 91520
8 66560
9 41600
10 0
11 99840
12 49920
13 49920
14 0
15 99840
16 58240
17 41600
18 0
19 91520
20 66560
21 41600
22 0
23 99840
24 49920
25 49920
26 0
27 108160
28 49920
29 41600
30 0
31 99840
32 66560
33 33280
34 0
35 99840
36 58240
37 41600
38 0
39 108160
40 49920
41 41600
42 0
43 99840
44 66560
45 33280
46 0
47 99840
48 58240
49 41600
50 0
51 108160
52 49920
53 41600
54 0
55 99840
56 66560
57 33280
58 0
59 99840
60 58240
61 41600
62 0
63 108160
64 49920
65 41600
66 0
67 99840
68 66560
69 33280
70 0
71 99840
72 58240
73 41600
74 0
75 108160
76 49920
77 41600
78 0
79 108160
80 58240
81 33280
82 0
83 99840
84 66560
85 33280
86 0
87 116480
88 41600
89 41600
90 0
91 108160
92 58240
93 33280
94 0
95 99840
96 66560
97 33280
98 0
99 116480
100 41600
101 41600
102 0
103 108160
104 58240
105 33280
106 0
107 99840
108 66560
109 33280
110 0
111 116480
112 41600
113 41600
114 0
115 108160
116 58240
117 33280
118 0
119 99840
120 66560
121 33280
122 0
123 116480
124 41600
125 41600
126 0
127 108160
128 58240
129 33280
130 0
131 108160
132 66560
133 24960
134 0
135 116480
136 41600
137 41600
138 66560
139 49920
140 49920
141 33280
142 0
143 108160
144 66560
145 24960
146 0
147 116480
148 41600
149 41600
150 66560
151 49920
152 49920
153 33280
154 0
155 108160
156 66560
157 24960
158 0
159 116480
160 41600
161 41600
162 66560
163 49920
164 49920
165 33280
166 0
167 108160
168 66560
169 24960
170 0
171 116480
172 41600
173 41600
174 66560
175 49920
176 49920
177 33280
178 0
179 108160
180 66560
181 24960
182 0
183 116480
184 41600
185 41600
186 66560
187 58240
188 41600
189 33280
190 66560
191 49920
192 58240
193 24960
194 0
195 116480
196 41600
197 41600
198 66560
199 58240
200 41600
201 33280
202 66560
203 49920
204 58240
205 24960
206 0
207 116480
208 41600
209 41600
210 66560
211 58240
212 41600
213 33280
214 66560
215 49920
216 58240
217 24960
218 0
219 116480
220 41600
221 41600
222 66560
223 58240
224 41600
225 33280
226 66560
227 49920
228 58240
229 24960
230 0
231 116480
232 41600
233 41600
234 66560
235 58240
236 41600
237 33280
238 74880
239 49920
240 49920
241 24960
242 66560
243 49920
244 49920
245 33280
246 66560
247 58240
248 41600
249 33280
250 74880
251 49920
252 49920
253 24960
254 66560
255 49920
256 49920
257 33280
258 66560
259 58240
260 41600
261 33280
262 74880
263 49920
264 49920
265 24960
266 66560
267 49920
268 49920
269 33280
270 66560
271 58240
272 41600
273 33280
274 74880
275 49920
276 49920
277 24960
278 66560
279 49920
280 49920
281 33280
282 66560
283 58240
284 41600
285 33280
286 74880
287 58240
288 41600
289 24960
290 74880
291 41600
292 58240
293 24960
294 66560
295 58240
296 41600
297 33280
298 74880
299 58240
300 41600
301 24960
302 74880
303 41600
304 58240
305 24960
306 66560
307 58240
308 41600
309 33280
310 74880
311 58240
312 41600
313 24960
314 74880
315 41600
316 58240
317 24960
318 66560
319 58240
320 41600
321 33280
322 74880
323 58240
324 41600
325 24960
326 74880
327 41600
328 58240
329 24960
330 66560
331 58240
332 41600
333 33280
334 74880
335 58240
336 41600
337 24960
338 74880
339 49920
340 58240
341 16640
342 74880
343 49920
344 49920
345 24960
346 74880
347 58240
348 41600
349 24960
350 83200
351 41600
352 58240
353 16640
354 74880
355 49920
356 49920
357 24960
358 74880
359 58240
360 41600
361 24960
362 83200
363 41600
364 58240
365 16640
366 74880
367 49920
368 49920
369 24960
370 74880
371 58240
372 41600
373 24960
374 83200
375 41600
376 58240
377 16640
378 74880
379 49920
380 49920
381 24960
382 74880
383 58240
384 41600
385 24960
386 83200
387 41600
388 58240
389 16640
390 74880
391 49920
392 58240
393 16640
394 74880
395 58240
396 41600
397 24960
398 83200
399 49920
400 58240
401 8320
402 83200
403 41600
404 58240
405 16640
406 74880
407 58240
408 41600
409 24960
410 83200
411 49920
412 58240
413 8320
414 83200
415 41600
416 58240
417 16640
418 74880
419 58240
420 41600
421 24960
422 83200
423 49920
424 58240
425 8320
426 83200
427 41600
428 58240
429 16640
430 74880
431 58240
432 41600
433 24960
434 83200
435 49920
436 58240
437 8320
438 83200
439 41600
440 58240
441 16640
442 74880
443 58240
444 49920
445 16640
446 83200
447 58240
448 58240
449 0
450 91520
451 41600
452 58240
453 8320
454 83200
455 49920
456 49920
457 16640
458 83200
459 58240
460 58240
461 0
462 91520
463 41600
464 58240
465 8320
466 83200
467 49920
468 49920
469 16640
470 83200
471 58240
472 58240
473 0
474 91520
475 41600
476 58240
477 8320
478 83200
479 49920
480 49920
481 16640
482 83200
483 58240
484 58240
485 0
486 91520
487 41600
488 58240
489 8320
490 83200
491 49920
492 49920
493 16640
494 83200
495 66560
496 49920
497 0
498 91520
499 49920
500 58240
501 0
502 91520
503 41600
504 58240
505 8320
506 83200
507 66560
508 49920
509 0
510 91520
511 49920
512 58240
513 0
514 91520
515 41600
516 58240
517 8320
518 83200
519 66560
520 49920
521 0
522 91520
523 49920
524 58240
525 0
526 91520
527 41600
528 58240
529 8320
530 83200
531 66560
532 49920
533 0
534 91520
535 49920
536 58240
537 0
538 91520
539 41600
540 58240
541 8320
542 83200
543 66560
544 49920
545 0
546 91520
547 58240
548 49920
549 0
550 99840
551 41600
552 58240
553 0
554 91520
555 66560
556 41600
557 0
558 91520
559 58240
560 49920
561 0
562 99840
563 41600
564 58240
565 0
566 91520
567 66560
568 41600
569 0
570 91520
571 58240
572 49920
573 0
574 99840
575 41600
576 58240
577 0
578 91520
579 66560
580 41600
581 0
582 91520
583 58240
584 49920
585 0
586 99840
587 41600
588 58240
589 0
590 91520
591 66560
592 41600
593 0
594 91520
595 58240
596 49920
597 0
598 99840
599 49920
600 49920
601 0
602 99840
603 58240
604 41600
605 0
606 91520
607 66560
608 41600
609 0
610 99840
611 49920
612 49920
613 0
614 99840
615 58240
616 41600
617 0
618 91520
619 66560
620 41600
621 0
622 99840
623 49920
624 49920
625 0
626 99840
627 58240
628 41600
629 0
630 91520
631 66560
632 41600
633 0
634 99840
635 49920
636 49920
637 0
638 99840
639 58240
640 41600
641 0
642 91520
643 66560
644 41600
645 0
646 99840
647 49920
648 49920
649 0
650 99840
651 58240
652 41600
653 0
654 99840
655 66560
656 33280
657 0
658 99840
659 58240
660 41600
661 0
662 108160
663 49920
664 41600
665 0
666 99840
667 66560
668 33280
669 0
670 99840
671 58240
672 41600
673 0
674 108160
675 49920
676 41600
677 0
678 99840
679 66560
680 33280
681 0
682 99840
683 58240
684 41600
685 0
686 108160
687 49920
688 41600
689 0
690 99840
691 66560
692 33280
693 0
694 99840
695 58240
696 41600
697 0
698 108160
699 49920
700 41600
701 0
702 99840
703 66560
704 33280
705 0
706 99840
707 66560
708 33280
709 0
710 116480
711 41600
712 41600
713 0
714 108160
715 58240
716 33280
717 0
718 99840
719 66560
720 33280
721 0
722 116480
723 41600
724 41600
725 0
726 108160
727 58240
728 33280
729 0
730 99840
731 66560
732 33280
733 0
734 116480
735 41600
736 41600
737 0
738 108160
739 58240
740 33280
741 0
742 99840
743 66560
744 33280
745 0
746 116480
747 41600
748 41600
749 0
750 108160
751 58240
752 33280
753 0
754 99840
755 74880
756 24960
757 0
758 116480
759 41600
760 41600
761 66560
762 49920
763 49920
764 33280
765 0
766 108160
767 66560
768 24960
769 0
770 116480
771 41600
772 41600
773 66560
774 49920
775 49920
776 33280
777 0
778 108160
779 66560
780 24960
781 0
782 116480
783 41600
784 41600
785 66560
786 49920
787 49920
788 33280
789 0
790 108160
791 66560
792 24960
793 0
794 116480
795 41600
796 41600
797 66560
798 49920
799 49920
800 33280
801 0
802 108160
803 66560
804 24960
805 0
806 116480
807 41600
808 41600
809 66560
810 58240
811 41600
812 33280
813 66560
814 49920
815 58240
816 24960
817 0
818 116480
819 41600
820 41600
821 66560
822 58240
823 41600
824 33280
825 66560
826 49920
827 58240
828 24960
829 0
830 116480
831 41600
832 41600
833 66560
834 58240
835 41600
836 33280
837 66560
838 49920
839 58240
840 24960
841 0
842 116480
843 41600
844 41600
845 66560
846 58240
847 41600
848 33280
849 66560
850 49920
851 58240
852 24960
853 0
854 116480
855 41600
856 41600
857 66560
858 58240
859 41600
860 33280
861 74880
862 49920
863 49920
864 24960
865 66560
866 49920
867 49920
868 33280
869 66560
870 58240
871 41600
872 33280
873 74880
874 49920
875 49920
876 24960
877 66560
878 49920
879 49920
880 33280
881 66560
882 58240
883 41600
884 33280
885 74880
886 49920
887 49920
888 24960
889 66560
890 49920
891 49920
892 33280
893 66560
894 58240
895 41600
896 33280
897 74880
898 49920
899 49920
900 24960
901 66560
902 49920
903 49920
904 33280
905 66560
906 58240
907 41600
908 33280
909 74880
910 49920
911 49920
912 24960
913 74880
914 41600
915 58240
916 24960
917 66560
918 58240
919 41600
920 33280
921 74880
922 58240
923 41600
924 24960
925 74880
926 41600
927 58240
928 24960
929 66560
930 58240
931 41600
932 33280
933 74880
934 58240
935 41600
936 24960
937 74880
938 41600
939 58240
940 24960
941 66560
942 58240
943 41600
944 33280
945 74880
946 58240
947 41600
948 24960
949 74880
950 41600
951 58240
952 24960
953 66560
954 58240
955 41600
956 33280
957 74880
958 58240
959 41600
960 24960
961 74880
962 41600
963 66560
964 16640
965 74880
966 49920
967 49920
968 24960
969 74880
970 58240
971 41600
972 24960
973 83200
974 41600
975 58240
976 16640
977 74880
978 49920
979 49920
980 24960
981 74880
982 58240
983 41600
984 24960
985 83200
986 41600
987 58240
988 16640
989 74880
990 49920
991 49920
992 24960
993 74880
994 58240
995 41600
996 24960
997 83200
998 41600
999 58240
