0 0.0
1 1.6
2 0.0
3 0.0
4 0.2
5 0.7
6 0.0
7 0.0
8 0.2
9 0.8
10 0.0
11 0.0
12 0.2
13 0.0
14 0.7
15 0.0
16 0.3
17 0.5
18 0.2
19 0.0
20 0.2
21 0.7
22 0.1
23 0.0
24 0.2
25 0.5
26 0.2
27 0.0
28 0.3
29 0.5
30 0.2
31 0.0
32 0.2
33 0.5
34 0.3
35 0.0
36 0.2
37 0.5
38 0.2
39 0.0
40 0.3
41 0.5
42 0.2
43 0.0
44 0.2
45 0.5
46 0.2
47 0.1
48 0.2
49 0.5
50 0.2
51 0.0
52 0.2
53 0.6
54 0.2
55 0.0
56 0.2
57 0.5
58 0.2
59 0.1
60 0.2
61 0.5
62 0.2
63 0.0
64 0.2
65 0.5
66 0.3
67 0.0
68 0.2
69 0.5
70 0.2
71 0.0
72 0.3
73 0.5
74 0.2
75 0.0
76 0.2
77 0.5
78 0.3
79 0.0
80 0.2
81 0.5
82 0.2
83 0.0
84 0.3
85 0.5
86 0.2
87 0.0
88 0.2
89 0.5
90 0.3
91 0.0
92 0.2
93 0.5
94 0.2
95 0.0
96 0.2
97 0.6
98 0.2
99 0.0
100 0.2
101 0.5
102 0.2
103 0.1
104 0.2
105 0.5
106 0.2
107 0.0
108 0.2
109 0.6
110 0.2
111 0.0
112 0.2
113 0.5
114 0.2
115 0.1
116 0.2
117 0.5
118 0.2
119 0.0
120 0.2
121 0.6
122 0.2
123 0.0
124 0.2
125 0.5
126 0.2
127 0.0
128 0.3
129 0.5
130 0.2
131 0.0
132 0.2
133 0.7
134 0.1
135 0.0
136 0.2
137 0.5
138 0.2
139 0.0
140 0.3
141 0.5
142 0.2
143 0.0
144 0.2
145 0.7
146 0.0
147 0.1
148 0.2
149 0.5
150 0.2
151 0.0
152 0.2
153 0.6
154 0.2
155 0.0
156 0.2
157 0.7
158 0.0
159 0.1
160 0.2
161 0.5
162 0.2
163 0.0
164 0.2
165 0.6
166 0.2
167 0.0
168 0.2
169 0.7
170 0.0
171 0.0
172 0.3
173 0.6
174 0.1
175 0.0
176 0.2
177 0.5
178 0.3
179 0.0
180 0.2
181 0.7
182 0.0
183 0.0
184 0.3
185 0.7
186 0.0
187 0.0
188 0.2
189 0.5
190 0.3
191 0.0
192 0.2
193 0.7
194 0.0
195 0.0
196 0.3
197 0.7
198 0.0
199 0.0
200 0.2
201 0.5
202 0.2
203 0.1
204 0.2
205 0.7
206 0.0
207 0.0
208 0.2
209 0.8
210 0.0
211 0.0
212 0.2
213 0.5
214 0.2
215 0.1
216 0.2
217 0.7
218 0.0
219 0.0
220 0.2
221 0.8
222 0.0
223 0.0
224 0.2
225 0.6
226 0.1
227 0.0
228 0.3
229 0.7
230 0.0
231 0.0
232 0.2
233 0.7
234 0.1
235 0.0
236 0.2
237 0.7
238 0.0
239 0.0
240 0.3
241 0.7
242 0.0
243 0.0
244 0.2
245 0.7
246 0.1
247 0.0
248 0.2
249 0.7
250 0.0
251 0.0
252 0.3
253 0.7
254 0.0
255 0.0
256 0.2
257 0.7
258 0.0
259 0.1
260 0.2
261 0.7
262 0.0
263 0.0
264 0.2
265 0.8
266 0.0
267 0.1
268 0.1
269 0.7
270 0.0
271 0.0
272 0.3
273 0.7
274 0.0
275 0.0
276 0.2
277 0.7
278 0.1
279 0.1
280 0.1
281 0.7
282 0.0
283 0.0
284 0.3
285 0.7
286 0.0
287 0.0
288 0.2
289 0.7
290 0.0
291 0.2
292 0.1
293 0.7
294 0.0
295 0.0
296 0.2
297 0.8
298 0.0
299 0.0
300 0.2
301 0.7
302 0.0
303 0.2
304 0.1
305 0.7
306 0.0
307 0.0
308 0.2
309 0.8
310 0.0
311 0.0
312 0.2
313 0.7
314 0.0
315 0.1
316 0.2
317 0.7
318 0.0
319 0.1
320 0.1
321 0.7
322 0.1
323 0.0
324 0.2
325 0.7
326 0.0
327 0.2
328 0.1
329 0.7
330 0.0
331 0.1
332 0.1
333 0.7
334 0.1
335 0.0
336 0.2
337 0.7
338 0.0
339 0.1
340 0.2
341 0.7
342 0.0
343 0.1
344 0.1
345 0.7
346 0.1
347 0.0
348 0.2
349 0.7
350 0.0
351 0.1
352 0.2
353 0.7
354 0.0
355 0.1
356 0.1
357 0.7
358 0.0
359 0.1
360 0.2
361 0.7
362 0.0
363 0.1
364 0.1
365 0.8
366 0.0
367 0.1
368 0.1
369 0.7
370 0.0
371 0.2
372 0.1
373 0.7
374 0.0
375 0.2
376 0.0
377 0.8
378 0.0
379 0.1
380 0.1
381 0.7
382 0.0
383 0.1
384 0.2
385 0.7
386 0.0
387 0.2
388 0.0
389 0.7
390 0.1
391 0.1
392 0.1
393 0.7
394 0.0
395 0.1
396 0.2
397 0.7
398 0.0
399 0.2
400 0.0
401 0.7
402 0.1
403 0.1
404 0.1
405 0.7
406 0.0
407 0.1
408 0.1
409 0.8
410 0.0
411 0.2
412 0.0
413 0.7
414 0.0
415 0.2
416 0.1
417 0.7
418 0.0
419 0.1
420 0.1
421 0.8
422 0.0
423 0.2
424 0.0
425 0.7
426 0.0
427 0.3
428 0.0
429 0.7
430 0.0
431 0.1
432 0.1
433 0.7
434 0.1
435 0.2
436 0.0
437 0.7
438 0.0
439 0.2
440 0.1
441 0.7
442 0.0
443 0.1
444 0.1
445 0.7
446 0.1
447 0.2
448 0.0
449 0.7
450 0.0
451 0.2
452 0.0
453 0.8
454 0.0
455 0.1
456 0.1
457 0.7
458 0.0
459 0.3
460 0.0
461 0.7
462 0.0
463 0.2
464 0.0
465 0.8
466 0.0
467 0.1
468 0.1
469 0.7
470 0.0
471 0.2
472 0.1
473 0.7
474 0.0
475 0.2
476 0.0
477 0.7
478 0.1
479 0.2
480 0.0
481 0.7
482 0.0
483 0.2
484 0.1
485 0.7
486 0.0
487 0.2
488 0.0
489 0.7
490 0.0
491 0.3
492 0.0
493 0.7
494 0.0
495 0.2
496 0.0
497 0.8
498 0.0
499 0.2
500 0.0
501 0.7
502 0.0
503 0.3
504 0.0
505 0.7
506 0.0
507 0.2
508 0.0
509 0.8
510 0.0
511 0.2
512 0.0
513 0.7
514 0.0
515 0.3
516 0.0
517 0.7
518 0.0
519 0.2
520 0.0
521 0.8
522 0.0
523 0.2
524 0.0
525 0.7
526 0.0
527 0.3
528 0.0
529 0.7
530 0.0
531 0.2
532 0.0
533 0.7
534 0.1
535 0.2
536 0.0
537 0.7
538 0.0
539 0.2
540 0.6
541 0.2
542 0.0
543 0.2
544 0.0
545 0.7
546 0.1
547 0.2
548 0.0
549 0.7
550 0.0
551 0.2
552 0.6
553 0.2
554 0.0
555 0.2
556 0.0
557 0.7
558 0.1
559 0.2
560 0.0
561 0.7
562 0.0
563 0.2
564 0.5
565 0.3
566 0.0
567 0.2
568 0.0
569 0.7
570 0.0
571 0.3
572 0.0
573 0.7
574 0.0
575 0.2
576 0.5
577 0.3
578 0.0
579 0.2
580 0.0
581 0.7
582 0.0
583 0.2
584 0.1
585 0.7
586 0.0
587 0.2
588 0.5
589 0.2
590 0.1
591 0.2
592 0.5
593 0.2
594 0.0
595 0.2
596 0.1
597 0.7
598 0.0
599 0.2
600 0.5
601 0.2
602 0.1
603 0.2
604 0.5
605 0.2
606 0.0
607 0.2
608 0.1
609 0.7
610 0.0
611 0.2
612 0.5
613 0.2
614 0.0
615 0.3
616 0.5
617 0.2
618 0.0
619 0.2
620 0.0
621 0.8
622 0.0
623 0.2
624 0.5
625 0.2
626 0.0
627 0.3
628 0.5
629 0.2
630 0.0
631 0.2
632 0.0
633 0.8
634 0.0
635 0.2
636 0.5
637 0.2
638 0.0
639 0.2
640 0.6
641 0.2
642 0.0
643 0.2
644 0.5
645 0.2
646 0.1
647 0.2
648 0.5
649 0.2
650 0.0
651 0.2
652 0.5
653 0.3
654 0.0
655 0.2
656 0.5
657 0.2
658 0.0
659 0.3
660 0.5
661 0.2
662 0.0
663 0.2
664 0.5
665 0.3
666 0.0
667 0.2
668 0.5
669 0.2
670 0.0
671 0.2
672 0.6
673 0.2
674 0.0
675 0.2
676 0.5
677 0.2
678 0.1
679 0.2
680 0.5
681 0.2
682 0.0
683 0.2
684 0.6
685 0.2
686 0.0
687 0.2
688 0.5
689 0.2
690 0.1
691 0.2
692 0.5
693 0.2
694 0.0
695 0.2
696 0.5
697 0.3
698 0.0
699 0.2
700 0.5
701 0.2
702 0.1
703 0.2
704 0.5
705 0.2
706 0.0
707 0.2
708 0.6
709 0.2
710 0.0
711 0.2
712 0.5
713 0.2
714 0.0
715 0.3
716 0.5
717 0.2
718 0.0
719 0.2
720 0.5
721 0.3
722 0.0
723 0.2
724 0.5
725 0.2
726 0.0
727 0.3
728 0.5
729 0.2
730 0.0
731 0.2
732 0.5
733 0.3
734 0.0
735 0.2
736 0.5
737 0.2
738 0.0
739 0.2
740 0.6
741 0.2
742 0.0
743 0.2
744 0.5
745 0.2
746 0.1
747 0.2
748 0.5
749 0.2
750 0.0
751 0.2
752 0.6
753 0.2
754 0.0
755 0.2
756 0.7
757 0.0
758 0.1
759 0.2
760 0.5
761 0.2
762 0.0
763 0.2
764 0.5
765 0.3
766 0.0
767 0.2
768 0.7
769 0.0
770 0.0
771 0.3
772 0.5
773 0.2
774 0.0
775 0.2
776 0.5
777 0.3
778 0.0
779 0.2
780 0.7
781 0.0
782 0.0
783 0.3
784 0.5
785 0.2
786 0.0
787 0.2
788 0.5
789 0.2
790 0.1
791 0.2
792 0.7
793 0.0
794 0.0
795 0.2
796 0.6
797 0.2
798 0.0
799 0.2
800 0.5
801 0.2
802 0.1
803 0.2
804 0.7
805 0.0
806 0.0
807 0.2
808 0.8
809 0.0
810 0.0
811 0.2
812 0.5
813 0.2
814 0.1
815 0.2
816 0.7
817 0.0
818 0.0
819 0.2
820 0.7
821 0.1
822 0.0
823 0.2
824 0.5
825 0.2
826 0.0
827 0.3
828 0.7
829 0.0
830 0.0
831 0.2
832 0.7
833 0.0
834 0.1
835 0.2
836 0.5
837 0.2
838 0.0
839 0.2
840 0.8
841 0.0
842 0.0
843 0.2
844 0.7
845 0.0
846 0.1
847 0.2
848 0.5
849 0.2
850 0.0
851 0.2
852 0.7
853 0.1
854 0.0
855 0.2
856 0.7
857 0.0
858 0.0
859 0.3
860 0.7
861 0.0
862 0.0
863 0.2
864 0.7
865 0.1
866 0.0
867 0.2
868 0.7
869 0.0
870 0.0
871 0.3
872 0.7
873 0.0
874 0.0
875 0.2
876 0.7
877 0.0
878 0.1
879 0.2
880 0.7
881 0.0
882 0.0
883 0.2
884 0.8
885 0.0
886 0.0
887 0.2
888 0.7
889 0.1
890 0.1
891 0.1
892 0.7
893 0.0
894 0.0
895 0.2
896 0.8
897 0.0
898 0.0
899 0.2
900 0.7
901 0.0
902 0.2
903 0.1
904 0.7
905 0.0
906 0.0
907 0.2
908 0.8
909 0.0
910 0.0
911 0.2
912 0.7
913 0.0
914 0.2
915 0.1
916 0.7
917 0.0
918 0.0
919 0.2
920 0.7
921 0.1
922 0.0
923 0.2
924 0.7
925 0.0
926 0.1
927 0.2
928 0.7
929 0.0
930 0.0
931 0.2
932 0.7
933 0.1
934 0.0
935 0.2
936 0.7
937 0.0
938 0.1
939 0.2
940 0.7
941 0.0
942 0.1
943 0.1
944 0.7
945 0.0
946 0.1
947 0.2
948 0.7
949 0.0
950 0.1
951 0.1
952 0.8
953 0.0
954 0.1
955 0.1
956 0.7
957 0.0
958 0.1
959 0.2
960 0.7
961 0.0
962 0.1
963 0.1
964 0.8
965 0.0
966 0.1
967 0.1
968 0.7
969 0.0
970 0.0
971 0.3
972 0.7
973 0.0
974 0.1
975 0.1
976 0.7
977 0.1
978 0.1
979 0.1
980 0.7
981 0.0
982 0.0
983 0.3
984 0.7
985 0.0
986 0.1
987 0.1
988 0.7
989 0.1
990 0.1
991 0.1
992 0.7
993 0.0
994 0.1
995 0.1
996 0.8
997 0.0
998 0.2
999 0.0
1000 0.5
