0 0.0
1 1.2
2 0.0
3 0.0
4 0.1
5 0.9
6 0.2
7 0.2
8 0.2
9 1.0
10 0.0
11 0.0
12 0.1
13 0.9
14 0.1
15 0.0
16 0.2
17 0.7
18 0.0
19 0.0
20 0.1
21 0.7
22 0.2
23 0.0
24 0.1
25 0.8
26 0.0
27 0.0
28 0.2
29 0.7
30 0.0
31 0.0
32 0.1
33 0.8
34 0.0
35 0.1
36 0.1
37 0.8
38 0.0
39 0.0
40 0.2
41 0.7
42 0.0
43 0.0
44 0.2
45 0.7
46 0.0
47 0.0
48 0.1
49 0.8
50 0.0
51 0.0
52 0.2
53 0.7
54 0.0
55 0.0
56 0.2
57 0.7
58 0.0
59 0.0
60 0.1
61 0.8
62 0.0
63 0.0
64 0.4
65 0.7
66 0.0
67 0.0
68 0.2
69 0.7
70 0.0
71 0.0
72 0.1
73 0.8
74 0.0
75 0.0
76 0.2
77 0.7
78 0.0
79 0.0
80 0.2
81 0.7
82 0.0
83 0.0
84 0.1
85 0.8
86 0.0
87 0.0
88 0.2
89 0.7
90 0.0
91 0.0
92 0.2
93 0.7
94 0.0
95 0.0
96 0.2
97 0.7
98 0.0
99 0.0
100 0.2
101 0.7
102 0.0
103 0.0
104 0.2
105 0.7
106 0.0
107 0.0
108 0.2
109 0.7
110 0.0
111 0.0
112 0.2
113 0.7
114 0.0
115 0.0
116 0.2
117 0.7
118 0.0
119 0.0
120 0.2
121 0.9
122 0.0
123 0.0
124 0.2
125 0.7
126 0.0
127 0.0
128 0.2
129 0.7
130 0.0
131 0.0
132 0.2
133 0.7
134 0.0
135 0.0
136 0.2
137 0.7
138 0.0
139 0.0
140 0.2
141 0.7
142 0.0
143 0.0
144 0.2
145 0.7
146 0.0
147 0.0
148 0.2
149 0.7
150 0.0
151 0.0
152 0.2
153 0.7
154 0.0
155 0.0
156 0.2
157 0.7
158 0.0
159 0.0
160 0.2
161 0.7
162 0.0
163 0.0
164 0.2
165 0.7
166 0.0
167 0.0
168 0.2
169 0.7
170 0.0
171 0.0
172 0.2
173 0.7
174 0.0
175 0.0
176 0.2
177 0.7
178 0.0
179 0.0
180 0.2
181 0.7
182 0.1
183 0.1
184 0.3
185 0.7
186 0.0
187 0.0
188 0.2
189 0.7
190 0.2
191 0.0
192 0.2
193 0.7
194 0.0
195 0.0
196 0.2
197 0.7
198 0.0
199 0.0
200 0.2
201 0.9
202 0.0
203 0.0
204 0.2
205 0.7
206 0.0
207 0.0
208 0.2
209 0.7
210 0.0
211 0.0
212 0.2
213 0.7
214 0.0
215 0.0
216 0.2
217 0.7
218 0.0
219 0.0
220 0.2
221 0.8
222 0.0
223 0.0
224 0.2
225 0.7
226 0.0
227 0.0
228 0.2
229 0.7
230 0.0
231 0.0
232 0.2
233 0.7
234 0.0
235 0.0
236 0.2
237 0.7
238 0.0
239 0.0
240 0.2
241 0.7
242 0.0
243 0.0
244 0.2
245 0.7
246 0.0
247 0.0
248 0.2
249 0.7
250 0.0
251 0.0
252 0.7
253 0.2
254 0.0
255 0.0
256 0.2
257 0.7
258 0.0
259 0.0
260 0.2
261 0.7
262 0.0
263 0.2
264 0.8
265 0.3
266 0.0
267 0.0
268 0.2
269 0.8
270 0.2
271 0.0
272 0.2
273 0.7
274 0.0
275 0.0
276 0.7
277 0.2
278 0.1
279 0.0
280 0.2
281 0.7
282 0.0
283 0.0
284 0.2
285 0.7
286 0.0
287 0.0
288 0.7
289 0.2
290 0.0
291 0.0
292 0.2
293 0.7
294 0.0
295 0.2
296 0.2
297 0.7
298 0.0
299 0.0
300 0.7
301 0.2
302 0.0
303 0.0
304 0.7
305 0.2
306 0.0
307 0.0
308 0.2
309 0.7
310 0.0
311 0.0
312 0.7
313 0.2
314 0.0
315 0.0
316 0.7
317 0.2
318 0.0
319 0.0
320 0.2
321 0.7
322 0.0
323 0.0
324 0.7
325 0.2
326 0.0
327 0.0
328 0.9
329 0.2
330 0.0
331 0.0
332 0.2
333 0.7
334 0.0
335 0.0
336 0.7
337 0.2
338 0.0
339 0.0
340 0.7
341 0.2
342 0.0
343 0.0
344 0.2
345 0.7
346 0.0
347 0.0
348 0.7
349 0.2
350 0.0
351 0.0
352 0.7
353 0.2
354 0.0
355 0.0
356 0.7
357 0.2
358 0.0
359 0.0
360 0.7
361 0.2
362 0.0
363 0.0
364 0.7
365 0.2
366 0.0
367 0.0
368 0.7
369 0.2
370 0.0
371 0.0
372 0.7
373 0.2
374 0.0
375 0.0
376 0.7
377 0.2
378 0.0
379 0.0
380 0.7
381 0.2
382 0.0
383 0.0
384 0.7
385 0.2
386 0.0
387 0.0
388 0.9
389 0.2
390 0.0
391 0.0
392 0.7
393 0.2
394 0.0
395 0.0
396 0.7
397 0.2
398 0.0
399 0.0
400 0.7
401 0.2
402 0.0
403 0.0
404 0.7
405 0.2
406 0.0
407 0.0
408 0.7
409 0.2
410 0.0
411 0.0
412 0.7
413 0.2
414 0.0
415 0.0
416 0.7
417 0.2
418 0.0
419 0.0
420 0.7
421 0.2
422 0.0
423 0.0
424 0.7
425 0.2
426 0.0
427 0.0
428 0.7
429 0.2
430 0.0
431 0.0
432 0.7
433 0.2
434 0.0
435 0.0
436 0.7
437 0.2
438 0.0
439 0.0
440 0.7
441 0.2
442 0.0
443 0.0
444 0.7
445 0.2
446 0.0
447 0.0
448 0.7
449 0.2
450 0.0
451 0.3
452 0.7
453 0.3
454 0.0
455 0.0
456 0.9
457 0.1
458 0.2
459 0.0
460 0.7
461 0.2
462 0.0
463 0.0
464 0.7
465 0.2
466 0.1
467 0.0
468 0.9
469 0.0
470 0.0
471 0.0
472 0.7
473 0.2
474 0.0
475 0.0
476 0.7
477 0.2
478 0.0
479 0.0
480 0.9
481 0.0
482 0.1
483 0.1
484 0.7
485 0.2
486 0.0
487 0.0
488 0.7
489 0.2
490 0.0
491 0.0
492 0.9
493 0.0
494 0.0
495 0.0
496 0.7
497 0.2
498 0.0
499 0.0
500 0.7
501 0.2
502 0.0
503 0.0
504 0.9
505 0.0
506 0.0
507 0.1
508 0.8
509 0.0
510 0.0
511 0.0
512 0.7
513 0.2
514 0.0
515 0.2
516 0.9
517 0.0
518 0.0
519 0.1
520 0.8
521 0.0
522 0.0
523 0.0
524 0.7
525 0.2
526 0.0
527 0.0
528 0.9
529 0.0
530 0.0
531 0.1
532 0.8
533 0.0
534 0.0
535 0.0
536 0.7
537 0.2
538 0.0
539 0.0
540 0.9
541 0.0
542 0.0
543 0.1
544 0.8
545 0.0
546 0.0
547 0.0
548 0.7
549 0.2
550 0.0
551 0.0
552 0.9
553 0.0
554 0.0
555 0.1
556 0.8
557 0.0
558 0.0
559 0.1
560 0.8
561 0.0
562 0.0
563 0.0
564 0.9
565 0.0
566 0.0
567 0.1
568 0.8
569 0.0
570 0.0
571 0.1
572 0.8
573 0.0
574 0.0
575 0.0
576 1.1
577 0.0
578 0.0
579 0.1
580 0.8
581 0.0
582 0.0
583 0.1
584 0.8
585 0.0
586 0.0
587 0.0
588 0.9
589 0.0
590 0.0
591 0.1
592 0.8
593 0.0
594 0.0
595 0.1
596 0.8
597 0.0
598 0.0
599 0.0
600 0.9
601 0.0
602 0.0
603 0.1
604 0.8
605 0.0
606 0.0
607 0.1
608 0.8
609 0.0
610 0.0
611 0.1
612 0.8
613 0.0
614 0.0
615 0.2
616 0.7
617 0.0
618 0.0
619 0.1
620 0.8
621 0.0
622 0.0
623 0.1
624 0.8
625 0.0
626 0.0
627 0.2
628 0.7
629 0.0
630 0.0
631 0.1
632 0.8
633 0.0
634 0.0
635 0.1
636 0.8
637 0.0
638 0.2
639 0.3
640 0.8
641 0.0
642 0.0
643 0.1
644 0.8
645 0.2
646 0.0
647 0.1
648 0.8
649 0.0
650 0.0
651 0.2
652 0.8
653 0.0
654 0.0
655 0.1
656 0.8
657 0.0
658 0.0
659 0.1
660 0.8
661 0.0
662 0.0
663 0.2
664 0.7
665 0.0
666 0.0
667 0.2
668 0.7
669 0.1
670 0.1
671 0.1
672 0.8
673 0.0
674 0.0
675 0.2
676 0.7
677 0.0
678 0.0
679 0.2
680 0.7
681 0.0
682 0.0
683 0.1
684 0.8
685 0.0
686 0.0
687 0.2
688 0.7
689 0.0
690 0.0
691 0.2
692 0.7
693 0.0
694 0.0
695 0.1
696 0.8
697 0.0
698 0.0
699 0.2
700 0.7
701 0.0
702 0.2
703 0.2
704 0.7
705 0.0
706 0.0
707 0.1
708 0.8
709 0.0
710 0.0
711 0.2
712 0.7
713 0.0
714 0.0
715 0.2
716 0.7
717 0.0
718 0.0
719 0.2
720 0.7
721 0.0
722 0.0
723 0.2
724 0.7
725 0.0
726 0.0
727 0.2
728 0.7
729 0.0
730 0.0
731 0.2
732 0.7
733 0.0
734 0.0
735 0.2
736 0.7
737 0.0
738 0.0
739 0.2
740 0.7
741 0.0
742 0.0
743 0.2
744 0.7
745 0.0
746 0.0
747 0.2
748 0.7
749 0.0
750 0.0
751 0.2
752 0.7
753 0.0
754 0.0
755 0.2
756 0.7
757 0.0
758 0.0
759 0.2
760 0.7
761 0.0
762 0.0
763 0.4
764 0.7
765 0.0
766 0.0
767 0.2
768 0.7
769 0.0
770 0.0
771 0.2
772 0.7
773 0.0
774 0.0
775 0.2
776 0.7
777 0.0
778 0.0
779 0.2
780 0.7
781 0.0
782 0.0
783 0.2
784 0.7
785 0.0
786 0.0
787 0.2
788 0.7
789 0.0
790 0.0
791 0.2
792 0.7
793 0.0
794 0.0
795 0.2
796 0.7
797 0.0
798 0.0
799 0.2
800 0.7
801 0.0
802 0.0
803 0.2
804 0.7
805 0.0
806 0.0
807 0.2
808 0.7
809 0.0
810 0.0
811 0.2
812 0.7
813 0.0
814 0.0
815 0.2
816 0.7
817 0.0
818 0.0
819 0.2
820 0.7
821 0.0
822 0.0
823 0.2
824 0.7
825 0.2
826 0.1
827 0.3
828 0.7
829 0.0
830 0.0
831 0.3
832 0.9
833 0.0
834 0.0
835 0.2
836 0.7
837 0.0
838 0.0
839 0.2
840 0.8
841 0.0
842 0.0
843 0.2
844 0.7
845 0.0
846 0.0
847 0.2
848 0.7
849 0.0
850 0.0
851 0.2
852 0.7
853 0.0
854 0.0
855 0.2
856 0.7
857 0.2
858 0.0
859 0.2
860 0.7
861 0.0
862 0.0
863 0.2
864 0.7
865 0.0
866 0.0
867 0.2
868 0.7
869 0.0
870 0.0
871 0.2
872 0.7
873 0.0
874 0.0
875 0.7
876 0.2
877 0.0
878 0.0
879 0.2
880 0.7
881 0.0
882 0.0
883 0.2
884 0.7
885 0.0
886 0.0
887 0.7
888 0.2
889 0.0
890 0.2
891 0.2
892 0.7
893 0.0
894 0.0
895 0.2
896 0.7
897 0.0
898 0.0
899 0.7
900 0.2
901 0.0
902 0.0
903 0.2
904 0.7
905 0.0
906 0.0
907 0.2
908 0.7
909 0.0
910 0.0
911 0.7
912 0.2
913 0.0
914 0.0
915 0.2
916 0.7
917 0.0
918 0.0
919 0.2
920 0.7
921 0.0
922 0.0
923 0.7
924 0.2
925 0.0
926 0.0
927 0.7
928 0.2
929 0.0
930 0.0
931 0.2
932 0.7
933 0.0
934 0.0
935 0.7
936 0.2
937 0.0
938 0.0
939 0.7
940 0.2
941 0.0
942 0.0
943 0.2
944 0.7
945 0.0
946 0.0
947 0.7
948 0.2
949 0.0
950 0.0
951 0.9
952 0.2
953 0.0
954 0.0
955 0.2
956 0.7
957 0.0
958 0.0
959 0.7
960 0.2
961 0.0
962 0.0
963 0.7
964 0.2
965 0.0
966 0.0
967 0.2
968 0.7
969 0.0
970 0.0
971 0.7
972 0.2
973 0.0
974 0.0
975 0.7
976 0.2
977 0.0
978 0.0
979 0.7
980 0.2
981 0.0
982 0.0
983 0.7
984 0.2
985 0.0
986 0.0
987 0.7
988 0.2
989 0.0
990 0.0
991 0.7
992 0.2
993 0.0
994 0.0
995 0.7
996 0.2
997 0.0
998 0.0
999 0.7
1000 0.2
