0 1.0
1 1.4545454545454546
2 2.9940445454545452
3 2.809489090909091
4 4.26632
5 5.318819999999999
6 5.1088081818181825
7 3.82654
8 5.045660909090909
9 6.040380909090908
10 5.713514545454546
11 3.6794690909090906
12 4.897328181818182
13 6.141205454545454
14 5.982271818181818
15 5.095841818181818
16 5.477802727272728
17 5.8260581818181825
18 5.612717272727273
19 4.808487272727272
20 5.169875454545454
21 6.26202909090909
22 5.9895154545454545
23 3.92072909090909
24 4.806534545454546
25 5.966529090909091
26 5.883398181818181
27 5.029164545454545
28 5.420150909090909
29 6.401374545454545
30 5.523787272727272
31 4.739283636363638
32 5.110584545454546
33 6.246618181818181
34 6.032487272727274
35 5.197804545454546
36 4.751930909090909
37 5.87789
38 5.807966363636364
39 4.981967272727273
40 5.366508181818182
41 6.3605881818181835
42 5.5196345454545455
43 4.684714545454546
44 5.064173636363636
45 6.192647272727274
46 5.983863636363636
47 5.153115454545453
48 4.768098181818181
49 5.833165454545455
50 5.759451818181818
51 4.968433636363636
52 5.333186363636363
53 6.315857272727274
54 6.134354545454546
55 4.625019090909091
56 5.116652727272728
57 6.15447090909091
58 5.933859999999999
59 5.135653636363636
60 5.387268181818182
61 5.860518181818182
62 5.759328181818181
63 4.920486363636363
64 5.2818772727272725
65 6.269275454545456
66 6.141452727272727
67 4.6250172727272725
68 5.0669427272727265
69 6.112363636363636
70 5.881114545454546
71 5.080271818181818
72 5.360940909090909
73 5.860518181818182
74 5.6722981818181815
75 4.8483054545454545
76 5.227580909090909
77 6.220493636363637
78 6.09678909090909
79 5.211120909090909
80 4.986892727272727
81 6.0474963636363634
82 5.825120909090909
83 5.030280909090909
84 5.3153500000000005
85 6.432394545454545
86 5.630967272727272
87 4.799046363636363
88 5.169713636363636
89 6.169184545454547
90 6.050207272727272
91 5.194637272727273
92 4.986892727272727
93 5.976235454545454
94 5.76518
95 4.977535454545454
96 5.282822727272727
97 6.388603636363637
98 5.630967272727272
99 4.723777272727272
100 5.107456363636363
101 6.132060000000001
102 6.015414545454546
103 5.169399090909091
104 5.608964545454546
105 5.896185454545454
106 5.728985454545454
107 4.921541818181819
108 5.286918181818181
109 6.409336363636364
110 6.272620000000001
111 4.412205454545454
112 5.07598
113 6.152803636363635
114 6.028807272727272
115 5.130726363636364
116 5.66195
117 5.93052909090909
118 5.713139999999999
119 4.8719018181818186
120 5.2660945454545445
121 6.378271818181818
122 6.257611818181818
123 4.102980909090909
124 5.01355
125 6.080622727272728
126 5.965765454545454
127 5.074035454545454
128 5.610013636363637
129 6.516632727272728
130 5.620683636363635
131 4.796733636363636
132 5.201100909090909
133 6.32828090909091
134 6.212020909090909
135 4.674857272727272
136 4.972219090909092
137 6.012785454545454
138 5.934624545454545
139 5.041304545454545
140 5.563431818181819
141 6.480723636363636
142 5.620683636363635
143 4.744898181818182
144 5.155872727272726
145 6.275535454545454
146 6.164375454545455
147 4.631066363636363
148 4.972219090909092
149 5.937516363636363
150 5.872367272727273
151 4.987008181818181
152 5.5297681818181825
153 6.43606
154 6.2207763636363635
155 4.684273636363636
156 5.1428318181818184
157 6.2516345454545466
158 6.114384545454545
159 4.604900909090908
160 5.567017272727273
161 5.962509090909092
162 5.885914545454546
163 4.668823636363635
164 5.487204545454546
165 6.397387272727273
166 6.248096363636364
167 4.684273636363636
168 5.1701809090909085
169 6.250133636363636
170 6.100064545454546
171 4.565355454545454
172 5.553566363636363
173 5.97909
174 5.837481818181818
175 4.298143636363636
176 5.4334418181818185
177 6.348996363636365
178 6.203732727272728
179 5.270377272727273
180 5.091825454545454
181 6.186173636363637
182 6.01557
183 4.481264545454544
184 5.477011818181818
185 6.529284545454545
186 5.782979090909091
187 4.183030909090909
188 5.335779090909091
189 6.262641818181819
190 6.152204545454546
191 4.658752727272726
192 5.07815
193 6.175302727272728
194 6.035358181818182
195 4.50751909090909
196 5.500793636363635
197 6.551175454545455
198 5.783084545454546
199 4.237501818181818
200 5.366369090909091
201 6.289450909090909
202 6.168395454545455
203 5.245782727272727
204 5.09286909090909
205 6.106644545454546
206 5.9647118181818195
207 4.464024545454545
208 5.444766363636363
209 6.531813636363637
210 5.782985454545455
211 4.185949999999999
212 5.316085454545455
213 6.292040909090909
214 6.200552727272727
215 4.917736363636363
216 5.780982727272727
217 6.119303636363637
218 5.938937272727273
219 4.417104545454545
220 5.446022727272727
221 6.5418163636363635
222 6.38428090909091
223 4.158074545454546
224 5.2820445454545455
225 6.260128181818183
226 6.171262727272727
227 4.561929999999999
228 5.745064545454546
229 6.137135454545454
230 5.867674545454546
231 4.357162727272726
232 5.393277272727272
233 6.494170909090909
234 6.34049
235 4.1580736363636355
236 5.206775454545454
237 6.197870909090909
238 6.116966363636364
239 4.513148181818182
240 5.700400909090909
241 6.72323909090909
242 5.814350909090909
243 4.292295454545454
244 5.352401818181818
245 6.134955454545454
246 6.29489909090909
247 4.72995
248 5.165444545454545
249 6.130033636363636
250 6.083699090909092
251 4.479672727272727
252 5.653819090909091
253 6.68733
254 5.814350909090909
255 4.221034545454545
256 5.2924609090909085
257 5.788548181818181
258 6.27398
259 4.7047372727272725
260 5.165444545454545
261 6.086857272727273
262 6.024123636363637
263 4.414691818181818
264 5.6461427272727285
265 6.6132563636363635
266 6.405260909090909
267 4.140984545454545
268 5.285884545454545
269 5.745165454545456
270 6.199916363636365
271 4.603346363636363
272 5.729168181818181
273 6.093665454545455
274 5.889474545454546
275 4.331631818181818
276 5.601893636363636
277 6.573282727272727
278 6.366959090909091
279 4.727088181818181
280 5.193428181818182
281 5.6586145454545465
282 6.134229090909091
283 4.552919090909091
284 5.68325
285 6.658359999999999
286 5.861604545454545
287 4.262709090909091
288 5.543360000000001
289 6.52151
290 6.3200318181818185
291 4.6838609090909085
292 5.193428181818182
293 5.58609
294 6.0735445454545465
295 4.490492727272727
296 5.618713636363636
297 6.289971818181818
298 6.447708181818182
299 4.175245454545454
300 5.458020909090909
301 6.447598181818182
302 6.278513636363638
303 4.623479090909091
304 5.780017272727272
305 5.518686363636364
306 5.984403636363637
307 4.423346363636363
308 5.567404545454544
309 5.949728181818181
310 6.438525454545455
311 4.210995454545453
312 5.405338181818181
313 6.387657272727273
314 6.250368181818183
315 4.656012727272727
316 5.82864090909091
317 5.596330909090909
318 5.923123636363636
319 4.389648181818182
320 5.542792727272727
321 5.971497272727273
322 6.430107272727273
323 4.79709909090909
324 5.413701818181817
325 6.367160000000001
326 6.23128909090909
327 4.667983636363636
328 5.802475454545455
329 5.584521818181819
330 5.988604545454546
331 4.42127
332 5.590742727272727
333 5.996215454545455
334 6.452725454545455
335 4.211100909090908
336 5.454199999999999
337 6.399882727272728
338 6.259493636363637
339 4.6931472727272725
340 5.833139090909091
341 6.214779090909091
342 5.909908181818182
343 4.3570245454545455
344 5.535079090909091
345 5.9464154545454555
346 6.407243636363637
347 4.7900172727272725
348 5.3996072727272715
349 6.023782727272728
350 6.225129090909092
351 4.660053636363636
352 5.801175454545454
353 6.186088181818182
354 5.9203836363636375
355 4.286942727272727
356 5.49055
357 5.894142727272728
358 6.359952727272728
359 4.74649909090909
360 5.399601818181817
361 5.640694545454545
362 6.213317272727273
363 4.624124545454546
364 5.800817272727273
365 5.8325
366 6.531085454545454
367 4.288765454545454
368 5.519003636363637
369 5.899207272727273
370 6.34896
371 4.726732727272727
372 6.007255454545454
373 5.602238181818182
374 6.158082727272728
375 4.576709090909091
376 5.832929999999999
377 5.827261818181818
378 6.537005454545454
379 4.3281172727272725
380 5.480545454545455
381 5.86527090909091
382 6.319612727272728
383 4.679805454545454
384 5.98557909090909
385 5.6182845454545465
386 6.0855581818181825
387 4.516024545454545
388 5.779684545454544
389 5.7710254545454545
390 6.485414545454546
391 4.914220909090909
392 5.390010909090909
393 5.79114
394 6.255286363636364
395 4.622196363636363
396 5.932933636363635
397 6.197297272727273
398 6.018154545454545
399 4.455816363636363
400 5.727269999999999
401 5.720161818181818
402 6.462090909090909
403 4.885584545454545
404 5.390246363636364
405 5.721077272727273
406 6.196060909090909
407 4.569941818181818
408 5.885651818181817
409 6.153788181818182
410 6.018154545454545
411 4.381958181818181
412 5.6805272727272715
413 5.66639909090909
414 6.436621818181819
415 4.865820909090909
416 6.0092645454545455
417 5.362922727272727
418 6.1321009090909095
419 4.6118845454545445
420 5.856475454545454
421 6.124078181818183
422 6.621767272727272
423 4.344627272727272
424 5.72845
425 5.6350299999999995
426 6.394421818181818
427 4.92582090909091
428 6.062168181818181
429 5.426121818181818
430 6.1015463636363645
431 4.616282727272727
432 5.8335445454545445
433 6.100386363636363
434 6.585630909090909
435 4.344627272727272
436 5.6559254545454545
437 5.590391818181818
438 6.341176363636364
439 4.877811818181819
440 6.0180954545454535
441 5.426121818181818
442 6.02478090909091
443 4.553190909090909
444 5.778697272727271
445 6.051213636363636
446 6.5406581818181815
447 4.930730909090909
448 5.588521818181818
449 5.524579090909091
450 6.276355454545453
451 4.800401818181819
452 5.938157272727272
453 5.946743636363636
454 6.0198327272727274
455 4.407502727272727
456 5.6714081818181805
457 5.944593636363636
458 6.427612727272727
459 4.843702727272727
460 6.1740627272727275
461 5.384650909090909
462 6.156305454545454
463 4.7149836363636375
464 5.8850336363636355
465 5.885070909090908
466 6.592949090909091
467 4.404232727272728
468 5.592236363636363
469 5.556363636363636
470 6.397789090909091
471 4.830471818181818
472 6.178678181818182
473 5.400213636363636
474 6.127187272727273
475 4.680623636363637
476 5.943173636363636
477 5.860635454545454
478 6.555858181818182
479 5.0887363636363645
480 5.565138181818181
481 5.502704545454545
482 6.351380909090909
483 4.77189
484 6.145701818181819
485 5.980470909090909
486 6.085856363636363
487 4.590096363636364
488 5.865982727272728
489 5.808245454545454
490 6.4937309090909086
491 5.045509090909092
492 5.551037272727272
493 5.407589090909091
494 6.271417272727273
495 4.718644545454545
496 6.097692727272727
497 5.936398181818181
498 6.085856363636363
499 4.51333090909091
500 5.802890909090909
501 5.753398181818182
502 6.466109090909091
503 5.000536363636365
504 6.15113
505 5.340185454545455
506 6.205604545454546
507 4.678094545454545
508 6.047265454545454
509 5.890479999999999
510 6.650550909090909
511 4.502041818181819
512 5.747632727272727
513 5.694864545454545
514 6.414336363636363
515 4.953609090909091
516 5.520927272727271
517 5.38358
518 5.930336363636363
519 4.7649527272727275
520 6.087045454545454
521 5.913916363636363
522 6.695090909090909
523 4.518728181818182
524 5.879698181818182
525 5.740274545454546
526 6.462187272727272
527 5.09979090909091
528 6.169524545454545
529 5.415802727272728
530 4.636175454545455
531 4.868052727272728
532 6.082714545454547
533 5.904970909090909
534 6.658981818181818
535 4.518629090909091
536 5.836912727272727
537 5.705522727272727
538 6.417978181818182
539 5.0521
540 6.144266363636363
541 5.415778181818182
542 4.560886363636364
543 4.805778181818183
544 6.028400909090909
545 5.85618
546 6.614309090909091
547 5.104726363636364
548 5.756858181818182
549 5.6406518181818175
550 6.361975454545455
551 5.0020999999999995
552 6.0986663636363625
553 5.987652727272726
554 4.541104545454545
555 4.753502727272728
556 5.970532727272727
557 5.8048709090909085
558 6.567727272727273
559 5.084863636363637
560 5.756857272727273
561 5.569389999999999
562 6.32244
563 4.965935454545455
564 6.0646854545454545
565 5.943861818181818
566 4.541104545454545
567 4.678233636363637
568 5.921940000000001
569 5.750574545454545
570 6.231271818181818
571 5.073418181818183
572 6.3569499999999985
573 5.489339999999999
574 6.3008999999999995
575 4.926522727272727
576 6.034104545454546
577 5.949330909090909
578 5.12735
579 4.783655454545454
580 5.872680909090909
581 5.692707272727272
582 4.943064545454545
583 5.080289090909091
584 6.3598918181818185
585 5.5195763636363635
586 6.2296390909090915
587 4.8665818181818175
588 5.989949999999999
589 5.92418909090909
590 5.0907409090909095
591 4.783655454545454
592 5.81599
593 5.63045
594 4.888768181818182
595 5.031507272727273
596 6.315228181818182
597 6.10568
598 6.149589090909092
599 4.801714545454545
600 5.933956363636364
601 5.874198181818182
602 5.04515
603 5.3555318181818174
604 5.774659090909091
605 5.562612727272727
606 4.830900909090909
607 4.99576090909091
608 6.268646363636363
609 6.069770909090908
610 6.149589090909092
611 4.7465
612 5.874015454545455
613 5.821452727272727
614 5.01791
615 5.311740909090909
616 5.774659090909091
617 5.4873436363636365
618 4.768643636363636
619 4.941464545454546
620 6.23352909090909
621 6.025107272727272
622 6.44801909090909
623 4.682496363636363
624 5.840970909090908
625 5.794131818181818
626 4.988324545454545
627 5.34684909090909
628 6.364369090909093
629 5.504863636363637
630 4.700806363636364
631 5.064873636363636
632 6.2095436363636365
633 6.001147272727272
634 5.182484545454546
635 4.735949090909091
636 5.85345090909091
637 5.7772
638 4.89865
639 5.300823636363636
640 6.300557272727274
641 6.0985890909090905
642 4.584206363636363
643 4.961216363636364
644 6.117136363636363
645 5.9078599999999994
646 5.083966363636363
647 5.286143636363636
648 5.760994545454545
649 5.641071818181818
650 4.819644545454545
651 5.23956909090909
652 6.245175454545455
653 6.047661818181817
654 4.584206363636363
655 4.874186363636364
656 6.044955454545454
657 5.853563636363637
658 5.035184545454546
659 5.257042727272727
660 6.347098181818183
661 5.561021818181818
662 4.774202727272727
663 5.183575454545454
664 6.195184545454546
665 6.002070909090909
666 5.176488181818182
667 4.847973636363636
668 5.977118181818182
669 5.785651818181818
670 4.96613
671 5.194460909090909
672 6.310162727272728
673 5.575010909090908
674 4.7183709090909085
675 5.118181818181818
676 6.124167272727274
677 5.9667163636363645
678 5.138120909090909
679 5.529894545454545
680 5.892452727272727
681 5.7115209090909085
682 4.931127272727273
683 5.21005909090909
684 6.358421818181819
685 6.217070909090908
686 4.663868181818182
687 5.062947272727272
688 6.076751818181819
689 5.967525454545455
690 5.099720909090909
691 5.551587272727272
692 5.896185454545454
693 5.653637272727273
694 4.882072727272727
695 5.182886363636364
696 6.311494545454545
697 6.173843636363636
698 4.663868181818182
699 4.990422727272727
700 6.016067272727273
701 5.91428
702 5.051711818181818
703 5.484796363636363
704 5.882165454545455
705 5.689271818181818
706 4.912139090909091
707 5.209377272727273
708 6.335458181818183
709 6.19588
710 4.6825518181818175
711 5.0277436363636365
712 6.04705090909091
713 5.941352727272727
714 5.095482727272728
715 5.529823636363636
716 5.8962118181818175
717 5.61642909090909
718 4.851182727272728
719 5.171013636363636
720 6.287221818181819
721 6.151598181818182
722 4.682452727272726
723 4.950895454545454
724 5.983889090909091
725 5.900435454545454
726 5.065680909090909
727 5.520773636363637
728 6.482298181818183
729 5.577676363636363
730 4.785352727272727
731 5.145564545454546
732 6.303109090909092
733 6.175447272727274
734 4.9769
735 4.94762
736 6.012785454545454
737 5.907898181818182
738 5.022726363636364
739 5.563431818181819
740 6.480723636363636
741 5.620683636363635
742 4.725472727272727
743 5.141159999999999
744 6.275535454545454
745 6.164375454545455
746 4.631066363636363
747 4.972219090909092
748 5.937516363636363
749 5.845640909090909
750 4.96843
751 5.51465
752 6.43606
753 6.206787272727272
754 4.645422727272727
755 5.076292727272727
756 6.219541818181819
757 6.114384545454545
758 4.5854754545454535
759 5.544095454545455
760 5.896185454545454
761 5.777803636363635
762 4.929140909090909
763 5.454513636363637
764 6.381505454545455
765 6.163559999999999
766 4.664848181818182
767 5.007098181818181
768 6.149163636363636
769 6.052548181818182
770 4.529675454545454
771 5.492840909090909
772 5.896185454545454
773 5.715799999999999
774 4.856004545454545
775 5.3996663636363635
776 6.332332727272728
777 6.132576363636363
778 5.270377272727273
779 4.991520909090909
780 6.099397272727273
781 5.995951818181819
782 4.498673636363636
783 5.446922727272727
784 6.5272036363636365
785 5.769314545454547
786 4.5168409090909085
787 5.366295454545455
788 6.2893872727272715
789 6.149578181818182
790 5.2344681818181815
791 5.0777245454545445
792 6.103704545454545
793 5.975130000000001
794 4.45451909090909
795 5.452911818181818
796 6.507175454545455
797 5.782979090909091
798 4.144311818181818
799 5.304038181818182
800 6.235090909090909
801 6.100796363636364
802 5.189804545454545
803 5.6638281818181815
804 6.023654545454545
805 5.910262727272727
806 4.398525454545454
807 5.402920909090908
808 6.461584545454546
809 6.354855454545455
810 4.102980909090909
811 5.236200909090909
812 6.177223636363636
813 6.049487272727273
814 5.161800909090908
815 5.62791909090909
816 6.023654545454545
817 5.839001818181819
818 4.338584545454545
819 5.350175454545454
820 6.413939090909091
821 6.3110645454545455
822 4.120814545454546
823 5.160931818181819
824 6.104087272727273
825 5.9739736363636355
826 5.061709999999999
827 5.536673636363636
828 6.573849090909092
829 5.75895181818182
830 4.221034545454545
831 5.234240909090908
832 6.318158181818182
833 6.201446363636364
834 4.671177272727273
835 5.705704545454545
836 6.010953636363637
837 5.961259090909092
838 4.697909999999999
839 5.5966736363636365
840 6.617205454545455
841 6.359391818181819
842 4.140984545454545
843 5.2010927272727265
844 6.3257472727272726
845 6.188671818181818
846 4.632777272727273
847 5.73013909090909
848 6.013433636363637
849 5.91704
850 4.339630909090908
851 5.544900909090909
852 6.588111818181818
853 6.330500909090909
854 4.140984545454545
855 5.128568181818181
856 6.265062727272727
857 6.1262454545454545
858 4.5682409090909095
859 5.670975454545454
860 6.5995372727272725
861 5.812404545454545
862 4.254291818181819
863 5.470989090909091
864 6.521993636363636
865 6.270119090909091
866 4.712860909090908
867 5.0762827272727264
868 5.866697272727273
869 6.059099090909092
870 4.516931818181818
871 5.624393636363636
872 6.563628181818182
873 5.837004545454545
874 4.200864545454546
875 5.411048181818182
876 6.469248181818181
877 6.249200000000001
878 4.669069999999999
879 5.0762827272727264
880 5.791428181818182
881 6.023568181818181
882 4.481213636363636
883 5.575611818181819
884 6.535010909090909
885 6.447708181818182
886 4.1580736363636355
887 5.41917
888 6.430426363636363
889 6.239924545454546
890 4.615688181818181
891 5.149329090909091
892 5.611509090909092
893 6.080251818181818
894 4.518037272727273
895 5.651731818181818
896 6.629387272727272
897 5.861710000000001
898 4.212672727272727
899 5.501951818181818
900 6.485388181818181
901 6.287586363636365
902 4.654142727272727
903 5.779586363636363
904 5.532812727272728
905 6.0303427272727275
906 4.462373636363636
907 5.601931818181818
908 6.583905454545455
909 6.440626363636364
910 4.158079999999999
911 5.435076363636363
912 6.428101818181818
913 6.236659090909091
914 4.607842727272726
915 5.750895454545454
916 5.518688181818183
917 5.960260909090909
918 4.403131818181818
919 5.54965909090909
920 6.22739
921 6.397108181818182
922 4.175246363636363
923 5.3612127272727275
924 6.366641818181818
925 6.207496363636364
926 4.5594518181818176
927 5.721244545454545
928 6.10479
929 5.881904545454546
930 4.339170909090909
931 5.494250909090909
932 6.177808181818182
933 6.378561818181819
934 4.790008181818181
935 5.325288181818181
936 6.2998400000000006
937 6.174873636363637
938 4.562040909090909
939 5.747988181818182
940 6.153798181818183
941 5.881792727272727
942 4.286941818181818
943 5.465601818181818
944 5.90306090909091
945 6.353643636363636
946 4.753871818181818
947 5.399600909090908
948 6.272044545454546
949 6.1513254545454545
950 4.597638181818182
951 5.738448181818182
952 6.1417245454545455
953 6.481885454545454
954 4.208586363636363
955 5.411876363636363
956 5.838734545454545
957 6.31037090909091
958 4.701226363636363
959 5.978613636363636
960 6.20464090909091
961 6.073945454545455
962 4.531234545454545
963 5.687584545454546
964 6.095479090909091
965 6.4532490909090905
966 4.194485454545454
967 5.341813636363636
968 5.779509090909092
969 6.258116363636364
970 4.653944545454545
971 5.935104545454545
972 5.895416363636364
973 6.023009090909091
974 4.487612727272727
975 5.648158181818181
976 6.047088181818182
977 6.433485454545454
978 4.780589090909091
979 5.278170909090909
980 5.715549090909092
981 6.202708181818182
982 4.6043627272727266
983 5.8898318181818174
984 6.474429090909092
985 6.018154545454545
986 4.438644545454546
987 5.638968181818182
988 5.687
989 6.411840000000001
990 4.805405454545454
991 5.337059090909091
992 5.705959090909091
993 6.182071818181819
994 4.569941818181818
995 5.872128181818181
996 6.145114545454546
997 6.018154545454545
998 4.377687272727273
999 5.662403636363636
