0 1
1 2
2 3.24483
3 4.99753
4 5.75491
5 6.87746
6 3.43873
7 4.48323
8 6.03341
9 6.82102
10 3.41051
11 4.68615
12 5.84684
13 6.80732
14 3.40366
15 4.68128
16 6.01411
17 6.80401
18 3.402
19 4.45567
20 6.0132
21 6.80321
22 3.4016
23 4.67982
24 5.84181
25 6.80301
26 3.40151
27 4.67975
28 6.01293
29 6.80297
30 3.40148
31 4.45528
32 6.01292
33 6.80296
34 3.40148
35 4.67973
36 5.84174
37 6.80295
38 3.40148
39 4.67973
40 6.01292
41 6.80295
42 3.40148
43 4.45527
44 6.01292
45 6.80295
46 3.40148
47 4.67973
48 5.84173
49 6.80295
50 3.40148
51 4.89341
52 6.01292
53 6.80295
54 3.40148
55 4.67973
56 6.17922
57 6.80295
58 3.40148
59 4.67973
60 6.01292
61 6.80295
62 3.40148
63 4.89341
64 6.01292
65 6.80295
66 3.40148
67 4.67973
68 6.17922
69 6.80295
70 3.40148
71 4.67973
72 6.01292
73 6.80295
74 3.40148
75 4.89341
76 6.01292
77 6.80295
78 3.40148
79 4.67973
80 6.17922
81 6.80295
82 3.40148
83 4.67973
84 6.01292
85 6.80295
86 3.40148
87 4.89341
88 6.01292
89 6.80295
90 3.40148
91 4.67973
92 6.17922
93 6.80295
94 3.40148
95 4.67973
96 6.01292
97 6.80295
98 3.40148
99 4.89341
100 6.01292
101 6.80295
102 3.40148
103 4.89341
104 6.17922
105 6.80295
106 3.40148
107 4.67973
108 6.17922
109 6.80295
110 3.40148
111 5.09777
112 6.01292
113 6.80295
114 3.40148
115 4.89341
116 6.17922
117 6.80295
118 3.40148
119 4.67973
120 6.17922
121 6.80295
122 3.40148
123 5.09777
124 6.01292
125 6.80295
126 3.40148
127 4.89341
128 6.17922
129 6.80295
130 3.40148
131 4.67973
132 6.17922
133 6.80295
134 3.40148
135 5.09777
136 6.01292
137 6.80295
138 3.40148
139 4.89341
140 6.17922
141 6.80295
142 3.40148
143 4.67973
144 6.17922
145 6.80295
146 3.40148
147 5.09777
148 6.01292
149 6.80295
150 3.40148
151 4.89341
152 6.17922
153 6.80295
154 3.40148
155 4.89341
156 6.34106
157 6.80295
158 3.40148
159 5.09777
160 6.01292
161 6.80295
162 3.69547
163 5.09777
164 6.17922
165 6.80295
166 3.40148
167 4.89341
168 6.34106
169 6.80295
170 3.40148
171 5.09777
172 6.01292
173 6.80295
174 3.69547
175 5.09777
176 6.17922
177 6.80295
178 3.40148
179 4.89341
180 6.34106
181 6.80295
182 3.40148
183 5.09777
184 6.01292
185 6.80295
186 3.69547
187 5.09777
188 6.17922
189 6.80295
190 3.40148
191 4.89341
192 6.34106
193 6.80295
194 3.40148
195 5.09777
196 6.01292
197 6.80295
198 3.69547
199 5.09777
200 6.17922
201 6.80295
202 3.40148
203 4.89341
204 6.34106
205 6.80295
206 3.40148
207 5.09777
208 6.01292
209 6.80295
210 3.69547
211 5.29394
212 6.17922
213 6.80295
214 3.69547
215 5.09777
216 6.34106
217 6.80295
218 3.40148
219 5.09777
220 6.01292
221 6.80295
222 3.69547
223 5.29394
224 6.17922
225 6.80295
226 3.69547
227 5.09777
228 6.34106
229 6.80295
230 3.40148
231 5.09777
232 6.01292
233 6.80295
234 3.69547
235 5.29394
236 6.17922
237 6.80295
238 3.69547
239 5.09777
240 6.34106
241 6.80295
242 3.40148
243 5.09777
244 6.01292
245 6.80295
246 3.69547
247 5.29394
248 6.17922
249 6.80295
250 3.69547
251 5.09777
252 6.34106
253 6.80295
254 3.40148
255 5.09777
256 6.01292
257 3.40148
258 3.69547
259 5.29394
260 6.17922
261 6.80295
262 3.96607
263 5.29394
264 6.34106
265 6.80295
266 3.69547
267 5.09777
268 6.17922
269 3.40148
270 3.69547
271 5.29394
272 6.17922
273 6.80295
274 3.96607
275 5.29394
276 6.34106
277 6.80295
278 3.69547
279 5.09777
280 6.17922
281 3.40148
282 3.69547
283 5.29394
284 6.17922
285 6.80295
286 3.96607
287 5.29394
288 6.34106
289 6.80295
290 3.69547
291 5.09777
292 6.17922
293 3.40148
294 3.69547
295 5.29394
296 6.17922
297 6.80295
298 3.96607
299 5.29394
300 6.34106
301 6.80295
302 3.69547
303 5.09777
304 6.17922
305 3.40148
306 3.69547
307 5.29394
308 6.17922
309 3.40148
310 3.96607
311 5.48283
312 6.34106
313 6.80295
314 3.96607
315 5.09777
316 6.34106
317 3.40148
318 3.69547
319 5.29394
320 6.17922
321 3.40148
322 3.96607
323 5.48283
324 6.34106
325 6.80295
326 3.96607
327 5.09777
328 6.34106
329 3.40148
330 3.69547
331 5.29394
332 6.17922
333 3.40148
334 3.96607
335 5.48283
336 6.34106
337 6.80295
338 3.96607
339 5.09777
340 6.34106
341 3.40148
342 3.69547
343 5.29394
344 6.17922
345 3.40148
346 3.96607
347 5.48283
348 6.34106
349 6.80295
350 3.96607
351 5.09777
352 6.34106
353 3.40148
354 3.69547
355 5.29394
356 6.17922
357 3.40148
358 3.96607
359 5.48283
360 6.34106
361 3.40148
362 4.21821
363 5.29394
364 6.49876
365 3.40148
366 3.96607
367 5.29394
368 6.34106
369 3.40148
370 3.96607
371 5.48283
372 6.34106
373 3.40148
374 4.21821
375 5.29394
376 6.49876
377 3.40148
378 3.96607
379 5.29394
380 6.34106
381 3.40148
382 3.96607
383 5.48283
384 6.34106
385 3.40148
386 4.21821
387 5.29394
388 6.49876
389 3.40148
390 3.96607
391 5.29394
392 6.34106
393 3.40148
394 3.96607
395 5.48283
396 6.34106
397 3.40148
398 4.21821
399 5.29394
400 6.49876
401 3.40148
402 3.96607
403 5.29394
404 6.34106
405 3.40148
406 3.96607
407 5.48283
408 6.34106
409 3.40148
410 4.21821
411 5.29394
412 6.49876
413 3.40148
414 4.21821
415 5.29394
416 6.49876
417 3.40148
418 3.96607
419 5.48283
420 6.34106
421 3.40148
422 4.21821
423 5.48283
424 6.65264
425 3.40148
426 4.21821
427 5.29394
428 6.49876
429 3.40148
430 3.96607
431 5.48283
432 6.34106
433 3.40148
434 4.21821
435 5.48283
436 6.65264
437 3.40148
438 4.21821
439 5.29394
440 6.49876
441 3.40148
442 3.96607
443 5.48283
444 6.34106
445 3.40148
446 4.21821
447 5.48283
448 6.65264
449 3.40148
450 4.21821
451 5.29394
452 6.49876
453 3.40148
454 3.96607
455 5.48283
456 6.34106
457 3.40148
458 4.21821
459 5.48283
460 6.65264
461 3.40148
462 4.21821
463 5.29394
464 6.49876
465 3.40148
466 4.21821
467 5.48283
468 6.49876
469 3.40148
470 4.21821
471 5.66522
472 6.80295
473 3.40148
474 4.45527
475 5.48283
476 6.65264
477 3.40148
478 4.21821
479 5.48283
480 6.49876
481 3.40148
482 4.21821
483 5.66522
484 6.80295
485 3.40148
486 4.45527
487 5.48283
488 6.65264
489 3.40148
490 4.21821
491 5.48283
492 6.49876
493 3.40148
494 4.21821
495 5.66522
496 6.80295
497 3.40148
498 4.45527
499 5.48283
500 6.65264
501 3.40148
502 4.21821
503 5.48283
504 6.49876
505 3.40148
506 4.21821
507 5.66522
508 6.80295
509 3.40148
510 4.45527
511 5.48283
512 6.65264
513 3.40148
514 4.21821
515 5.48283
516 6.49876
517 3.40148
518 4.21821
519 5.84173
520 6.80295
521 3.40148
522 4.45527
523 5.66522
524 6.80295
525 3.40148
526 4.45527
527 5.48283
528 6.65264
529 3.40148
530 4.21821
531 5.84173
532 6.80295
533 3.40148
534 4.45527
535 5.66522
536 6.80295
537 3.40148
538 4.45527
539 5.48283
540 6.65264
541 3.40148
542 4.21821
543 5.84173
544 6.80295
545 3.40148
546 4.45527
547 5.66522
548 6.80295
549 3.40148
550 4.45527
551 5.48283
552 6.65264
553 3.40148
554 4.21821
555 5.84173
556 6.80295
557 3.40148
558 4.45527
559 5.66522
560 6.80295
561 3.40148
562 4.45527
563 5.48283
564 6.65264
565 3.40148
566 4.21821
567 5.84173
568 6.80295
569 3.40148
570 4.45527
571 5.84173
572 6.80295
573 3.40148
574 4.67973
575 5.66522
576 6.80295
577 3.40148
578 4.45527
579 6.01292
580 6.80295
581 3.40148
582 4.45527
583 5.84173
584 6.80295
585 3.40148
586 4.67973
587 5.66522
588 6.80295
589 3.40148
590 4.45527
591 6.01292
592 6.80295
593 3.40148
594 4.45527
595 5.84173
596 6.80295
597 3.40148
598 4.67973
599 5.66522
600 6.80295
601 3.40148
602 4.45527
603 6.01292
604 6.80295
605 3.40148
606 4.45527
607 5.84173
608 6.80295
609 3.40148
610 4.67973
611 5.66522
612 6.80295
613 3.40148
614 4.45527
615 6.01292
616 6.80295
617 3.40148
618 4.45527
619 5.84173
620 6.80295
621 3.40148
622 4.67973
623 5.84173
624 6.80295
625 3.40148
626 4.67973
627 6.01292
628 6.80295
629 3.40148
630 4.45527
631 6.01292
632 6.80295
633 3.40148
634 4.67973
635 5.84173
636 6.80295
637 3.40148
638 4.67973
639 6.01292
640 6.80295
641 3.40148
642 4.45527
643 6.01292
644 6.80295
645 3.40148
646 4.67973
647 5.84173
648 6.80295
649 3.40148
650 4.67973
651 6.01292
652 6.80295
653 3.40148
654 4.45527
655 6.01292
656 6.80295
657 3.40148
658 4.67973
659 5.84173
660 6.80295
661 3.40148
662 4.67973
663 6.01292
664 6.80295
665 3.40148
666 4.45527
667 6.01292
668 6.80295
669 3.40148
670 4.67973
671 5.84173
672 6.80295
673 3.40148
674 4.89341
675 6.01292
676 6.80295
677 3.40148
678 4.67973
679 6.17922
680 6.80295
681 3.40148
682 4.67973
683 6.01292
684 6.80295
685 3.40148
686 4.89341
687 6.01292
688 6.80295
689 3.40148
690 4.67973
691 6.17922
692 6.80295
693 3.40148
694 4.67973
695 6.01292
696 6.80295
697 3.40148
698 4.89341
699 6.01292
700 6.80295
701 3.40148
702 4.67973
703 6.17922
704 6.80295
705 3.40148
706 4.67973
707 6.01292
708 6.80295
709 3.40148
710 4.89341
711 6.01292
712 6.80295
713 3.40148
714 4.67973
715 6.17922
716 6.80295
717 3.40148
718 4.67973
719 6.01292
720 6.80295
721 3.40148
722 4.89341
723 6.01292
724 6.80295
725 3.40148
726 4.89341
727 6.17922
728 6.80295
729 3.40148
730 4.67973
731 6.17922
732 6.80295
733 3.40148
734 5.09777
735 6.01292
736 6.80295
737 3.40148
738 4.89341
739 6.17922
740 6.80295
741 3.40148
742 4.67973
743 6.17922
744 6.80295
745 3.40148
746 5.09777
747 6.01292
748 6.80295
749 3.40148
750 4.89341
751 6.17922
752 6.80295
753 3.40148
754 4.67973
755 6.17922
756 6.80295
757 3.40148
758 5.09777
759 6.01292
760 6.80295
761 3.40148
762 4.89341
763 6.17922
764 6.80295
765 3.40148
766 4.67973
767 6.17922
768 6.80295
769 3.40148
770 5.09777
771 6.01292
772 6.80295
773 3.40148
774 4.89341
775 6.17922
776 6.80295
777 3.40148
778 4.89341
779 6.34106
780 6.80295
781 3.40148
782 5.09777
783 6.01292
784 6.80295
785 3.69547
786 5.09777
787 6.17922
788 6.80295
789 3.40148
790 4.89341
791 6.34106
792 6.80295
793 3.40148
794 5.09777
795 6.01292
796 6.80295
797 3.69547
798 5.09777
799 6.17922
800 6.80295
801 3.40148
802 4.89341
803 6.34106
804 6.80295
805 3.40148
806 5.09777
807 6.01292
808 6.80295
809 3.69547
810 5.09777
811 6.17922
812 6.80295
813 3.40148
814 4.89341
815 6.34106
816 6.80295
817 3.40148
818 5.09777
819 6.01292
820 6.80295
821 3.69547
822 5.09777
823 6.17922
824 6.80295
825 3.40148
826 4.89341
827 6.34106
828 6.80295
829 3.40148
830 5.09777
831 6.01292
832 6.80295
833 3.69547
834 5.29394
835 6.17922
836 6.80295
837 3.69547
838 5.09777
839 6.34106
840 6.80295
841 3.40148
842 5.09777
843 6.01292
844 6.80295
845 3.69547
846 5.29394
847 6.17922
848 6.80295
849 3.69547
850 5.09777
851 6.34106
852 6.80295
853 3.40148
854 5.09777
855 6.01292
856 6.80295
857 3.69547
858 5.29394
859 6.17922
860 6.80295
861 3.69547
862 5.09777
863 6.34106
864 6.80295
865 3.40148
866 5.09777
867 6.01292
868 6.80295
869 3.69547
870 5.29394
871 6.17922
872 6.80295
873 3.69547
874 5.09777
875 6.34106
876 6.80295
877 3.40148
878 5.09777
879 6.01292
880 6.80295
881 3.69547
882 5.29394
883 6.17922
884 6.80295
885 3.96607
886 5.29394
887 6.34106
888 6.80295
889 3.69547
890 5.09777
891 6.17922
892 3.40148
893 3.69547
894 5.29394
895 6.17922
896 6.80295
897 3.96607
898 5.29394
899 6.34106
900 6.80295
901 3.69547
902 5.09777
903 6.17922
904 3.40148
905 3.69547
906 5.29394
907 6.17922
908 6.80295
909 3.96607
910 5.29394
911 6.34106
912 6.80295
913 3.69547
914 5.09777
915 6.17922
916 3.40148
917 3.69547
918 5.29394
919 6.17922
920 6.80295
921 3.96607
922 5.29394
923 6.34106
924 6.80295
925 3.69547
926 5.09777
927 6.17922
928 3.40148
929 3.69547
930 5.29394
931 6.17922
932 6.80295
933 3.96607
934 5.48283
935 6.34106
936 6.80295
937 3.96607
938 5.09777
939 6.34106
940 3.40148
941 3.69547
942 5.29394
943 6.17922
944 3.40148
945 3.96607
946 5.48283
947 6.34106
948 6.80295
949 3.96607
950 5.09777
951 6.34106
952 3.40148
953 3.69547
954 5.29394
955 6.17922
956 3.40148
957 3.96607
958 5.48283
959 6.34106
960 6.80295
961 3.96607
962 5.09777
963 6.34106
964 3.40148
965 3.69547
966 5.29394
967 6.17922
968 3.40148
969 3.96607
970 5.48283
971 6.34106
972 6.80295
973 3.96607
974 5.09777
975 6.34106
976 3.40148
977 3.69547
978 5.29394
979 6.17922
980 3.40148
981 3.96607
982 5.48283
983 6.34106
984 6.80295
985 4.21821
986 5.29394
987 6.49876
988 3.40148
989 3.96607
990 5.29394
991 6.34106
992 3.40148
993 3.96607
994 5.48283
995 6.34106
996 3.40148
997 4.21821
998 5.29394
999 6.49876
