0 1
1 1
2 2.9
3 1
4 3.24483
5 4.33944
6 4.78871
7 2.39435
8 3.48332
9 4.94931
10 5.88834
11 2.94417
12 4.12562
13 5.02219
14 6.11743
15 6.89523
16 3.73767
17 5.32289
18 6.20393
19 6.82535
20 3.97555
21 4.90102
22 5.84806
23 2.92403
24 3.85215
25 5.21048
26 6.10824
27 6.88709
28 3.73395
29 5.32033
30 6.20174
31 6.82336
32 3.97471
33 5.10441
34 6.34636
35 6.80788
36 3.69772
37 5.09937
38 6.01427
39 6.80414
40 3.69601
41 5.29431
42 6.17954
43 6.80324
44 3.96619
45 5.09786
46 6.34113
47 6.80302
48 3.6955
49 5.09779
50 6.01294
51 6.80297
52 3.69547
53 5.29394
54 6.17923
55 6.80296
56 3.96607
57 5.29394
58 6.34106
59 6.80295
60 3.96607
61 5.09777
62 6.01292
63 6.80295
64 3.69547
65 5.29394
66 6.17922
67 6.80295
68 3.96607
69 5.29394
70 6.34106
71 6.80295
72 3.96607
73 5.09777
74 6.01292
75 6.80295
76 3.69547
77 5.29394
78 6.17922
79 6.80295
80 3.96607
81 5.29394
82 6.34106
83 6.80295
84 3.96607
85 5.09777
86 6.01292
87 6.80295
88 3.69547
89 5.29394
90 6.17922
91 6.80295
92 3.96607
93 5.29394
94 6.34106
95 6.80295
96 3.96607
97 5.09777
98 6.01292
99 6.80295
100 3.69547
101 5.29394
102 6.17922
103 6.80295
104 3.96607
105 5.29394
106 6.34106
107 6.80295
108 4.21821
109 5.09777
110 6.17922
111 3.40148
112 3.96607
113 5.29394
114 6.17922
115 6.80295
116 3.96607
117 5.48283
118 6.34106
119 6.80295
120 4.21821
121 5.09777
122 6.17922
123 3.40148
124 3.96607
125 5.29394
126 6.17922
127 6.80295
128 3.96607
129 5.48283
130 6.34106
131 6.80295
132 4.21821
133 5.09777
134 6.17922
135 3.40148
136 3.96607
137 5.29394
138 6.17922
139 6.80295
140 3.96607
141 5.48283
142 6.34106
143 6.80295
144 4.21821
145 5.09777
146 6.17922
147 3.40148
148 3.96607
149 5.29394
150 6.17922
151 6.80295
152 3.96607
153 5.48283
154 6.34106
155 6.80295
156 4.21821
157 5.09777
158 6.17922
159 3.40148
160 4.21821
161 5.29394
162 6.17922
163 3.40148
164 3.96607
165 5.48283
166 6.34106
167 6.80295
168 4.21821
169 5.09777
170 6.34106
171 3.40148
172 4.21821
173 5.29394
174 6.17922
175 3.40148
176 3.96607
177 5.48283
178 6.34106
179 6.80295
180 4.21821
181 5.09777
182 6.34106
183 3.40148
184 4.21821
185 5.29394
186 6.17922
187 3.40148
188 3.96607
189 5.48283
190 6.34106
191 6.80295
192 4.21821
193 5.09777
194 6.34106
195 3.40148
196 4.21821
197 5.29394
198 6.17922
199 3.40148
200 3.96607
201 5.48283
202 6.34106
203 6.80295
204 4.21821
205 5.09777
206 6.34106
207 3.40148
208 4.21821
209 5.29394
210 6.17922
211 3.40148
212 4.21821
213 5.48283
214 6.34106
215 3.40148
216 4.21821
217 5.29394
218 6.49876
219 3.40148
220 4.45527
221 5.29394
222 6.34106
223 3.40148
224 4.21821
225 5.48283
226 6.34106
227 3.40148
228 4.21821
229 5.29394
230 6.49876
231 3.40148
232 4.45527
233 5.29394
234 6.34106
235 3.40148
236 4.21821
237 5.48283
238 6.34106
239 3.40148
240 4.21821
241 5.29394
242 6.49876
243 3.40148
244 4.45527
245 5.29394
246 6.34106
247 3.40148
248 4.21821
249 5.48283
250 6.34106
251 3.40148
252 4.21821
253 5.29394
254 6.49876
255 3.40148
256 4.45527
257 5.29394
258 6.34106
259 3.40148
260 4.21821
261 5.48283
262 6.34106
263 3.40148
264 4.21821
265 5.48283
266 6.65264
267 3.40148
268 4.45527
269 5.29394
270 6.49876
271 3.40148
272 4.45527
273 5.48283
274 6.34106
275 3.40148
276 4.21821
277 5.48283
278 6.65264
279 3.40148
280 4.45527
281 5.29394
282 6.49876
283 3.40148
284 4.45527
285 5.48283
286 6.34106
287 3.40148
288 4.21821
289 5.48283
290 6.65264
291 3.40148
292 4.45527
293 5.29394
294 6.49876
295 3.40148
296 4.45527
297 5.48283
298 6.34106
299 3.40148
300 4.21821
301 5.48283
302 6.65264
303 3.40148
304 4.45527
305 5.29394
306 6.49876
307 3.40148
308 4.45527
309 5.48283
310 6.34106
311 3.40148
312 4.21821
313 5.48283
314 6.65264
315 3.40148
316 4.45527
317 5.48283
318 6.65264
319 3.40148
320 4.67973
321 5.48283
322 6.49876
323 3.40148
324 4.21821
325 5.66522
326 6.80295
327 3.40148
328 4.45527
329 5.48283
330 6.65264
331 3.40148
332 4.67973
333 5.48283
334 6.49876
335 3.40148
336 4.21821
337 5.66522
338 6.80295
339 3.40148
340 4.45527
341 5.48283
342 6.65264
343 3.40148
344 4.67973
345 5.48283
346 6.49876
347 3.40148
348 4.21821
349 5.66522
350 6.80295
351 3.40148
352 4.45527
353 5.48283
354 6.65264
355 3.40148
356 4.67973
357 5.48283
358 6.49876
359 3.40148
360 4.21821
361 5.66522
362 6.80295
363 3.40148
364 4.45527
365 5.48283
366 6.65264
367 3.40148
368 4.67973
369 5.48283
370 6.65264
371 3.40148
372 4.45527
373 5.84173
374 6.80295
375 3.40148
376 4.45527
377 5.66522
378 6.80295
379 3.40148
380 4.67973
381 5.48283
382 6.65264
383 3.40148
384 4.45527
385 5.84173
386 6.80295
387 3.40148
388 4.45527
389 5.66522
390 6.80295
391 3.40148
392 4.67973
393 5.48283
394 6.65264
395 3.40148
396 4.45527
397 5.84173
398 6.80295
399 3.40148
400 4.45527
401 5.66522
402 6.80295
403 3.40148
404 4.67973
405 5.48283
406 6.65264
407 3.40148
408 4.45527
409 5.84173
410 6.80295
411 3.40148
412 4.45527
413 5.66522
414 6.80295
415 3.40148
416 4.67973
417 5.48283
418 6.65264
419 3.40148
420 4.67973
421 6.01292
422 6.80295
423 3.40148
424 4.45527
425 5.84173
426 6.80295
427 3.40148
428 4.67973
429 5.66522
430 6.80295
431 3.40148
432 4.67973
433 6.01292
434 6.80295
435 3.40148
436 4.45527
437 5.84173
438 6.80295
439 3.40148
440 4.67973
441 5.66522
442 6.80295
443 3.40148
444 4.67973
445 6.01292
446 6.80295
447 3.40148
448 4.45527
449 5.84173
450 6.80295
451 3.40148
452 4.67973
453 5.66522
454 6.80295
455 3.40148
456 4.67973
457 6.01292
458 6.80295
459 3.40148
460 4.45527
461 5.84173
462 6.80295
463 3.40148
464 4.67973
465 5.66522
466 6.80295
467 3.40148
468 4.67973
469 6.01292
470 6.80295
471 3.40148
472 4.67973
473 6.01292
474 6.80295
475 3.40148
476 4.67973
477 5.84173
478 6.80295
479 3.40148
480 4.89341
481 6.01292
482 6.80295
483 3.40148
484 4.67973
485 6.01292
486 6.80295
487 3.40148
488 4.67973
489 5.84173
490 6.80295
491 3.40148
492 4.89341
493 6.01292
494 6.80295
495 3.40148
496 4.67973
497 6.01292
498 6.80295
499 3.40148
500 4.67973
501 5.84173
502 6.80295
503 3.40148
504 4.89341
505 6.01292
506 6.80295
507 3.40148
508 4.67973
509 6.01292
510 6.80295
511 3.40148
512 4.67973
513 5.84173
514 6.80295
515 3.40148
516 4.89341
517 6.01292
518 6.80295
519 3.40148
520 4.67973
521 6.01292
522 6.80295
523 3.40148
524 4.67973
525 6.01292
526 6.80295
527 3.40148
528 5.09777
529 6.01292
530 6.80295
531 3.69547
532 4.89341
533 6.17922
534 6.80295
535 3.40148
536 4.67973
537 6.01292
538 6.80295
539 3.40148
540 5.09777
541 6.01292
542 6.80295
543 3.69547
544 4.89341
545 6.17922
546 6.80295
547 3.40148
548 4.67973
549 6.01292
550 6.80295
551 3.40148
552 5.09777
553 6.01292
554 6.80295
555 3.69547
556 4.89341
557 6.17922
558 6.80295
559 3.40148
560 4.67973
561 6.01292
562 6.80295
563 3.40148
564 5.09777
565 6.01292
566 6.80295
567 3.69547
568 4.89341
569 6.17922
570 6.80295
571 3.40148
572 4.67973
573 6.01292
574 6.80295
575 3.40148
576 5.09777
577 6.01292
578 6.80295
579 3.69547
580 5.09777
581 6.17922
582 6.80295
583 3.69547
584 4.89341
585 6.17922
586 6.80295
587 3.40148
588 5.09777
589 6.01292
590 6.80295
591 3.69547
592 5.09777
593 6.17922
594 6.80295
595 3.69547
596 4.89341
597 6.17922
598 6.80295
599 3.40148
600 5.09777
601 6.01292
602 6.80295
603 3.69547
604 5.09777
605 6.17922
606 6.80295
607 3.69547
608 4.89341
609 6.17922
610 6.80295
611 3.40148
612 5.09777
613 6.01292
614 6.80295
615 3.69547
616 5.09777
617 6.17922
618 6.80295
619 3.69547
620 4.89341
621 6.17922
622 6.80295
623 3.40148
624 5.09777
625 6.01292
626 6.80295
627 3.69547
628 5.29394
629 6.17922
630 6.80295
631 3.96607
632 5.09777
633 6.34106
634 6.80295
635 3.69547
636 5.09777
637 6.01292
638 6.80295
639 3.69547
640 5.29394
641 6.17922
642 6.80295
643 3.96607
644 5.09777
645 6.34106
646 6.80295
647 3.69547
648 5.09777
649 6.01292
650 6.80295
651 3.69547
652 5.29394
653 6.17922
654 6.80295
655 3.96607
656 5.09777
657 6.34106
658 6.80295
659 3.69547
660 5.09777
661 6.01292
662 6.80295
663 3.69547
664 5.29394
665 6.17922
666 6.80295
667 3.96607
668 5.09777
669 6.34106
670 6.80295
671 3.69547
672 5.09777
673 6.01292
674 6.80295
675 3.69547
676 5.29394
677 6.17922
678 6.80295
679 3.96607
680 5.29394
681 6.34106
682 6.80295
683 3.96607
684 5.09777
685 6.01292
686 6.80295
687 3.69547
688 5.29394
689 6.17922
690 6.80295
691 3.96607
692 5.29394
693 6.34106
694 6.80295
695 3.96607
696 5.09777
697 6.01292
698 6.80295
699 3.69547
700 5.29394
701 6.17922
702 6.80295
703 3.96607
704 5.29394
705 6.34106
706 6.80295
707 3.96607
708 5.09777
709 6.01292
710 6.80295
711 3.69547
712 5.29394
713 6.17922
714 6.80295
715 3.96607
716 5.29394
717 6.34106
718 6.80295
719 3.96607
720 5.09777
721 6.01292
722 6.80295
723 3.69547
724 5.29394
725 6.17922
726 6.80295
727 3.96607
728 5.29394
729 6.34106
730 6.80295
731 3.96607
732 5.09777
733 6.17922
734 3.40148
735 3.96607
736 5.29394
737 6.17922
738 6.80295
739 3.96607
740 5.48283
741 6.34106
742 6.80295
743 4.21821
744 5.09777
745 6.17922
746 3.40148
747 3.96607
748 5.29394
749 6.17922
750 6.80295
751 3.96607
752 5.48283
753 6.34106
754 6.80295
755 4.21821
756 5.09777
757 6.17922
758 3.40148
759 3.96607
760 5.29394
761 6.17922
762 6.80295
763 3.96607
764 5.48283
765 6.34106
766 6.80295
767 4.21821
768 5.09777
769 6.17922
770 3.40148
771 3.96607
772 5.29394
773 6.17922
774 6.80295
775 3.96607
776 5.48283
777 6.34106
778 6.80295
779 4.21821
780 5.09777
781 6.17922
782 3.40148
783 3.96607
784 5.29394
785 6.17922
786 3.40148
787 3.96607
788 5.48283
789 6.34106
790 6.80295
791 4.21821
792 5.09777
793 6.34106
794 3.40148
795 4.21821
796 5.29394
797 6.17922
798 3.40148
799 3.96607
800 5.48283
801 6.34106
802 6.80295
803 4.21821
804 5.09777
805 6.34106
806 3.40148
807 4.21821
808 5.29394
809 6.17922
810 3.40148
811 3.96607
812 5.48283
813 6.34106
814 6.80295
815 4.21821
816 5.09777
817 6.34106
818 3.40148
819 4.21821
820 5.29394
821 6.17922
822 3.40148
823 3.96607
824 5.48283
825 6.34106
826 6.80295
827 4.21821
828 5.09777
829 6.34106
830 3.40148
831 4.21821
832 5.29394
833 6.17922
834 3.40148
835 3.96607
836 5.48283
837 6.34106
838 3.40148
839 4.21821
840 5.29394
841 6.49876
842 3.40148
843 4.45527
844 5.29394
845 6.34106
846 3.40148
847 4.21821
848 5.48283
849 6.34106
850 3.40148
851 4.21821
852 5.29394
853 6.49876
854 3.40148
855 4.45527
856 5.29394
857 6.34106
858 3.40148
859 4.21821
860 5.48283
861 6.34106
862 3.40148
863 4.21821
864 5.29394
865 6.49876
866 3.40148
867 4.45527
868 5.29394
869 6.34106
870 3.40148
871 4.21821
872 5.48283
873 6.34106
874 3.40148
875 4.21821
876 5.29394
877 6.49876
878 3.40148
879 4.45527
880 5.29394
881 6.34106
882 3.40148
883 4.21821
884 5.48283
885 6.34106
886 3.40148
887 4.21821
888 5.48283
889 6.65264
890 3.40148
891 4.45527
892 5.29394
893 6.49876
894 3.40148
895 4.45527
896 5.48283
897 6.34106
898 3.40148
899 4.21821
900 5.48283
901 6.65264
902 3.40148
903 4.45527
904 5.29394
905 6.49876
906 3.40148
907 4.45527
908 5.48283
909 6.34106
910 3.40148
911 4.21821
912 5.48283
913 6.65264
914 3.40148
915 4.45527
916 5.29394
917 6.49876
918 3.40148
919 4.45527
920 5.48283
921 6.34106
922 3.40148
923 4.21821
924 5.48283
925 6.65264
926 3.40148
927 4.45527
928 5.29394
929 6.49876
930 3.40148
931 4.45527
932 5.48283
933 6.34106
934 3.40148
935 4.21821
936 5.48283
937 6.65264
938 3.40148
939 4.45527
940 5.48283
941 6.65264
942 3.40148
943 4.67973
944 5.48283
945 6.49876
946 3.40148
947 4.21821
948 5.66522
949 6.80295
950 3.40148
951 4.45527
952 5.48283
953 6.65264
954 3.40148
955 4.67973
956 5.48283
957 6.49876
958 3.40148
959 4.21821
960 5.66522
961 6.80295
962 3.40148
963 4.45527
964 5.48283
965 6.65264
966 3.40148
967 4.67973
968 5.48283
969 6.49876
970 3.40148
971 4.21821
972 5.66522
973 6.80295
974 3.40148
975 4.45527
976 5.48283
977 6.65264
978 3.40148
979 4.67973
980 5.48283
981 6.49876
982 3.40148
983 4.21821
984 5.66522
985 6.80295
986 3.40148
987 4.45527
988 5.48283
989 6.65264
990 3.40148
991 4.67973
992 5.48283
993 6.65264
994 3.40148
995 4.45527
996 5.84173
997 6.80295
998 3.40148
999 4.45527
