0 1
1 2
2 3.24483
3 4.33944
4 5.75491
5 6.87746
6 3.43873
7 4.48323
8 5.68701
9 6.82102
10 3.41051
11 4.46204
12 5.48828
13 6.6571
14 3.40366
15 4.21994
16 5.84297
17 6.80401
18 3.402
19 4.45567
20 5.66553
21 6.80321
22 3.4016
23 4.45537
24 5.48291
25 6.6527
26 3.40151
27 4.21823
28 5.84175
29 6.80297
30 3.40148
31 4.45528
32 5.66522
33 6.80296
34 3.40148
35 4.45528
36 5.48283
37 6.65264
38 3.40148
39 4.21821
40 5.84173
41 6.80295
42 3.40148
43 4.45527
44 5.66522
45 6.80295
46 3.40148
47 4.45527
48 5.66522
49 6.80295
50 3.40148
51 4.45527
52 6.01292
53 6.80295
54 3.40148
55 4.45527
56 5.84173
57 6.80295
58 3.40148
59 4.67973
60 5.66522
61 6.80295
62 3.40148
63 4.45527
64 6.01292
65 6.80295
66 3.40148
67 4.45527
68 5.84173
69 6.80295
70 3.40148
71 4.67973
72 5.66522
73 6.80295
74 3.40148
75 4.45527
76 6.01292
77 6.80295
78 3.40148
79 4.45527
80 5.84173
81 6.80295
82 3.40148
83 4.67973
84 5.66522
85 6.80295
86 3.40148
87 4.45527
88 6.01292
89 6.80295
90 3.40148
91 4.45527
92 5.84173
93 6.80295
94 3.40148
95 4.67973
96 5.66522
97 6.80295
98 3.40148
99 4.45527
100 6.01292
101 6.80295
102 3.40148
103 4.45527
104 6.01292
105 6.80295
106 3.40148
107 4.67973
108 5.84173
109 6.80295
110 3.40148
111 4.67973
112 6.01292
113 6.80295
114 3.40148
115 4.45527
116 6.01292
117 6.80295
118 3.40148
119 4.67973
120 5.84173
121 6.80295
122 3.40148
123 4.67973
124 6.01292
125 6.80295
126 3.40148
127 4.45527
128 6.01292
129 6.80295
130 3.40148
131 4.67973
132 5.84173
133 6.80295
134 3.40148
135 4.67973
136 6.01292
137 6.80295
138 3.40148
139 4.45527
140 6.01292
141 6.80295
142 3.40148
143 4.67973
144 5.84173
145 6.80295
146 3.40148
147 4.67973
148 6.01292
149 6.80295
150 3.40148
151 4.45527
152 6.17922
153 6.80295
154 3.40148
155 4.67973
156 6.01292
157 6.80295
158 3.40148
159 4.89341
160 6.01292
161 6.80295
162 3.40148
163 4.67973
164 6.17922
165 6.80295
166 3.40148
167 4.67973
168 6.01292
169 6.80295
170 3.40148
171 4.89341
172 6.01292
173 6.80295
174 3.40148
175 4.67973
176 6.17922
177 6.80295
178 3.40148
179 4.67973
180 6.01292
181 6.80295
182 3.40148
183 4.89341
184 6.01292
185 6.80295
186 3.40148
187 4.67973
188 6.17922
189 6.80295
190 3.40148
191 4.67973
192 6.01292
193 6.80295
194 3.40148
195 4.89341
196 6.01292
197 6.80295
198 3.40148
199 4.67973
200 6.17922
201 6.80295
202 3.40148
203 4.67973
204 6.17922
205 6.80295
206 3.40148
207 5.09777
208 6.01292
209 6.80295
210 3.40148
211 4.89341
212 6.17922
213 6.80295
214 3.40148
215 4.67973
216 6.17922
217 6.80295
218 3.40148
219 5.09777
220 6.01292
221 6.80295
222 3.40148
223 4.89341
224 6.17922
225 6.80295
226 3.40148
227 4.67973
228 6.17922
229 6.80295
230 3.40148
231 5.09777
232 6.01292
233 6.80295
234 3.40148
235 4.89341
236 6.17922
237 6.80295
238 3.40148
239 4.67973
240 6.17922
241 6.80295
242 3.40148
243 5.09777
244 6.01292
245 6.80295
246 3.40148
247 4.89341
248 6.17922
249 6.80295
250 3.40148
251 4.67973
252 6.17922
253 6.80295
254 3.40148
255 5.09777
256 6.01292
257 6.80295
258 3.69547
259 5.09777
260 6.17922
261 6.80295
262 3.40148
263 4.89341
264 6.34106
265 6.80295
266 3.40148
267 5.09777
268 6.01292
269 6.80295
270 3.69547
271 5.09777
272 6.17922
273 6.80295
274 3.40148
275 4.89341
276 6.34106
277 6.80295
278 3.40148
279 5.09777
280 6.01292
281 6.80295
282 3.69547
283 5.09777
284 6.17922
285 6.80295
286 3.40148
287 4.89341
288 6.34106
289 6.80295
290 3.40148
291 5.09777
292 6.01292
293 6.80295
294 3.69547
295 5.09777
296 6.17922
297 6.80295
298 3.40148
299 4.89341
300 6.34106
301 6.80295
302 3.40148
303 5.09777
304 6.01292
305 6.80295
306 3.69547
307 5.09777
308 6.17922
309 6.80295
310 3.69547
311 5.09777
312 6.34106
313 6.80295
314 3.40148
315 5.09777
316 6.01292
317 6.80295
318 3.69547
319 5.29394
320 6.17922
321 6.80295
322 3.69547
323 5.09777
324 6.34106
325 6.80295
326 3.40148
327 5.09777
328 6.01292
329 6.80295
330 3.69547
331 5.29394
332 6.17922
333 6.80295
334 3.69547
335 5.09777
336 6.34106
337 6.80295
338 3.40148
339 5.09777
340 6.01292
341 6.80295
342 3.69547
343 5.29394
344 6.17922
345 6.80295
346 3.69547
347 5.09777
348 6.34106
349 6.80295
350 3.40148
351 5.09777
352 6.01292
353 6.80295
354 3.69547
355 5.29394
356 6.17922
357 6.80295
358 3.69547
359 5.09777
360 6.34106
361 6.80295
362 3.69547
363 5.09777
364 6.17922
365 3.40148
366 3.69547
367 5.29394
368 6.17922
369 6.80295
370 3.96607
371 5.29394
372 6.34106
373 6.80295
374 3.69547
375 5.09777
376 6.17922
377 3.40148
378 3.69547
379 5.29394
380 6.17922
381 6.80295
382 3.96607
383 5.29394
384 6.34106
385 6.80295
386 3.69547
387 5.09777
388 6.17922
389 3.40148
390 3.69547
391 5.29394
392 6.17922
393 6.80295
394 3.96607
395 5.29394
396 6.34106
397 6.80295
398 3.69547
399 5.09777
400 6.17922
401 3.40148
402 3.69547
403 5.29394
404 6.17922
405 6.80295
406 3.96607
407 5.29394
408 6.34106
409 6.80295
410 3.69547
411 5.09777
412 6.34106
413 3.40148
414 3.69547
415 5.29394
416 6.17922
417 3.40148
418 3.96607
419 5.48283
420 6.34106
421 6.80295
422 3.96607
423 5.09777
424 6.34106
425 3.40148
426 3.69547
427 5.29394
428 6.17922
429 3.40148
430 3.96607
431 5.48283
432 6.34106
433 6.80295
434 3.96607
435 5.09777
436 6.34106
437 3.40148
438 3.69547
439 5.29394
440 6.17922
441 3.40148
442 3.96607
443 5.48283
444 6.34106
445 6.80295
446 3.96607
447 5.09777
448 6.34106
449 3.40148
450 3.69547
451 5.29394
452 6.17922
453 3.40148
454 3.96607
455 5.48283
456 6.34106
457 6.80295
458 3.96607
459 5.09777
460 6.34106
461 3.40148
462 3.69547
463 5.29394
464 6.34106
465 3.40148
466 3.96607
467 5.48283
468 6.34106
469 3.40148
470 4.21821
471 5.29394
472 6.49876
473 3.40148
474 3.96607
475 5.29394
476 6.34106
477 3.40148
478 3.96607
479 5.48283
480 6.34106
481 3.40148
482 4.21821
483 5.29394
484 6.49876
485 3.40148
486 3.96607
487 5.29394
488 6.34106
489 3.40148
490 3.96607
491 5.48283
492 6.34106
493 3.40148
494 4.21821
495 5.29394
496 6.49876
497 3.40148
498 3.96607
499 5.29394
500 6.34106
501 3.40148
502 3.96607
503 5.48283
504 6.34106
505 3.40148
506 4.21821
507 5.29394
508 6.49876
509 3.40148
510 3.96607
511 5.29394
512 6.34106
513 3.40148
514 3.96607
515 5.48283
516 6.34106
517 3.40148
518 4.21821
519 5.48283
520 6.65264
521 3.40148
522 4.21821
523 5.29394
524 6.49876
525 3.40148
526 3.96607
527 5.48283
528 6.34106
529 3.40148
530 4.21821
531 5.48283
532 6.65264
533 3.40148
534 4.21821
535 5.29394
536 6.49876
537 3.40148
538 3.96607
539 5.48283
540 6.34106
541 3.40148
542 4.21821
543 5.48283
544 6.65264
545 3.40148
546 4.21821
547 5.29394
548 6.49876
549 3.40148
550 3.96607
551 5.48283
552 6.34106
553 3.40148
554 4.21821
555 5.48283
556 6.65264
557 3.40148
558 4.21821
559 5.29394
560 6.49876
561 3.40148
562 3.96607
563 5.48283
564 6.34106
565 3.40148
566 4.21821
567 5.48283
568 6.80295
569 3.40148
570 4.45527
571 5.48283
572 6.65264
573 3.40148
574 4.21821
575 5.48283
576 6.49876
577 3.40148
578 4.21821
579 5.66522
580 6.80295
581 3.40148
582 4.45527
583 5.48283
584 6.65264
585 3.40148
586 4.21821
587 5.48283
588 6.49876
589 3.40148
590 4.21821
591 5.66522
592 6.80295
593 3.40148
594 4.45527
595 5.48283
596 6.65264
597 3.40148
598 4.21821
599 5.48283
600 6.49876
601 3.40148
602 4.21821
603 5.66522
604 6.80295
605 3.40148
606 4.45527
607 5.48283
608 6.65264
609 3.40148
610 4.21821
611 5.48283
612 6.49876
613 3.40148
614 4.21821
615 5.66522
616 6.80295
617 3.40148
618 4.45527
619 5.48283
620 6.80295
621 3.40148
622 4.45527
623 5.48283
624 6.65264
625 3.40148
626 4.21821
627 5.84173
628 6.80295
629 3.40148
630 4.45527
631 5.66522
632 6.80295
633 3.40148
634 4.45527
635 5.48283
636 6.65264
637 3.40148
638 4.21821
639 5.84173
640 6.80295
641 3.40148
642 4.45527
643 5.66522
644 6.80295
645 3.40148
646 4.45527
647 5.48283
648 6.65264
649 3.40148
650 4.21821
651 5.84173
652 6.80295
653 3.40148
654 4.45527
655 5.66522
656 6.80295
657 3.40148
658 4.45527
659 5.48283
660 6.65264
661 3.40148
662 4.21821
663 5.84173
664 6.80295
665 3.40148
666 4.45527
667 5.66522
668 6.80295
669 3.40148
670 4.45527
671 5.48283
672 6.80295
673 3.40148
674 4.45527
675 6.01292
676 6.80295
677 3.40148
678 4.45527
679 5.84173
680 6.80295
681 3.40148
682 4.67973
683 5.66522
684 6.80295
685 3.40148
686 4.45527
687 6.01292
688 6.80295
689 3.40148
690 4.45527
691 5.84173
692 6.80295
693 3.40148
694 4.67973
695 5.66522
696 6.80295
697 3.40148
698 4.45527
699 6.01292
700 6.80295
701 3.40148
702 4.45527
703 5.84173
704 6.80295
705 3.40148
706 4.67973
707 5.66522
708 6.80295
709 3.40148
710 4.45527
711 6.01292
712 6.80295
713 3.40148
714 4.45527
715 5.84173
716 6.80295
717 3.40148
718 4.67973
719 5.66522
720 6.80295
721 3.40148
722 4.45527
723 6.01292
724 6.80295
725 3.40148
726 4.45527
727 6.01292
728 6.80295
729 3.40148
730 4.67973
731 5.84173
732 6.80295
733 3.40148
734 4.67973
735 6.01292
736 6.80295
737 3.40148
738 4.45527
739 6.01292
740 6.80295
741 3.40148
742 4.67973
743 5.84173
744 6.80295
745 3.40148
746 4.67973
747 6.01292
748 6.80295
749 3.40148
750 4.45527
751 6.01292
752 6.80295
753 3.40148
754 4.67973
755 5.84173
756 6.80295
757 3.40148
758 4.67973
759 6.01292
760 6.80295
761 3.40148
762 4.45527
763 6.01292
764 6.80295
765 3.40148
766 4.67973
767 5.84173
768 6.80295
769 3.40148
770 4.67973
771 6.01292
772 6.80295
773 3.40148
774 4.45527
775 6.01292
776 6.80295
777 3.40148
778 4.67973
779 6.01292
780 6.80295
781 3.40148
782 4.89341
783 6.01292
784 6.80295
785 3.40148
786 4.67973
787 6.17922
788 6.80295
789 3.40148
790 4.67973
791 6.01292
792 6.80295
793 3.40148
794 4.89341
795 6.01292
796 6.80295
797 3.40148
798 4.67973
799 6.17922
800 6.80295
801 3.40148
802 4.67973
803 6.01292
804 6.80295
805 3.40148
806 4.89341
807 6.01292
808 6.80295
809 3.40148
810 4.67973
811 6.17922
812 6.80295
813 3.40148
814 4.67973
815 6.01292
816 6.80295
817 3.40148
818 4.89341
819 6.01292
820 6.80295
821 3.40148
822 4.67973
823 6.17922
824 6.80295
825 3.40148
826 4.67973
827 6.01292
828 6.80295
829 3.40148
830 5.09777
831 6.01292
832 6.80295
833 3.40148
834 4.89341
835 6.17922
836 6.80295
837 3.40148
838 4.67973
839 6.17922
840 6.80295
841 3.40148
842 5.09777
843 6.01292
844 6.80295
845 3.40148
846 4.89341
847 6.17922
848 6.80295
849 3.40148
850 4.67973
851 6.17922
852 6.80295
853 3.40148
854 5.09777
855 6.01292
856 6.80295
857 3.40148
858 4.89341
859 6.17922
860 6.80295
861 3.40148
862 4.67973
863 6.17922
864 6.80295
865 3.40148
866 5.09777
867 6.01292
868 6.80295
869 3.40148
870 4.89341
871 6.17922
872 6.80295
873 3.40148
874 4.67973
875 6.17922
876 6.80295
877 3.40148
878 5.09777
879 6.01292
880 6.80295
881 3.69547
882 5.09777
883 6.17922
884 6.80295
885 3.40148
886 4.89341
887 6.34106
888 6.80295
889 3.40148
890 5.09777
891 6.01292
892 6.80295
893 3.69547
894 5.09777
895 6.17922
896 6.80295
897 3.40148
898 4.89341
899 6.34106
900 6.80295
901 3.40148
902 5.09777
903 6.01292
904 6.80295
905 3.69547
906 5.09777
907 6.17922
908 6.80295
909 3.40148
910 4.89341
911 6.34106
912 6.80295
913 3.40148
914 5.09777
915 6.01292
916 6.80295
917 3.69547
918 5.09777
919 6.17922
920 6.80295
921 3.40148
922 4.89341
923 6.34106
924 6.80295
925 3.40148
926 5.09777
927 6.01292
928 6.80295
929 3.69547
930 5.09777
931 6.17922
932 6.80295
933 3.69547
934 5.09777
935 6.34106
936 6.80295
937 3.40148
938 5.09777
939 6.01292
940 6.80295
941 3.69547
942 5.29394
943 6.17922
944 6.80295
945 3.69547
946 5.09777
947 6.34106
948 6.80295
949 3.40148
950 5.09777
951 6.01292
952 6.80295
953 3.69547
954 5.29394
955 6.17922
956 6.80295
957 3.69547
958 5.09777
959 6.34106
960 6.80295
961 3.40148
962 5.09777
963 6.01292
964 6.80295
965 3.69547
966 5.29394
967 6.17922
968 6.80295
969 3.69547
970 5.09777
971 6.34106
972 6.80295
973 3.40148
974 5.09777
975 6.01292
976 6.80295
977 3.69547
978 5.29394
979 6.17922
980 6.80295
981 3.69547
982 5.09777
983 6.34106
984 6.80295
985 3.69547
986 5.09777
987 6.17922
988 3.40148
989 3.69547
990 5.29394
991 6.17922
992 6.80295
993 3.96607
994 5.29394
995 6.34106
996 6.80295
997 3.69547
998 5.09777
999 6.17922
