0 1
1 2
2 2.9
3 2
4 3.55301
5 4.56988
6 5.75491
7 2.96434
8 4.13958
9 5.03355
10 5.78605
11 2.89303
12 4.09049
13 5.5721
14 6.57389
15 3.43734
16 4.48218
17 5.31642
18 6.35974
19 3.41017
20 4.2251
21 5.48807
22 6.34557
23 3.40358
24 4.21987
25 5.29525
26 6.49982
27 3.40198
28 4.45565
29 5.29425
30 6.34132
31 3.4016
32 4.2183
33 5.4829
34 6.34112
35 3.40151
36 4.21823
37 5.29395
38 6.49877
39 3.40148
40 4.45528
41 5.29394
42 6.34106
43 3.40148
44 4.21821
45 5.48283
46 6.34106
47 3.40148
48 4.21821
49 5.29394
50 6.49876
51 3.40148
52 4.45527
53 5.29394
54 6.49876
55 3.40148
56 4.45527
57 5.48283
58 6.34106
59 3.40148
60 4.21821
61 5.48283
62 6.65264
63 3.40148
64 4.45527
65 5.29394
66 6.49876
67 3.40148
68 4.45527
69 5.48283
70 6.34106
71 3.40148
72 4.21821
73 5.48283
74 6.65264
75 3.40148
76 4.45527
77 5.29394
78 6.49876
79 3.40148
80 4.45527
81 5.48283
82 6.34106
83 3.40148
84 4.21821
85 5.48283
86 6.65264
87 3.40148
88 4.45527
89 5.29394
90 6.49876
91 3.40148
92 4.45527
93 5.48283
94 6.34106
95 3.40148
96 4.21821
97 5.48283
98 6.65264
99 3.40148
100 4.45527
101 5.29394
102 6.49876
103 3.40148
104 4.45527
105 5.48283
106 6.49876
107 3.40148
108 4.21821
109 5.66522
110 6.80295
111 3.40148
112 4.45527
113 5.48283
114 6.65264
115 3.40148
116 4.67973
117 5.48283
118 6.49876
119 3.40148
120 4.21821
121 5.66522
122 6.80295
123 3.40148
124 4.45527
125 5.48283
126 6.65264
127 3.40148
128 4.67973
129 5.48283
130 6.49876
131 3.40148
132 4.21821
133 5.66522
134 6.80295
135 3.40148
136 4.45527
137 5.48283
138 6.65264
139 3.40148
140 4.67973
141 5.48283
142 6.49876
143 3.40148
144 4.21821
145 5.66522
146 6.80295
147 3.40148
148 4.45527
149 5.48283
150 6.65264
151 3.40148
152 4.67973
153 5.48283
154 6.49876
155 3.40148
156 4.21821
157 5.84173
158 6.80295
159 3.40148
160 4.45527
161 5.66522
162 6.80295
163 3.40148
164 4.67973
165 5.48283
166 6.65264
167 3.40148
168 4.45527
169 5.84173
170 6.80295
171 3.40148
172 4.45527
173 5.66522
174 6.80295
175 3.40148
176 4.67973
177 5.48283
178 6.65264
179 3.40148
180 4.45527
181 5.84173
182 6.80295
183 3.40148
184 4.45527
185 5.66522
186 6.80295
187 3.40148
188 4.67973
189 5.48283
190 6.65264
191 3.40148
192 4.45527
193 5.84173
194 6.80295
195 3.40148
196 4.45527
197 5.66522
198 6.80295
199 3.40148
200 4.67973
201 5.48283
202 6.65264
203 3.40148
204 4.45527
205 5.84173
206 6.80295
207 3.40148
208 4.45527
209 5.84173
210 6.80295
211 3.40148
212 4.67973
213 5.66522
214 6.80295
215 3.40148
216 4.67973
217 6.01292
218 6.80295
219 3.40148
220 4.45527
221 5.84173
222 6.80295
223 3.40148
224 4.67973
225 5.66522
226 6.80295
227 3.40148
228 4.67973
229 6.01292
230 6.80295
231 3.40148
232 4.45527
233 5.84173
234 6.80295
235 3.40148
236 4.67973
237 5.66522
238 6.80295
239 3.40148
240 4.67973
241 6.01292
242 6.80295
243 3.40148
244 4.45527
245 5.84173
246 6.80295
247 3.40148
248 4.67973
249 5.66522
250 6.80295
251 3.40148
252 4.67973
253 6.01292
254 6.80295
255 3.40148
256 4.45527
257 5.84173
258 6.80295
259 3.40148
260 4.67973
261 5.84173
262 6.80295
263 3.40148
264 4.89341
265 6.01292
266 6.80295
267 3.40148
268 4.67973
269 6.01292
270 6.80295
271 3.40148
272 4.67973
273 5.84173
274 6.80295
275 3.40148
276 4.89341
277 6.01292
278 6.80295
279 3.40148
280 4.67973
281 6.01292
282 6.80295
283 3.40148
284 4.67973
285 5.84173
286 6.80295
287 3.40148
288 4.89341
289 6.01292
290 6.80295
291 3.40148
292 4.67973
293 6.01292
294 6.80295
295 3.40148
296 4.67973
297 5.84173
298 6.80295
299 3.40148
300 4.89341
301 6.01292
302 6.80295
303 3.40148
304 4.67973
305 6.01292
306 6.80295
307 3.40148
308 4.67973
309 5.84173
310 6.80295
311 3.40148
312 4.89341
313 6.01292
314 6.80295
315 3.69547
316 4.89341
317 6.17922
318 6.80295
319 3.40148
320 4.67973
321 6.01292
322 6.80295
323 3.40148
324 5.09777
325 6.01292
326 6.80295
327 3.69547
328 4.89341
329 6.17922
330 6.80295
331 3.40148
332 4.67973
333 6.01292
334 6.80295
335 3.40148
336 5.09777
337 6.01292
338 6.80295
339 3.69547
340 4.89341
341 6.17922
342 6.80295
343 3.40148
344 4.67973
345 6.01292
346 6.80295
347 3.40148
348 5.09777
349 6.01292
350 6.80295
351 3.69547
352 4.89341
353 6.17922
354 6.80295
355 3.40148
356 4.67973
357 6.01292
358 6.80295
359 3.40148
360 5.09777
361 6.01292
362 6.80295
363 3.69547
364 4.89341
365 6.17922
366 6.80295
367 3.69547
368 4.89341
369 6.17922
370 6.80295
371 3.40148
372 5.09777
373 6.01292
374 6.80295
375 3.69547
376 5.09777
377 6.17922
378 6.80295
379 3.69547
380 4.89341
381 6.17922
382 6.80295
383 3.40148
384 5.09777
385 6.01292
386 6.80295
387 3.69547
388 5.09777
389 6.17922
390 6.80295
391 3.69547
392 4.89341
393 6.17922
394 6.80295
395 3.40148
396 5.09777
397 6.01292
398 6.80295
399 3.69547
400 5.09777
401 6.17922
402 6.80295
403 3.69547
404 4.89341
405 6.17922
406 6.80295
407 3.40148
408 5.09777
409 6.01292
410 6.80295
411 3.69547
412 5.09777
413 6.17922
414 6.80295
415 3.69547
416 4.89341
417 6.34106
418 6.80295
419 3.69547
420 5.09777
421 6.01292
422 6.80295
423 3.69547
424 5.29394
425 6.17922
426 6.80295
427 3.96607
428 5.09777
429 6.34106
430 6.80295
431 3.69547
432 5.09777
433 6.01292
434 6.80295
435 3.69547
436 5.29394
437 6.17922
438 6.80295
439 3.96607
440 5.09777
441 6.34106
442 6.80295
443 3.69547
444 5.09777
445 6.01292
446 6.80295
447 3.69547
448 5.29394
449 6.17922
450 6.80295
451 3.96607
452 5.09777
453 6.34106
454 6.80295
455 3.69547
456 5.09777
457 6.01292
458 6.80295
459 3.69547
460 5.29394
461 6.17922
462 6.80295
463 3.96607
464 5.09777
465 6.34106
466 6.80295
467 3.69547
468 5.09777
469 6.01292
470 6.80295
471 3.69547
472 5.29394
473 6.17922
474 6.80295
475 3.96607
476 5.29394
477 6.34106
478 6.80295
479 3.96607
480 5.09777
481 6.01292
482 6.80295
483 3.69547
484 5.29394
485 6.17922
486 6.80295
487 3.96607
488 5.29394
489 6.34106
490 6.80295
491 3.96607
492 5.09777
493 6.01292
494 6.80295
495 3.69547
496 5.29394
497 6.17922
498 6.80295
499 3.96607
500 5.29394
501 6.34106
502 6.80295
503 3.96607
504 5.09777
505 6.01292
506 6.80295
507 3.69547
508 5.29394
509 6.17922
510 6.80295
511 3.96607
512 5.29394
513 6.34106
514 6.80295
515 3.96607
516 5.09777
517 6.01292
518 6.80295
519 3.69547
520 5.29394
521 6.17922
522 6.80295
523 3.96607
524 5.48283
525 6.34106
526 6.80295
527 4.21821
528 5.09777
529 6.17922
530 3.40148
531 3.96607
532 5.29394
533 6.17922
534 6.80295
535 3.96607
536 5.48283
537 6.34106
538 6.80295
539 4.21821
540 5.09777
541 6.17922
542 3.40148
543 3.96607
544 5.29394
545 6.17922
546 6.80295
547 3.96607
548 5.48283
549 6.34106
550 6.80295
551 4.21821
552 5.09777
553 6.17922
554 3.40148
555 3.96607
556 5.29394
557 6.17922
558 6.80295
559 3.96607
560 5.48283
561 6.34106
562 6.80295
563 4.21821
564 5.09777
565 6.17922
566 3.40148
567 3.96607
568 5.29394
569 6.17922
570 6.80295
571 3.96607
572 5.48283
573 6.34106
574 6.80295
575 4.21821
576 5.09777
577 6.34106
578 3.40148
579 4.21821
580 5.29394
581 6.17922
582 3.40148
583 3.96607
584 5.48283
585 6.34106
586 6.80295
587 4.21821
588 5.09777
589 6.34106
590 3.40148
591 4.21821
592 5.29394
593 6.17922
594 3.40148
595 3.96607
596 5.48283
597 6.34106
598 6.80295
599 4.21821
600 5.09777
601 6.34106
602 3.40148
603 4.21821
604 5.29394
605 6.17922
606 3.40148
607 3.96607
608 5.48283
609 6.34106
610 6.80295
611 4.21821
612 5.09777
613 6.34106
614 3.40148
615 4.21821
616 5.29394
617 6.17922
618 3.40148
619 3.96607
620 5.48283
621 6.34106
622 6.80295
623 4.21821
624 5.09777
625 6.49876
626 3.40148
627 4.45527
628 5.29394
629 6.34106
630 3.40148
631 4.21821
632 5.48283
633 6.34106
634 3.40148
635 4.21821
636 5.29394
637 6.49876
638 3.40148
639 4.45527
640 5.29394
641 6.34106
642 3.40148
643 4.21821
644 5.48283
645 6.34106
646 3.40148
647 4.21821
648 5.29394
649 6.49876
650 3.40148
651 4.45527
652 5.29394
653 6.34106
654 3.40148
655 4.21821
656 5.48283
657 6.34106
658 3.40148
659 4.21821
660 5.29394
661 6.49876
662 3.40148
663 4.45527
664 5.29394
665 6.34106
666 3.40148
667 4.21821
668 5.48283
669 6.34106
670 3.40148
671 4.21821
672 5.29394
673 6.49876
674 3.40148
675 4.45527
676 5.29394
677 6.49876
678 3.40148
679 4.45527
680 5.48283
681 6.34106
682 3.40148
683 4.21821
684 5.48283
685 6.65264
686 3.40148
687 4.45527
688 5.29394
689 6.49876
690 3.40148
691 4.45527
692 5.48283
693 6.34106
694 3.40148
695 4.21821
696 5.48283
697 6.65264
698 3.40148
699 4.45527
700 5.29394
701 6.49876
702 3.40148
703 4.45527
704 5.48283
705 6.34106
706 3.40148
707 4.21821
708 5.48283
709 6.65264
710 3.40148
711 4.45527
712 5.29394
713 6.49876
714 3.40148
715 4.45527
716 5.48283
717 6.34106
718 3.40148
719 4.21821
720 5.48283
721 6.65264
722 3.40148
723 4.45527
724 5.29394
725 6.49876
726 3.40148
727 4.45527
728 5.48283
729 6.49876
730 3.40148
731 4.21821
732 5.66522
733 6.80295
734 3.40148
735 4.45527
736 5.48283
737 6.65264
738 3.40148
739 4.67973
740 5.48283
741 6.49876
742 3.40148
743 4.21821
744 5.66522
745 6.80295
746 3.40148
747 4.45527
748 5.48283
749 6.65264
750 3.40148
751 4.67973
752 5.48283
753 6.49876
754 3.40148
755 4.21821
756 5.66522
757 6.80295
758 3.40148
759 4.45527
760 5.48283
761 6.65264
762 3.40148
763 4.67973
764 5.48283
765 6.49876
766 3.40148
767 4.21821
768 5.66522
769 6.80295
770 3.40148
771 4.45527
772 5.48283
773 6.65264
774 3.40148
775 4.67973
776 5.48283
777 6.49876
778 3.40148
779 4.21821
780 5.66522
781 6.80295
782 3.40148
783 4.45527
784 5.66522
785 6.80295
786 3.40148
787 4.67973
788 5.48283
789 6.65264
790 3.40148
791 4.45527
792 5.84173
793 6.80295
794 3.40148
795 4.45527
796 5.66522
797 6.80295
798 3.40148
799 4.67973
800 5.48283
801 6.65264
802 3.40148
803 4.45527
804 5.84173
805 6.80295
806 3.40148
807 4.45527
808 5.66522
809 6.80295
810 3.40148
811 4.67973
812 5.48283
813 6.65264
814 3.40148
815 4.45527
816 5.84173
817 6.80295
818 3.40148
819 4.45527
820 5.66522
821 6.80295
822 3.40148
823 4.67973
824 5.48283
825 6.65264
826 3.40148
827 4.45527
828 5.84173
829 6.80295
830 3.40148
831 4.45527
832 5.66522
833 6.80295
834 3.40148
835 4.67973
836 5.66522
837 6.80295
838 3.40148
839 4.67973
840 6.01292
841 6.80295
842 3.40148
843 4.45527
844 5.84173
845 6.80295
846 3.40148
847 4.67973
848 5.66522
849 6.80295
850 3.40148
851 4.67973
852 6.01292
853 6.80295
854 3.40148
855 4.45527
856 5.84173
857 6.80295
858 3.40148
859 4.67973
860 5.66522
861 6.80295
862 3.40148
863 4.67973
864 6.01292
865 6.80295
866 3.40148
867 4.45527
868 5.84173
869 6.80295
870 3.40148
871 4.67973
872 5.66522
873 6.80295
874 3.40148
875 4.67973
876 6.01292
877 6.80295
878 3.40148
879 4.45527
880 5.84173
881 6.80295
882 3.40148
883 4.67973
884 5.66522
885 6.80295
886 3.40148
887 4.89341
888 6.01292
889 6.80295
890 3.40148
891 4.67973
892 6.01292
893 6.80295
894 3.40148
895 4.67973
896 5.84173
897 6.80295
898 3.40148
899 4.89341
900 6.01292
901 6.80295
902 3.40148
903 4.67973
904 6.01292
905 6.80295
906 3.40148
907 4.67973
908 5.84173
909 6.80295
910 3.40148
911 4.89341
912 6.01292
913 6.80295
914 3.40148
915 4.67973
916 6.01292
917 6.80295
918 3.40148
919 4.67973
920 5.84173
921 6.80295
922 3.40148
923 4.89341
924 6.01292
925 6.80295
926 3.40148
927 4.67973
928 6.01292
929 6.80295
930 3.40148
931 4.67973
932 5.84173
933 6.80295
934 3.40148
935 4.89341
936 6.01292
937 6.80295
938 3.69547
939 4.89341
940 6.17922
941 6.80295
942 3.40148
943 4.67973
944 6.01292
945 6.80295
946 3.40148
947 5.09777
948 6.01292
949 6.80295
950 3.69547
951 4.89341
952 6.17922
953 6.80295
954 3.40148
955 4.67973
956 6.01292
957 6.80295
958 3.40148
959 5.09777
960 6.01292
961 6.80295
962 3.69547
963 4.89341
964 6.17922
965 6.80295
966 3.40148
967 4.67973
968 6.01292
969 6.80295
970 3.40148
971 5.09777
972 6.01292
973 6.80295
974 3.69547
975 4.89341
976 6.17922
977 6.80295
978 3.40148
979 4.67973
980 6.01292
981 6.80295
982 3.40148
983 5.09777
984 6.01292
985 6.80295
986 3.69547
987 4.89341
988 6.17922
989 6.80295
990 3.69547
991 4.89341
992 6.17922
993 6.80295
994 3.40148
995 5.09777
996 6.01292
997 6.80295
998 3.69547
999 5.09777
