0 1
1 1
2 2.9
3 4.56988
4 5.75491
5 6.5768
6 7.70809
7 9.03185
8 10.0839
9 11.1258
10 11.9102
11 6.28633
12 7.98496
13 9.37664
14 10.4897
15 11.4946
16 12.4984
17 6.44673
18 7.32733
19 8.8248
20 10.1001
21 11.2303
22 12.2559
23 6.44705
24 6.9017
25 8.47589
26 9.79727
27 10.959
28 12.0079
29 12.8943
30 6.44714
31 8.11156
32 9.48445
33 10.6806
34 11.7546
35 12.7378
36 6.44716
37 7.72976
38 9.1608
39 10.3946
40 11.4956
41 12.4993
42 6.44716
43 7.32771
44 8.82512
45 10.1004
46 11.2305
47 12.2561
48 6.44716
49 6.9018
50 8.47597
51 9.79734
52 10.959
53 12.008
54 12.8943
55 6.44716
56 8.11158
57 9.48447
58 10.6806
59 11.8397
60 12.8163
61 6.44716
62 7.85913
63 9.26996
64 10.3946
65 11.4956
66 12.4993
67 6.44716
68 7.32771
69 8.82512
70 10.1004
71 11.2305
72 12.2561
73 6.44716
74 6.9018
75 8.47597
76 9.79734
77 10.959
78 12.008
79 12.8943
80 6.44716
81 8.11158
82 9.48447
83 10.6806
84 11.7546
85 12.7378
86 6.44716
87 7.72976
88 9.1608
89 10.3946
90 11.4956
91 12.4993
92 6.44716
93 7.32771
94 8.82512
95 10.1004
96 11.2305
97 12.2561
98 6.44716
99 6.9018
100 8.47597
101 9.79734
102 10.959
103 12.008
104 12.8943
105 6.44716
106 8.11158
107 9.48447
108 10.6806
109 11.7546
110 12.7378
111 6.44716
112 7.85913
113 9.26996
114 10.4908
115 11.5826
116 12.5793
117 6.44716
118 7.46418
119 8.93843
120 10.1994
121 11.2305
122 12.2561
123 6.44716
124 6.9018
125 8.47597
126 9.79734
127 10.959
128 12.008
129 12.8943
130 6.44716
131 8.11158
132 9.48447
133 10.6806
134 11.7546
135 12.7378
136 6.44716
137 7.72976
138 9.1608
139 10.3946
140 11.4956
141 12.4993
142 6.44716
143 7.32771
144 8.82512
145 10.1004
146 11.2305
147 12.2561
148 6.44716
149 6.9018
150 8.47597
151 9.79734
152 10.959
153 12.008
154 12.8943
155 6.44716
156 8.11158
157 9.48447
158 10.6806
159 11.7546
160 12.7378
161 6.44716
162 7.72976
163 9.26996
164 10.4908
165 11.5826
166 12.5793
167 6.44716
168 7.46418
169 8.93843
170 10.1994
171 11.3196
172 12.3377
173 6.44716
174 7.04669
175 8.59395
176 9.89941
177 11.0503
178 12.0913
179 12.8943
180 6.60227
181 8.23487
182 9.26996
183 10.3946
184 11.4956
185 12.4993
186 6.44716
187 7.32771
188 8.82512
189 10.1004
190 11.2305
191 5.96207
192 6.45184
193 8.11529
194 9.48763
195 10.6834
196 11.7572
197 12.7401
198 6.44832
199 7.73072
200 9.16161
201 10.3953
202 11.4086
203 12.4194
204 6.44745
205 7.18886
206 8.71052
207 10.0006
208 11.1409
209 12.1741
210 6.44723
211 6.7538
212 8.35635
213 9.69423
214 10.8671
215 12.008
216 12.8944
217 6.44718
218 8.1116
219 9.48448
220 10.6806
221 11.7546
222 12.7378
223 6.44717
224 7.72976
225 9.1608
226 10.3946
227 11.4956
228 12.4993
229 6.44716
230 7.32771
231 8.82512
232 10.1004
233 11.2305
234 12.2561
235 6.44716
236 6.9018
237 8.47597
238 9.79734
239 10.959
240 12.008
241 12.8943
242 6.44716
243 8.11158
244 9.48447
245 10.6806
246 11.7546
247 12.7378
248 6.44716
249 7.72976
250 9.1608
251 10.3946
252 11.4956
253 12.4993
254 6.44716
255 7.32771
256 8.82512
257 10.1004
258 11.2305
259 12.2561
260 6.44716
261 6.9018
262 8.23487
263 9.26996
264 10.3946
265 11.4956
266 12.4993
267 6.44716
268 7.46418
269 8.93843
270 10.1004
271 11.1408
272 12.174
273 6.44716
274 6.75373
275 8.3563
276 9.69418
277 10.867
278 11.9241
279 12.8943
280 6.44716
281 7.98637
282 9.37784
283 10.5861
284 11.6689
285 12.6588
286 6.44716
287 7.59815
288 9.05031
289 10.2975
290 11.4079
291 12.4188
292 6.44716
293 7.1886
294 8.71031
295 9.89941
296 10.959
297 12.008
298 12.8943
299 6.44716
300 8.11158
301 9.48447
302 10.6806
303 11.7546
304 12.7378
305 6.44716
306 7.72976
307 9.1608
308 10.3946
309 11.4956
310 12.4993
311 6.44716
312 7.32771
313 8.82512
314 10.1004
315 11.2305
316 12.2561
317 6.44716
318 6.9018
319 8.59395
320 9.89941
321 11.0503
322 12.0913
323 12.8943
324 6.60227
325 8.23487
326 9.58991
327 10.7742
328 11.7546
329 5.96207
330 7.46821
331 8.94179
332 10.2024
333 11.3222
334 12.3401
335 6.44832
336 7.04775
337 8.59482
338 9.90016
339 11.051
340 12.0919
341 12.8949
342 6.60255
343 8.23509
344 9.5901
345 10.7744
346 11.8398
347 12.8164
348 6.44723
349 7.85919
350 9.27001
351 10.4908
352 11.5826
353 12.5793
354 6.44718
355 7.46419
356 8.93844
357 10.1994
358 11.3196
359 12.3377
360 6.44717
361 7.04669
362 8.59395
363 9.89941
364 11.0503
365 12.0913
366 12.8943
367 6.60227
368 8.23487
369 9.58991
370 10.7742
371 11.9241
372 12.8943
373 6.44716
374 7.98637
375 9.37784
376 10.5861
377 11.6689
378 12.6588
379 6.44716
380 7.59815
381 9.05031
382 10.2975
383 11.4079
384 12.4188
385 6.44716
386 7.1886
387 8.71031
388 10.0004
389 11.0503
390 12.0913
391 12.8943
392 6.60227
393 8.23487
394 9.58991
395 10.7742
396 11.8397
397 12.8163
398 6.44716
399 7.85913
400 9.26996
401 10.4908
402 11.5826
403 12.5793
404 6.44716
405 7.46418
406 8.93843
407 10.1994
408 11.3196
409 12.3377
410 6.44716
411 7.04669
412 8.59395
413 9.89941
414 11.0503
415 12.0913
416 12.8943
417 6.60227
418 8.23487
419 9.58991
420 10.7742
421 11.8397
422 12.8163
423 6.44716
424 7.98637
425 9.37784
426 10.5861
427 11.6689
428 12.6588
429 6.44716
430 7.59815
431 9.05031
432 10.2975
433 11.4079
434 12.4188
435 6.44716
436 7.1886
437 8.71031
438 10.0004
439 11.1408
440 12.174
441 6.44716
442 6.75373
443 8.3563
444 9.69418
445 10.867
446 11.9241
447 12.8943
448 6.44716
449 7.98637
450 9.05031
451 10.1004
452 11.1408
453 12.174
454 6.44716
455 6.75373
456 8.3563
457 9.69418
458 10.6806
459 11.7546
460 12.7378
461 6.44716
462 7.72976
463 9.1608
464 10.3946
465 11.4956
466 12.4993
467 6.44716
468 7.32771
469 8.82512
470 10.1004
471 11.2305
472 12.2561
473 6.44716
474 6.9018
475 8.59395
476 9.89941
477 11.0503
478 12.0913
479 12.8943
480 6.60227
481 8.23487
482 9.58991
483 10.5861
484 11.6689
485 12.6588
486 6.44716
487 7.59815
488 9.05031
489 10.2975
490 11.4079
491 12.4188
492 6.44716
493 7.1886
494 8.71031
495 10.0004
496 11.1408
497 12.174
498 6.44716
499 6.75373
500 8.3563
501 9.69418
502 10.867
503 11.9241
504 12.8943
505 6.44716
506 7.98637
507 9.37784
508 10.5861
509 11.6689
510 12.6588
511 6.44716
512 7.59815
513 9.05031
514 10.2975
515 11.4079
516 5.96207
517 6.7582
518 8.35989
519 9.69728
520 10.8698
521 11.9267
522 12.8966
523 6.44832
524 7.9873
525 9.37863
526 10.5868
527 11.7552
528 12.7384
529 6.44745
530 7.73
531 9.161
532 10.3948
533 11.4957
534 12.4994
535 6.44723
536 7.32777
537 8.82517
538 10.1005
539 11.2306
540 12.2562
541 6.44718
542 6.90182
543 8.47598
544 9.79735
545 10.959
546 12.008
547 12.8943
548 6.44717
549 8.11159
550 9.48447
551 10.6806
552 11.7546
553 12.7378
554 6.44716
555 7.72976
556 9.1608
557 10.3946
558 11.4956
559 12.4993
560 6.44716
561 7.32771
562 8.82512
563 10.1004
564 11.2305
565 12.2561
566 6.44716
567 6.9018
568 8.47597
569 9.79734
570 10.959
571 12.008
572 12.8943
573 6.44716
574 8.11158
575 9.48447
576 10.5861
577 11.6689
578 12.6588
579 6.44716
580 7.72976
581 9.1608
582 10.3946
583 11.4956
584 12.4993
585 6.44716
586 7.32771
587 8.82512
588 10.1004
589 11.2305
590 12.2561
591 6.44716
592 6.9018
593 8.47597
594 9.79734
595 10.959
596 12.008
597 12.8943
598 6.44716
599 8.11158
600 9.48447
601 10.6806
602 11.7546
603 12.7378
604 6.44716
605 7.72976
606 9.1608
607 10.3946
608 11.4956
609 12.4993
610 6.44716
611 7.32771
612 8.82512
613 10.1004
614 11.2305
615 12.2561
616 6.44716
617 6.9018
618 8.47597
619 9.79734
620 10.959
621 12.008
622 12.8943
623 6.44716
624 8.11158
625 9.48447
626 10.6806
627 11.7546
628 12.7378
629 6.44716
630 7.72976
631 9.26996
632 10.4908
633 11.5826
634 12.5793
635 6.44716
636 7.46418
637 8.82512
638 9.69418
639 10.7742
640 11.8397
641 12.8163
642 6.44716
643 7.85913
644 9.26996
645 10.3946
646 11.4956
647 12.4993
648 6.44716
649 7.32771
650 8.82512
651 10.1004
652 11.2305
653 12.2561
654 6.44716
655 6.9018
656 8.47597
657 9.79734
658 10.959
659 12.008
660 12.8943
661 6.44716
662 8.11158
663 9.48447
664 10.6806
665 11.7546
666 12.7378
667 6.44716
668 7.72976
669 9.05031
670 10.1994
671 11.3196
672 12.3377
673 6.44716
674 7.04669
675 8.59395
676 9.89941
677 11.0503
678 12.0913
679 12.8943
680 6.60227
681 8.23487
682 9.58991
683 10.867
684 11.9241
685 12.8943
686 6.44716
687 7.98637
688 9.37784
689 10.5861
690 11.6689
691 12.6588
692 6.44716
693 7.59815
694 9.05031
695 10.2975
696 11.4079
697 12.4188
698 6.44716
699 7.1886
700 8.71031
701 10.0004
702 11.1408
703 11.9241
704 6.29294
705 7.99013
706 9.38104
707 10.5889
708 11.6715
709 12.6612
710 6.44832
711 7.59913
712 9.05113
713 10.2982
714 11.4086
715 12.4194
716 6.44745
717 7.18886
718 8.71052
719 10.0006
720 11.1409
721 12.1741
722 6.44723
723 6.7538
724 8.35635
725 9.69423
726 10.8671
727 11.9242
728 12.8944
729 6.44718
730 7.98639
731 9.37785
732 10.5861
733 11.6689
734 12.6588
735 6.44717
736 7.72976
737 9.1608
738 10.3946
739 11.4956
740 12.4993
741 6.44716
742 7.32771
743 8.82512
744 10.1004
745 11.2305
746 12.2561
747 6.44716
748 6.9018
749 8.47597
750 9.79734
751 10.959
752 12.008
753 12.8943
754 6.44716
755 8.11158
756 9.48447
757 10.6806
758 11.7546
759 12.7378
760 6.44716
761 7.72976
762 9.1608
763 10.2975
764 11.4079
765 12.4188
766 6.44716
767 7.1886
768 8.71031
769 10.0004
770 11.1408
771 12.174
772 6.44716
773 6.75373
774 8.3563
775 9.69418
776 10.867
777 11.9241
778 12.8943
779 6.44716
780 7.98637
781 9.37784
782 10.5861
783 11.6689
784 12.6588
785 6.44716
786 7.59815
787 9.1608
788 10.3946
789 11.4956
790 12.4993
791 6.44716
792 7.32771
793 8.82512
794 10.1004
795 11.2305
796 12.2561
797 6.44716
798 6.9018
799 8.47597
800 9.79734
801 10.959
802 12.008
803 12.8943
804 6.44716
805 8.11158
806 9.48447
807 10.6806
808 11.7546
809 12.7378
810 6.44716
811 7.72976
812 9.1608
813 10.3946
814 11.4956
815 12.4993
816 6.44716
817 7.32771
818 8.82512
819 10.1004
820 11.2305
821 12.2561
822 6.44716
823 6.9018
824 8.3563
825 9.26996
826 10.3946
827 11.4956
828 12.4993
829 6.44716
830 7.32771
831 8.82512
832 10.0004
833 11.0503
834 12.0913
835 12.8943
836 6.60227
837 8.23487
838 9.58991
839 10.867
840 11.9241
841 12.8943
842 6.44716
843 7.98637
844 9.37784
845 10.5861
846 11.6689
847 12.6588
848 6.44716
849 7.59815
850 9.05031
851 10.2975
852 11.4079
853 12.4188
854 6.44716
855 7.1886
856 8.71031
857 9.89941
858 10.959
859 12.008
860 12.8943
861 6.44716
862 8.11158
863 9.48447
864 10.6806
865 11.7546
866 12.7378
867 6.44716
868 7.72976
869 9.1608
870 10.3946
871 11.4956
872 12.4993
873 6.44716
874 7.32771
875 8.82512
876 10.1004
877 11.2305
878 12.2561
879 6.44716
880 6.9018
881 8.47597
882 9.79734
883 10.959
884 12.008
885 12.8943
886 6.44716
887 8.11158
888 9.48447
889 10.6806
890 11.6689
891 5.96207
892 7.46821
893 8.94179
894 10.2024
895 11.3222
896 12.3401
897 6.44832
898 7.04775
899 8.59482
900 9.90016
901 11.051
902 12.0919
903 12.8949
904 6.60255
905 8.23509
906 9.5901
907 10.7744
908 11.8398
909 12.8164
910 6.44723
911 7.85919
912 9.27001
913 10.4908
914 11.5826
915 12.5793
916 6.44718
917 7.46419
918 8.93844
919 10.1994
920 11.3196
921 12.3377
922 6.44717
923 7.04669
924 8.59395
925 9.89941
926 11.0503
927 12.0913
928 12.8943
929 6.60227
930 8.23487
931 9.58991
932 10.7742
933 11.8397
934 12.8163
935 6.44716
936 7.85913
937 9.26996
938 10.4908
939 11.5826
940 12.5793
941 6.44716
942 7.46418
943 9.05031
944 10.2975
945 11.4079
946 12.4188
947 6.44716
948 7.1886
949 8.71031
950 10.0004
951 11.0503
952 12.0913
953 12.8943
954 6.60227
955 8.23487
956 9.58991
957 10.7742
958 11.8397
959 12.8163
960 6.44716
961 7.85913
962 9.26996
963 10.4908
964 11.5826
965 12.5793
966 6.44716
967 7.46418
968 8.93843
969 10.1994
970 11.3196
971 12.3377
972 6.44716
973 7.04669
974 8.59395
975 9.89941
976 11.0503
977 12.0913
978 12.8943
979 6.60227
980 8.23487
981 9.58991
982 10.7742
983 11.8397
984 12.8163
985 6.44716
986 7.85913
987 9.26996
988 10.4908
989 11.5826
990 12.5793
991 6.44716
992 7.46418
993 8.93843
994 10.1994
995 11.4079
996 12.4188
997 6.44716
998 7.1886
999 8.71031
