0 0.0
1 11.0
2 11.0
3 45.1
4 58.2
5 75.0
6 82.2
7 47.2
8 51.4
9 69.9
10 79.0
11 82.4
12 47.7
13 54.9
14 71.5
15 83.2
16 83.2
17 50.9
18 75.8
19 83.0
20 70.7
21 40.7
22 66.0
23 78.2
24 83.0
25 70.4
26 53.2
27 66.0
28 79.8
29 83.0
30 73.1
31 52.9
32 77.8
33 81.0
34 78.2
35 48.2
36 53.0
37 68.3
38 78.3
39 83.0
40 58.0
41 53.0
42 72.3
43 81.0
44 71.8
45 61.8
46 65.9
47 75.5
48 81.0
49 48.2
50 59.9
51 75.6
52 83.2
53 83.4
54 48.3
55 65.8
56 80.0
57 83.0
58 58.8
59 51.7
60 75.8
61 83.2
62 83.0
63 38.3
64 62.9
65 75.8
66 80.6
67 78.4
68 58.4
69 68.0
70 69.9
71 73.3
72 71.4
73 61.6
74 63.2
75 70.7
76 75.5
77 48.2
78 68.0
79 65.9
80 75.5
81 80.6
82 58.0
83 68.4
84 72.5
85 82.2
86 70.6
87 50.5
88 69.5
89 80.2
90 82.2
91 33.4
92 53.5
93 72.2
94 82.6
95 82.2
96 42.2
97 65.5
98 80.2
99 82.2
100 61.6
101 58.1
102 77.4
103 69.9
104 72.7
105 45.5
106 67.4
107 77.4
108 65.7
109 72.6
110 55.0
111 70.4
112 72.5
113 69.9
114 68.2
115 60.8
116 73.2
117 72.4
118 82.2
119 50.6
120 54.9
121 69.9
122 80.0
123 82.4
124 53.4
125 58.2
126 77.4
127 80.0
128 70.6
129 60.8
130 67.5
131 79.8
132 82.4
133 45.9
134 62.4
135 77.4
136 67.2
137 72.3
138 52.1
139 71.0
140 82.2
141 64.6
142 39.9
143 65.2
144 77.4
145 72.3
146 69.9
147 43.3
148 67.6
149 74.5
150 75.0
151 79.7
152 57.1
153 58.2
154 72.6
155 79.7
156 47.3
157 64.7
158 64.8
159 77.4
160 80.2
161 50.2
162 67.4
163 67.5
164 77.1
165 77.7
166 55.0
167 65.6
168 82.4
169 67.6
170 37.5
171 62.3
172 77.2
173 79.9
174 67.2
175 38.3
176 64.8
177 77.4
178 82.2
179 69.9
180 49.9
181 65.7
182 82.2
183 74.9
184 45.0
185 67.2
186 77.4
187 72.3
188 74.9
189 46.6
190 67.2
191 66.4
192 72.3
193 79.8
194 57.6
195 77.4
196 67.2
197 72.9
198 45.0
199 67.6
200 72.6
201 82.2
202 82.2
203 44.9
204 57.7
205 69.3
206 82.2
207 82.2
208 44.9
209 69.5
210 82.6
211 82.2
212 35.1
213 55.6
214 72.5
215 82.5
216 82.1
217 54.5
218 67.3
219 78.9
220 70.2
221 71.0
222 52.5
223 77.4
224 64.8
225 72.7
226 42.6
227 65.0
228 77.2
229 63.3
230 69.8
231 55.0
232 67.2
233 76.8
234 82.2
235 82.2
236 45.1
237 63.3
238 74.6
239 82.4
240 47.2
241 52.2
242 69.9
243 79.8
244 82.4
245 47.7
246 52.4
247 76.6
248 82.4
249 70.6
250 53.3
251 75.0
252 82.2
253 69.9
254 37.4
255 65.2
256 77.4
257 82.2
258 69.6
259 52.4
260 65.2
261 79.0
262 79.7
263 60.7
264 55.3
265 77.0
266 80.2
267 77.4
268 47.4
269 52.2
270 65.0
271 77.5
272 82.2
273 57.2
274 52.2
275 71.5
276 80.2
277 71.0
278 58.4
279 65.1
280 74.7
281 80.2
282 47.4
283 59.9
284 74.8
285 82.4
286 80.1
287 47.4
288 64.9
289 79.1
290 82.1
291 57.9
292 50.8
293 74.9
294 79.9
295 82.2
296 40.7
297 62.1
298 75.0
299 80.0
300 77.6
301 57.6
302 51.4
303 72.3
304 72.5
305 70.6
306 60.8
307 62.4
308 69.9
309 79.8
310 46.6
311 67.2
312 65.1
313 74.7
314 79.8
315 57.2
316 71.0
317 79.8
318 78.0
319 70.6
320 50.5
321 69.5
322 80.2
323 82.2
324 33.4
325 57.7
326 68.0
327 80.1
328 82.2
329 42.2
330 65.5
331 80.2
332 82.2
333 65.8
334 56.4
335 74.9
336 69.9
337 72.7
338 45.5
339 67.4
340 77.4
341 69.9
342 71.0
343 52.4
344 70.4
345 72.5
346 69.9
347 45.0
348 67.2
349 77.4
350 70.8
351 79.7
352 50.5
353 54.8
354 69.8
355 79.9
356 82.3
357 40.1
358 60.6
359 74.9
360 80.0
361 47.4
362 52.2
363 67.5
364 79.8
365 82.4
366 48.4
367 64.7
368 77.4
369 69.9
370 72.3
371 52.1
372 71.0
373 82.2
374 67.2
375 37.4
376 65.2
377 77.4
378 72.3
379 69.9
380 43.3
381 67.6
382 77.0
383 72.6
384 79.8
385 57.2
386 58.3
387 72.7
388 79.8
389 47.4
390 67.2
391 62.3
392 77.4
393 80.2
394 50.2
395 67.4
396 67.5
397 77.1
398 82.6
399 52.5
400 72.4
401 82.4
402 67.6
403 37.5
404 62.3
405 77.2
406 82.4
407 64.7
408 45.1
409 64.8
410 79.2
411 82.2
412 69.9
413 49.9
414 75.0
415 78.1
416 74.8
417 44.9
418 67.1
419 77.3
420 72.2
421 74.8
422 57.5
423 63.1
424 66.4
425 72.3
426 79.8
427 57.6
428 77.4
429 67.2
430 77.1
431 40.9
432 67.6
433 72.6
434 82.2
435 82.2
436 44.9
437 57.7
438 73.5
439 78.0
440 79.7
441 44.9
442 69.5
443 82.6
444 82.2
445 35.1
446 59.7
447 70.8
448 80.1
449 82.2
450 54.6
451 67.4
452 79.0
453 72.7
454 63.5
455 54.4
456 74.9
457 64.8
458 72.7
459 42.6
460 67.4
461 77.2
462 67.4
463 72.9
464 52.5
465 67.2
466 74.4
467 82.2
468 70.6
469 48.5
470 67.5
471 77.1
472 79.9
473 47.2
474 52.2
475 69.9
476 79.8
477 82.4
478 47.7
479 54.9
480 74.0
481 82.4
482 70.6
483 53.3
484 75.0
485 82.2
486 69.9
487 39.9
488 62.7
489 77.3
490 82.1
491 69.5
492 52.3
493 65.1
494 78.9
495 82.1
496 58.2
497 55.3
498 77.0
499 80.2
500 77.4
501 47.4
502 52.2
503 67.5
504 75.0
505 82.2
506 57.2
507 55.6
508 74.7
509 80.2
510 71.0
511 61.0
512 62.6
513 74.7
514 80.2
515 50.6
516 59.9
517 74.8
518 82.2
519 82.6
520 45.0
521 68.0
522 82.4
523 82.2
524 58.0
525 56.0
526 75.0
527 82.4
528 78.0
529 40.7
530 62.1
531 75.0
532 80.0
533 77.6
534 57.6
535 55.6
536 68.1
537 72.5
538 70.6
539 60.8
540 62.4
541 69.9
542 79.8
543 50.8
544 63.0
545 65.1
546 74.7
547 79.8
548 57.2
549 71.0
550 79.8
551 82.2
552 66.5
553 48.0
554 69.4
555 82.5
556 82.1
557 33.3
558 57.6
559 74.5
560 78.5
561 79.7
562 42.2
563 65.5
564 80.2
565 82.2
566 42.6
567 67.4
568 73.3
569 67.4
570 72.7
571 45.5
572 67.4
573 77.4
574 69.9
575 75.1
576 50.8
577 67.9
578 72.5
579 69.9
580 45.0
581 67.2
582 77.4
583 74.9
584 82.2
585 48.1
586 54.9
587 69.9
588 80.0
589 82.4
590 40.2
591 60.7
592 77.4
593 77.5
594 47.4
595 52.2
596 67.5
597 79.8
598 82.4
599 48.4
600 67.2
601 74.9
602 69.9
603 72.3
604 52.1
605 71.0
606 82.2
607 67.2
608 39.9
609 62.7
610 77.4
611 72.3
612 69.9
613 49.7
614 67.6
615 78.6
616 74.7
617 77.2
618 57.2
619 65.1
620 75.1
621 79.8
622 47.4
623 67.2
624 64.8
625 74.9
626 80.1
627 57.3
628 67.3
629 69.0
630 77.4
631 82.5
632 54.9
633 69.9
634 82.4
635 67.6
636 37.5
637 62.3
638 77.2
639 82.4
640 67.2
641 40.9
642 64.8
643 79.2
644 82.2
645 69.9
646 49.9
647 75.0
648 82.2
649 70.7
650 45.0
651 67.2
652 77.4
653 72.3
654 74.9
655 57.6
656 67.2
657 62.2
658 72.3
659 68.2
660 60.8
661 77.4
662 72.3
663 77.1
664 45.0
665 61.0
666 70.1
667 82.2
668 82.2
669 47.3
670 57.7
671 78.6
672 82.2
673 51.4
674 45.6
675 69.5
676 82.6
677 82.2
678 35.1
679 59.7
680 75.0
681 78.5
682 79.6
683 54.6
684 67.4
685 79.0
686 72.7
687 63.5
688 58.6
689 73.3
690 62.3
691 72.6
692 42.5
693 67.3
694 77.1
695 67.3
696 77.0
697 54.9
698 64.7
699 74.4
700 82.2
701 70.6
702 48.5
703 67.5
704 77.1
705 82.4
706 44.7
707 52.2
708 69.9
709 79.8
710 82.4
711 47.7
712 58.3
713 79.8
714 79.9
715 70.6
716 53.3
717 77.4
718 82.2
719 69.9
720 43.3
721 65.2
722 74.9
723 82.2
724 72.3
725 52.4
726 68.6
727 82.2
728 82.2
729 60.7
730 55.5
731 77.0
732 80.2
733 77.4
734 50.8
735 52.2
736 67.5
737 77.5
738 79.7
739 57.2
740 55.6
741 74.7
742 80.2
743 71.0
744 61.0
745 65.1
746 72.2
747 80.2
748 50.6
749 59.9
750 74.8
751 82.2
752 82.6
753 47.5
754 63.9
755 82.3
756 82.1
757 57.9
758 55.9
759 74.9
760 82.3
761 82.1
762 36.6
763 62.1
764 75.0
765 80.0
766 77.6
767 57.6
768 55.6
769 72.3
770 73.2
771 47.4
772 67.2
773 62.4
774 69.9
775 79.8
776 50.8
777 67.2
778 60.9
779 72.2
780 79.8
781 57.2
782 63.5
783 79.8
784 82.2
785 47.4
786 53.5
787 67.0
788 82.6
789 82.2
790 33.4
791 57.7
792 74.6
793 82.6
794 78.0
795 39.7
796 65.5
797 80.2
798 82.2
799 42.6
800 67.4
801 77.4
802 65.7
803 70.2
804 45.5
805 67.4
806 77.4
807 69.9
808 75.1
809 55.0
810 70.4
811 70.0
812 69.9
813 45.0
814 67.2
815 77.4
816 80.0
817 82.2
818 57.4
819 52.3
820 71.5
821 80.0
822 82.4
823 40.2
824 67.5
825 77.4
826 80.0
827 44.9
828 52.1
829 67.4
830 79.7
831 82.3
832 55.1
833 67.1
834 78.9
835 67.4
836 72.3
837 52.1
838 77.4
839 82.2
840 67.2
841 39.9
842 65.2
843 74.9
844 72.3
845 69.9
846 49.7
847 67.6
848 78.6
849 74.7
850 79.8
851 54.7
852 65.1
853 75.1
854 79.8
855 47.4
856 67.2
857 64.8
858 77.4
859 77.7
860 57.4
861 67.4
862 69.1
863 77.5
864 82.6
865 55.0
866 72.4
867 78.2
868 67.6
869 37.5
870 62.3
871 77.2
872 82.4
873 67.2
874 49.9
875 60.6
876 79.2
877 82.2
878 58.3
879 53.3
880 75.0
881 82.2
882 74.9
883 40.9
884 67.2
885 77.4
886 72.3
887 80.0
888 57.6
889 67.2
890 66.4
891 68.2
892 68.1
893 60.7
894 77.3
895 72.2
896 77.0
897 44.9
898 65.1
899 68.5
900 79.7
901 82.2
902 47.3
903 57.7
904 78.6
905 82.2
906 55.6
907 43.9
908 67.0
909 82.6
910 82.2
911 35.1
912 59.7
913 75.0
914 82.6
915 78.0
916 52.1
917 67.4
918 82.2
919 72.7
920 63.5
921 58.6
922 77.4
923 64.8
924 70.2
925 45.8
926 67.4
927 77.2
928 67.2
929 77.1
930 55.0
931 70.6
932 75.1
933 82.2
934 70.6
935 48.5
936 67.5
937 77.1
938 82.4
939 50.8
940 52.4
941 69.9
942 80.0
943 82.4
944 47.7
945 58.3
946 79.8
947 82.4
948 68.1
949 53.3
950 77.4
951 82.2
952 69.9
953 43.3
954 65.2
955 77.4
956 79.7
957 72.2
958 52.3
959 68.5
960 82.1
961 82.1
962 60.6
963 57.9
964 74.5
965 80.2
966 77.4
967 50.8
968 52.2
969 67.5
970 77.5
971 82.2
972 54.7
973 55.6
974 74.7
975 80.2
976 47.0
977 57.5
978 65.1
979 74.7
980 78.4
981 50.6
982 59.9
983 74.8
984 82.2
985 70.3
986 47.5
987 68.0
988 78.2
989 82.2
990 34.8
991 62.4
992 75.0
993 82.4
994 82.2
995 40.7
996 57.9
997 75.0
998 80.0
999 77.6
