0 0
1 11
2 11
3 25
4 50
5 75
6 83
7 83
8 25
9 58
10 67
11 83
12 50
13 42
14 58
15 83
16 83
17 58
18 75
19 83
20 42
21 58
22 75
23 83
24 83
25 41
26 67
27 75
28 83
29 83
30 50
31 66
32 83
33 75
34 67
35 83
36 33
37 50
38 66
39 83
40 83
41 33
42 58
43 75
44 83
45 83
46 42
47 58
48 75
49 83
50 58
51 75
52 83
53 83
54 50
55 75
56 83
57 83
58 41
59 50
60 75
61 83
62 83
63 50
64 66
65 75
66 75
67 67
68 83
69 83
70 50
71 50
72 83
73 83
74 33
75 42
76 58
77 83
78 83
79 42
80 58
81 75
82 83
83 83
84 75
85 83
86 83
87 50
88 58
89 75
90 83
91 25
92 50
93 67
94 83
95 83
96 33
97 66
98 75
99 83
100 67
101 83
102 83
103 42
104 50
105 66
106 83
107 83
108 42
109 58
110 75
111 83
112 50
113 42
114 75
115 83
116 83
117 58
118 83
119 83
120 42
121 58
122 75
123 83
124 83
125 50
126 67
127 75
128 83
129 83
130 50
131 75
132 83
133 75
134 67
135 83
136 33
137 50
138 66
139 83
140 83
141 33
142 58
143 75
144 83
145 50
146 42
147 58
148 83
149 83
150 58
151 75
152 83
153 42
154 50
155 75
156 83
157 83
158 41
159 67
160 75
161 83
162 83
163 50
164 66
165 75
166 75
167 67
168 83
169 33
170 50
171 66
172 83
173 83
174 33
175 42
176 75
177 83
178 83
179 42
180 58
181 75
182 83
183 58
184 75
185 83
186 83
187 50
188 58
189 83
190 83
191 41
192 50
193 75
194 83
195 83
196 33
197 66
198 75
199 83
200 67
201 83
202 83
203 42
204 50
205 66
206 83
207 83
208 42
209 58
210 83
211 83
212 42
213 58
214 75
215 83
216 83
217 75
218 83
219 83
220 42
221 58
222 75
223 83
224 25
225 50
226 67
227 75
228 83
229 33
230 50
231 75
232 83
233 75
234 83
235 83
236 42
237 50
238 66
239 83
240 83
241 33
242 58
243 75
244 83
245 50
246 42
247 75
248 83
249 83
250 58
251 75
252 83
253 42
254 58
255 75
256 83
257 83
258 41
259 67
260 75
261 83
262 83
263 50
264 66
265 83
266 75
267 67
268 83
269 33
270 50
271 66
272 83
273 83
274 33
275 58
276 75
277 83
278 83
279 42
280 58
281 75
282 83
283 58
284 75
285 83
286 83
287 50
288 75
289 83
290 83
291 41
292 50
293 75
294 83
295 83
296 50
297 66
298 75
299 75
300 67
301 83
302 33
303 50
304 50
305 83
306 83
307 33
308 42
309 75
310 83
311 83
312 42
313 58
314 75
315 83
316 83
317 75
318 83
319 83
320 50
321 58
322 75
323 83
324 25
325 50
326 67
327 83
328 83
329 33
330 66
331 75
332 83
333 67
334 83
335 83
336 42
337 50
338 66
339 83
340 83
341 42
342 58
343 75
344 83
345 50
346 42
347 75
348 83
349 83
350 58
351 83
352 83
353 42
354 58
355 75
356 83
357 25
358 50
359 67
360 75
361 83
362 33
363 50
364 75
365 83
366 75
367 83
368 83
369 42
370 50
371 66
372 83
373 83
374 33
375 58
376 75
377 83
378 50
379 42
380 58
381 83
382 83
383 58
384 75
385 83
386 42
387 50
388 75
389 83
390 83
391 41
392 67
393 75
394 83
395 83
396 50
397 66
398 83
399 75
400 67
401 83
402 33
403 50
404 66
405 83
406 83
407 33
408 42
409 75
410 83
411 83
412 42
413 58
414 75
415 83
416 58
417 75
418 83
419 83
420 50
421 58
422 83
423 83
424 41
425 50
426 75
427 83
428 83
429 33
430 66
431 75
432 83
433 67
434 83
435 83
436 42
437 50
438 66
439 83
440 83
441 42
442 58
443 83
444 83
445 42
446 58
447 75
448 83
449 83
450 75
451 83
452 83
453 50
454 58
455 75
456 83
457 25
458 50
459 67
460 83
461 83
462 33
463 66
464 75
465 83
466 67
467 83
468 83
469 42
470 50
471 66
472 83
473 83
474 33
475 58
476 75
477 83
478 50
479 42
480 75
481 83
482 83
483 58
484 75
485 83
486 42
487 58
488 75
489 83
490 83
491 41
492 67
493 75
494 83
495 83
496 50
497 66
498 83
499 75
500 67
501 83
502 33
503 50
504 66
505 83
506 83
507 33
508 58
509 75
510 83
511 83
512 42
513 58
514 75
515 83
516 58
517 75
518 83
519 83
520 50
521 75
522 83
523 83
524 41
525 67
526 75
527 83
528 83
529 50
530 66
531 75
532 75
533 67
534 83
535 33
536 50
537 50
538 83
539 83
540 33
541 42
542 75
543 83
544 83
545 42
546 58
547 75
548 83
549 83
550 75
551 83
552 83
553 50
554 58
555 83
556 83
557 25
558 50
559 75
560 83
561 83
562 33
563 66
564 75
565 83
566 67
567 83
568 83
569 42
570 50
571 66
572 83
573 83
574 42
575 58
576 75
577 83
578 50
579 42
580 75
581 83
582 83
583 58
584 83
585 83
586 42
587 58
588 75
589 83
590 25
591 50
592 67
593 75
594 83
595 33
596 50
597 75
598 83
599 75
600 83
601 83
602 42
603 50
604 66
605 83
606 83
607 33
608 58
609 75
610 83
611 50
612 42
613 58
614 83
615 83
616 58
617 75
618 83
619 42
620 58
621 75
622 83
623 83
624 41
625 67
626 75
627 83
628 83
629 50
630 66
631 83
632 75
633 67
634 83
635 33
636 50
637 66
638 83
639 83
640 33
641 42
642 75
643 83
644 83
645 42
646 58
647 75
648 83
649 58
650 75
651 83
652 83
653 50
654 58
655 83
656 83
657 41
658 50
659 75
660 83
661 83
662 50
663 66
664 75
665 75
666 67
667 83
668 83
669 50
670 50
671 83
672 83
673 33
674 42
675 58
676 83
677 83
678 42
679 58
680 75
681 83
682 83
683 75
684 83
685 83
686 50
687 58
688 75
689 83
690 25
691 50
692 67
693 83
694 83
695 33
696 66
697 75
698 83
699 67
700 83
701 83
702 42
703 50
704 66
705 83
706 83
707 33
708 58
709 75
710 83
711 50
712 42
713 75
714 83
715 83
716 58
717 83
718 83
719 42
720 58
721 75
722 83
723 83
724 50
725 67
726 75
727 83
728 83
729 50
730 75
731 83
732 75
733 67
734 83
735 33
736 50
737 66
738 83
739 83
740 33
741 58
742 75
743 83
744 83
745 42
746 58
747 75
748 83
749 58
750 75
751 83
752 83
753 50
754 75
755 83
756 83
757 41
758 67
759 75
760 83
761 83
762 50
763 66
764 75
765 75
766 67
767 83
768 33
769 50
770 66
771 83
772 83
773 33
774 42
775 75
776 83
777 83
778 42
779 58
780 75
781 83
782 58
783 75
784 83
785 83
786 50
787 58
788 83
789 83
790 25
791 50
792 75
793 83
794 83
795 33
796 66
797 75
798 83
799 67
800 83
801 83
802 42
803 50
804 66
805 83
806 83
807 42
808 58
809 75
810 83
811 50
812 42
813 75
814 83
815 83
816 75
817 83
818 83
819 42
820 58
821 75
822 83
823 25
824 50
825 67
826 75
827 83
828 33
829 50
830 75
831 83
832 75
833 83
834 83
835 42
836 50
837 66
838 83
839 83
840 33
841 58
842 75
843 83
844 50
845 42
846 58
847 83
848 83
849 58
850 75
851 83
852 42
853 58
854 75
855 83
856 83
857 41
858 67
859 75
860 83
861 83
862 50
863 66
864 83
865 75
866 67
867 83
868 33
869 50
870 66
871 83
872 83
873 33
874 58
875 75
876 83
877 83
878 42
879 58
880 75
881 83
882 58
883 75
884 83
885 83
886 50
887 75
888 83
889 83
890 41
891 50
892 75
893 83
894 83
895 50
896 66
897 75
898 75
899 67
900 83
901 83
902 50
903 50
904 83
905 83
906 33
907 42
908 58
909 83
910 83
911 42
912 58
913 75
914 83
915 83
916 75
917 83
918 83
919 50
920 58
921 75
922 83
923 25
924 50
925 67
926 83
927 83
928 33
929 66
930 75
931 83
932 67
933 83
934 83
935 42
936 50
937 66
938 83
939 83
940 42
941 58
942 75
943 83
944 50
945 42
946 75
947 83
948 83
949 58
950 83
951 83
952 42
953 58
954 75
955 83
956 83
957 50
958 67
959 75
960 83
961 83
962 50
963 75
964 83
965 75
966 67
967 83
968 33
969 50
970 66
971 83
972 83
973 33
974 58
975 75
976 83
977 50
978 42
979 58
980 83
981 83
982 58
983 75
984 83
985 42
986 50
987 75
988 83
989 83
990 41
991 67
992 75
993 83
994 83
995 50
996 66
997 75
998 75
999 67
