0 0
1 11
2 11
3 58
4 66
5 75
6 75
7 75
8 75
9 75
10 75
11 75
12 75
13 75
14 75
15 83
16 83
17 83
18 83
19 83
20 83
21 83
22 83
23 83
24 83
25 83
26 83
27 83
28 83
29 83
30 83
31 83
32 83
33 83
34 83
35 83
36 83
37 83
38 83
39 83
40 83
41 83
42 83
43 83
44 83
45 83
46 83
47 83
48 83
49 83
50 75
51 83
52 83
53 83
54 83
55 83
56 83
57 83
58 83
59 83
60 83
61 83
62 83
63 83
64 83
65 83
66 83
67 83
68 83
69 83
70 83
71 83
72 83
73 83
74 83
75 83
76 83
77 83
78 83
79 83
80 83
81 83
82 83
83 83
84 34
85 75
86 75
87 75
88 75
89 75
90 75
91 75
92 33
93 75
94 75
95 75
96 75
97 75
98 75
99 75
100 33
101 50
102 75
103 75
104 75
105 75
106 75
107 75
108 33
109 50
110 75
111 75
112 75
113 75
114 75
115 75
116 33
117 50
118 75
119 75
120 75
121 75
122 75
123 75
124 33
125 50
126 75
127 75
128 75
129 75
130 75
131 75
132 75
133 50
134 75
135 75
136 75
137 75
138 75
139 75
140 75
141 49
142 75
143 75
144 75
145 75
146 75
147 75
148 75
149 50
150 74
151 74
152 74
153 74
154 74
155 74
156 74
157 50
158 75
159 75
160 75
161 75
162 75
163 75
164 75
165 50
166 75
167 75
168 75
169 75
170 75
171 75
172 75
173 50
174 75
175 75
176 75
177 75
178 75
179 75
180 75
181 50
182 75
183 75
184 75
185 75
186 75
187 75
188 75
189 33
190 75
191 75
192 75
193 75
194 75
195 75
196 75
197 33
198 75
199 75
200 75
201 75
202 75
203 75
204 75
205 33
206 75
207 75
208 75
209 75
210 75
211 75
212 75
213 34
214 50
215 74
216 74
217 74
218 74
219 74
220 74
221 34
222 50
223 75
224 75
225 75
226 75
227 75
228 75
229 34
230 50
231 75
232 75
233 75
234 75
235 75
236 75
237 33
238 50
239 75
240 75
241 75
242 75
243 75
244 75
245 75
246 50
247 75
248 75
249 75
250 75
251 75
252 75
253 75
254 50
255 75
256 75
257 75
258 75
259 75
260 75
261 75
262 50
263 75
264 75
265 75
266 75
267 75
268 75
269 75
270 50
271 75
272 75
273 75
274 75
275 75
276 75
277 75
278 49
279 75
280 75
281 75
282 75
283 75
284 75
285 75
286 50
287 74
288 74
289 74
290 74
291 74
292 74
293 74
294 50
295 75
296 75
297 75
298 75
299 75
300 75
301 75
302 33
303 75
304 75
305 75
306 75
307 75
308 75
309 75
310 33
311 75
312 75
313 75
314 75
315 75
316 75
317 75
318 33
319 75
320 75
321 75
322 75
323 75
324 75
325 75
326 33
327 50
328 75
329 75
330 75
331 75
332 75
333 75
334 33
335 50
336 75
337 75
338 75
339 75
340 75
341 75
342 34
343 49
344 75
345 75
346 75
347 75
348 75
349 75
350 34
351 50
352 74
353 74
354 74
355 74
356 74
357 74
358 74
359 50
360 75
361 75
362 75
363 75
364 75
365 75
366 75
367 50
368 75
369 75
370 75
371 75
372 75
373 75
374 75
375 50
376 75
377 75
378 75
379 75
380 75
381 75
382 75
383 50
384 75
385 75
386 75
387 75
388 75
389 75
390 75
391 50
392 75
393 75
394 75
395 75
396 75
397 75
398 75
399 50
400 75
401 75
402 75
403 75
404 75
405 75
406 75
407 50
408 75
409 75
410 75
411 75
412 75
413 75
414 75
415 34
416 74
417 74
418 74
419 74
420 74
421 74
422 74
423 34
424 75
425 75
426 75
427 75
428 75
429 75
430 75
431 34
432 75
433 75
434 75
435 75
436 75
437 75
438 75
439 33
440 50
441 75
442 75
443 75
444 75
445 75
446 75
447 33
448 50
449 75
450 75
451 75
452 75
453 75
454 75
455 33
456 50
457 75
458 75
459 75
460 75
461 75
462 75
463 33
464 50
465 75
466 75
467 75
468 75
469 75
470 75
471 75
472 50
473 75
474 75
475 75
476 75
477 75
478 75
479 75
480 49
481 75
482 75
483 75
484 75
485 75
486 75
487 75
488 50
489 74
490 74
491 74
492 74
493 74
494 74
495 74
496 50
497 75
498 75
499 75
500 75
501 75
502 75
503 75
504 50
505 75
506 75
507 75
508 75
509 75
510 75
511 75
512 50
513 75
514 75
515 75
516 75
517 75
518 75
519 75
520 50
521 75
522 75
523 75
524 75
525 75
526 75
527 75
528 33
529 75
530 75
531 75
532 75
533 75
534 75
535 75
536 33
537 75
538 75
539 75
540 75
541 75
542 75
543 75
544 33
545 75
546 75
547 75
548 75
549 75
550 75
551 75
552 34
553 50
554 74
555 74
556 74
557 74
558 74
559 74
560 34
561 50
562 75
563 75
564 75
565 75
566 75
567 75
568 34
569 50
570 75
571 75
572 75
573 75
574 75
575 75
576 33
577 50
578 75
579 75
580 75
581 75
582 75
583 75
584 75
585 50
586 75
587 75
588 75
589 75
590 75
591 75
592 75
593 50
594 75
595 75
596 75
597 75
598 75
599 75
600 75
601 50
602 75
603 75
604 75
605 75
606 75
607 75
608 75
609 50
610 75
611 75
612 75
613 75
614 75
615 75
616 75
617 49
618 75
619 75
620 75
621 75
622 75
623 75
624 75
625 50
626 74
627 74
628 74
629 74
630 74
631 74
632 74
633 50
634 75
635 75
636 75
637 75
638 75
639 75
640 75
641 33
642 75
643 75
644 75
645 75
646 75
647 75
648 75
649 33
650 75
651 75
652 75
653 75
654 75
655 75
656 75
657 33
658 75
659 75
660 75
661 75
662 75
663 75
664 75
665 33
666 50
667 75
668 75
669 75
670 75
671 75
672 75
673 33
674 50
675 75
676 75
677 75
678 75
679 75
680 75
681 34
682 49
683 75
684 75
685 75
686 75
687 75
688 75
689 34
690 50
691 74
692 74
693 74
694 74
695 74
696 74
697 74
698 50
699 75
700 75
701 75
702 75
703 75
704 75
705 75
706 50
707 75
708 75
709 75
710 75
711 75
712 75
713 75
714 50
715 75
716 75
717 75
718 75
719 75
720 75
721 75
722 50
723 75
724 75
725 75
726 75
727 75
728 75
729 75
730 50
731 75
732 75
733 75
734 75
735 75
736 75
737 75
738 50
739 75
740 75
741 75
742 75
743 75
744 75
745 75
746 50
747 75
748 75
749 75
750 75
751 75
752 75
753 75
754 34
755 74
756 74
757 74
758 74
759 74
760 74
761 74
762 34
763 75
764 75
765 75
766 75
767 75
768 75
769 75
770 34
771 75
772 75
773 75
774 75
775 75
776 75
777 75
778 33
779 50
780 75
781 75
782 75
783 75
784 75
785 75
786 33
787 50
788 75
789 75
790 75
791 75
792 75
793 75
794 33
795 50
796 75
797 75
798 75
799 75
800 75
801 75
802 33
803 50
804 75
805 75
806 75
807 75
808 75
809 75
810 75
811 50
812 75
813 75
814 75
815 75
816 75
817 75
818 75
819 49
820 75
821 75
822 75
823 75
824 75
825 75
826 75
827 50
828 74
829 74
830 74
831 74
832 74
833 74
834 74
835 50
836 75
837 75
838 75
839 75
840 75
841 75
842 75
843 50
844 75
845 75
846 75
847 75
848 75
849 75
850 75
851 50
852 75
853 75
854 75
855 75
856 75
857 75
858 75
859 50
860 75
861 75
862 75
863 75
864 75
865 75
866 75
867 33
868 75
869 75
870 75
871 75
872 75
873 75
874 75
875 33
876 75
877 75
878 75
879 75
880 75
881 75
882 75
883 34
884 75
885 75
886 75
887 75
888 75
889 75
890 75
891 34
892 74
893 74
894 74
895 74
896 74
897 74
898 74
899 34
900 50
901 75
902 75
903 75
904 75
905 75
906 75
907 33
908 50
909 75
910 75
911 75
912 75
913 75
914 75
915 33
916 50
917 75
918 75
919 75
920 75
921 75
922 75
923 75
924 50
925 75
926 75
927 75
928 75
929 75
930 75
931 75
932 50
933 75
934 75
935 75
936 75
937 75
938 75
939 75
940 50
941 75
942 75
943 75
944 75
945 75
946 75
947 75
948 50
949 75
950 75
951 75
952 75
953 75
954 75
955 75
956 50
957 74
958 74
959 74
960 74
961 74
962 74
963 74
964 50
965 75
966 75
967 75
968 75
969 75
970 75
971 75
972 50
973 75
974 75
975 75
976 75
977 75
978 75
979 75
980 33
981 75
982 75
983 75
984 75
985 75
986 75
987 75
988 33
989 75
990 75
991 75
992 75
993 75
994 75
995 75
996 33
997 75
998 75
999 75
