0 0
1 11
2 11
3 50
4 58
5 75
6 83
7 25
8 58
9 75
10 83
11 83
12 42
13 58
14 75
15 83
16 83
17 42
18 75
19 83
20 83
21 25
22 59
23 75
24 83
25 83
26 41
27 59
28 75
29 83
30 83
31 41
32 74
33 84
34 83
35 25
36 58
37 75
38 84
39 83
40 41
41 58
42 75
43 84
44 84
45 42
46 75
47 83
48 84
49 25
50 58
51 75
52 83
53 84
54 42
55 58
56 75
57 83
58 83
59 42
60 75
61 83
62 83
63 25
64 58
65 75
66 83
67 83
68 42
69 58
70 75
71 83
72 83
73 42
74 75
75 83
76 83
77 25
78 58
79 75
80 83
81 83
82 41
83 59
84 75
85 83
86 83
87 41
88 74
89 84
90 83
91 25
92 59
93 74
94 84
95 83
96 41
97 58
98 84
99 83
100 83
101 41
102 75
103 83
104 84
105 25
106 58
107 75
108 83
109 84
110 42
111 58
112 83
113 83
114 83
115 42
116 75
117 83
118 83
119 25
120 58
121 75
122 83
123 83
124 42
125 58
126 83
127 83
128 83
129 42
130 75
131 83
132 83
133 25
134 58
135 75
136 83
137 83
138 41
139 59
140 83
141 83
142 25
143 59
144 75
145 83
146 83
147 25
148 59
149 74
150 84
151 83
152 41
153 58
154 84
155 83
156 25
157 58
158 75
159 83
160 84
161 24
162 58
163 75
164 83
165 84
166 42
167 58
168 83
169 84
170 25
171 58
172 75
173 83
174 83
175 25
176 58
177 75
178 83
179 83
180 42
181 58
182 83
183 83
184 25
185 58
186 75
187 83
188 83
189 25
190 58
191 75
192 83
193 83
194 42
195 75
196 83
197 83
198 25
199 59
200 75
201 83
202 83
203 41
204 59
205 74
206 83
207 83
208 41
209 74
210 84
211 83
212 25
213 58
214 75
215 84
216 83
217 41
218 58
219 75
220 84
221 84
222 42
223 75
224 83
225 84
226 25
227 58
228 75
229 83
230 83
231 42
232 58
233 75
234 83
235 83
236 42
237 75
238 83
239 83
240 25
241 58
242 75
243 83
244 83
245 42
246 58
247 75
248 83
249 83
250 42
251 75
252 83
253 83
254 25
255 59
256 75
257 83
258 83
259 41
260 59
261 75
262 83
263 83
264 41
265 74
266 84
267 83
268 25
269 58
270 75
271 84
272 83
273 41
274 58
275 75
276 84
277 84
278 42
279 75
280 83
281 84
282 25
283 58
284 75
285 83
286 84
287 42
288 58
289 75
290 83
291 83
292 42
293 75
294 83
295 83
296 25
297 58
298 75
299 83
300 83
301 42
302 58
303 83
304 83
305 83
306 42
307 75
308 83
309 83
310 25
311 58
312 75
313 83
314 83
315 41
316 59
317 83
318 83
319 83
320 41
321 74
322 84
323 83
324 25
325 59
326 74
327 84
328 83
329 41
330 58
331 84
332 83
333 83
334 41
335 75
336 83
337 84
338 25
339 58
340 75
341 83
342 84
343 42
344 58
345 83
346 83
347 25
348 58
349 75
350 83
351 83
352 25
353 58
354 75
355 83
356 83
357 42
358 58
359 83
360 83
361 25
362 58
363 75
364 83
365 83
366 25
367 58
368 75
369 83
370 83
371 41
372 59
373 83
374 83
375 25
376 59
377 75
378 83
379 83
380 25
381 59
382 74
383 84
384 83
385 41
386 58
387 84
388 83
389 25
390 58
391 75
392 83
393 84
394 24
395 58
396 75
397 83
398 84
399 42
400 75
401 83
402 84
403 25
404 58
405 75
406 83
407 83
408 42
409 58
410 75
411 83
412 83
413 42
414 75
415 83
416 83
417 25
418 58
419 75
420 83
421 83
422 42
423 58
424 75
425 83
426 83
427 42
428 75
429 83
430 83
431 25
432 59
433 75
434 83
435 83
436 41
437 59
438 74
439 83
440 83
441 41
442 74
443 84
444 83
445 25
446 58
447 75
448 84
449 83
450 41
451 58
452 75
453 84
454 84
455 42
456 75
457 83
458 84
459 25
460 58
461 75
462 83
463 83
464 42
465 58
466 75
467 83
468 83
469 42
470 75
471 83
472 83
473 25
474 58
475 75
476 83
477 83
478 42
479 58
480 75
481 83
482 83
483 42
484 75
485 83
486 83
487 25
488 59
489 75
490 83
491 83
492 41
493 59
494 75
495 83
496 83
497 41
498 74
499 84
500 83
501 25
502 58
503 75
504 84
505 83
506 41
507 58
508 83
509 84
510 84
511 42
512 75
513 83
514 84
515 25
516 58
517 75
518 83
519 84
520 42
521 58
522 83
523 83
524 83
525 42
526 75
527 83
528 83
529 25
530 58
531 75
532 83
533 83
534 42
535 58
536 83
537 83
538 83
539 42
540 75
541 83
542 83
543 25
544 58
545 75
546 83
547 83
548 41
549 59
550 83
551 83
552 83
553 41
554 74
555 84
556 83
557 25
558 59
559 74
560 84
561 83
562 41
563 58
564 84
565 83
566 25
567 58
568 75
569 83
570 84
571 25
572 58
573 75
574 83
575 84
576 42
577 58
578 83
579 83
580 25
581 58
582 75
583 83
584 83
585 25
586 58
587 75
588 83
589 83
590 42
591 58
592 83
593 83
594 25
595 58
596 75
597 83
598 83
599 25
600 58
601 75
602 83
603 83
604 41
605 59
606 83
607 83
608 25
609 59
610 75
611 83
612 83
613 41
614 59
615 74
616 83
617 83
618 41
619 75
620 84
621 83
622 25
623 58
624 75
625 83
626 84
627 42
628 58
629 75
630 84
631 84
632 42
633 75
634 83
635 84
636 25
637 58
638 75
639 83
640 83
641 42
642 58
643 75
644 83
645 83
646 42
647 75
648 83
649 83
650 25
651 58
652 75
653 83
654 83
655 42
656 58
657 75
658 83
659 83
660 42
661 75
662 83
663 83
664 25
665 59
666 75
667 83
668 83
669 41
670 59
671 74
672 83
673 83
674 41
675 74
676 84
677 83
678 25
679 58
680 75
681 84
682 83
683 41
684 58
685 75
686 84
687 84
688 42
689 75
690 83
691 84
692 25
693 58
694 75
695 83
696 83
697 42
698 58
699 75
700 83
701 83
702 42
703 75
704 83
705 83
706 25
707 58
708 75
709 83
710 83
711 42
712 58
713 83
714 83
715 83
716 42
717 75
718 83
719 83
720 25
721 59
722 75
723 83
724 83
725 41
726 59
727 83
728 83
729 83
730 41
731 74
732 84
733 83
734 25
735 58
736 75
737 84
738 83
739 41
740 58
741 83
742 84
743 84
744 42
745 75
746 83
747 84
748 25
749 58
750 75
751 83
752 84
753 42
754 58
755 83
756 83
757 83
758 42
759 75
760 83
761 83
762 25
763 58
764 75
765 83
766 83
767 42
768 58
769 83
770 83
771 25
772 58
773 75
774 83
775 83
776 25
777 58
778 75
779 83
780 83
781 41
782 59
783 83
784 83
785 25
786 59
787 74
788 84
789 83
790 25
791 59
792 74
793 84
794 83
795 41
796 58
797 84
798 83
799 25
800 58
801 75
802 83
803 84
804 25
805 58
806 75
807 83
808 84
809 42
810 58
811 83
812 83
813 25
814 58
815 75
816 83
817 83
818 42
819 58
820 75
821 83
822 83
823 42
824 75
825 83
826 83
827 25
828 58
829 75
830 83
831 83
832 42
833 58
834 75
835 83
836 83
837 41
838 75
839 83
840 83
841 25
842 59
843 75
844 83
845 83
846 41
847 59
848 74
849 83
850 83
851 41
852 75
853 84
854 83
855 25
856 58
857 75
858 83
859 84
860 42
861 58
862 75
863 84
864 84
865 42
866 75
867 83
868 84
869 25
870 58
871 75
872 83
873 83
874 42
875 58
876 75
877 83
878 83
879 42
880 75
881 83
882 83
883 25
884 58
885 75
886 83
887 83
888 42
889 58
890 75
891 83
892 83
893 42
894 75
895 83
896 83
897 25
898 59
899 75
900 83
901 83
902 41
903 59
904 74
905 83
906 83
907 41
908 74
909 84
910 83
911 25
912 58
913 75
914 84
915 83
916 41
917 58
918 83
919 84
920 84
921 42
922 75
923 83
924 84
925 25
926 58
927 75
928 83
929 83
930 42
931 58
932 83
933 83
934 83
935 42
936 75
937 83
938 83
939 25
940 58
941 75
942 83
943 83
944 42
945 58
946 83
947 83
948 83
949 42
950 75
951 83
952 83
953 25
954 59
955 75
956 83
957 83
958 41
959 59
960 83
961 83
962 83
963 41
964 74
965 84
966 83
967 25
968 58
969 75
970 84
971 83
972 41
973 58
974 83
975 84
976 24
977 58
978 75
979 83
980 84
981 25
982 58
983 75
984 83
985 84
986 42
987 58
988 83
989 83
990 25
991 58
992 75
993 83
994 83
995 25
996 58
997 75
998 83
999 83
