0 0
1 11
2 11
3 50
4 67
5 83
6 83
7 24
8 58
9 75
10 83
11 84
12 42
13 58
14 83
15 84
16 84
17 42
18 75
19 83
20 83
21 25
22 58
23 75
24 83
25 83
26 42
27 58
28 83
29 83
30 83
31 42
32 75
33 83
34 83
35 25
36 58
37 75
38 83
39 83
40 42
41 58
42 83
43 83
44 25
45 59
46 75
47 83
48 83
49 25
50 59
51 74
52 84
53 83
54 41
55 59
56 84
57 83
58 25
59 58
60 75
61 84
62 83
63 25
64 58
65 75
66 83
67 84
68 42
69 58
70 83
71 84
72 25
73 58
74 75
75 83
76 83
77 25
78 58
79 75
80 83
81 83
82 42
83 58
84 83
85 83
86 25
87 58
88 75
89 83
90 83
91 42
92 58
93 75
94 83
95 83
96 42
97 75
98 83
99 83
100 25
101 59
102 75
103 83
104 83
105 41
106 59
107 75
108 83
109 83
110 41
111 74
112 84
113 83
114 25
115 58
116 75
117 84
118 83
119 41
120 58
121 75
122 84
123 84
124 42
125 75
126 83
127 84
128 25
129 58
130 75
131 83
132 84
133 42
134 58
135 75
136 83
137 83
138 42
139 75
140 83
141 83
142 25
143 58
144 75
145 83
146 83
147 42
148 58
149 75
150 83
151 83
152 42
153 75
154 83
155 83
156 25
157 58
158 75
159 83
160 83
161 41
162 59
163 75
164 83
165 83
166 41
167 74
168 84
169 83
170 25
171 59
172 74
173 84
174 83
175 41
176 58
177 75
178 83
179 83
180 41
181 75
182 83
183 84
184 25
185 58
186 75
187 83
188 84
189 42
190 58
191 83
192 83
193 83
194 42
195 75
196 83
197 83
198 25
199 58
200 75
201 83
202 83
203 42
204 58
205 83
206 83
207 83
208 42
209 75
210 83
211 83
212 25
213 58
214 75
215 83
216 83
217 41
218 59
219 83
220 83
221 83
222 41
223 75
224 83
225 83
226 25
227 59
228 74
229 84
230 83
231 41
232 58
233 84
234 83
235 83
236 41
237 75
238 83
239 84
240 24
241 58
242 75
243 83
244 84
245 42
246 58
247 83
248 84
249 25
250 58
251 75
252 83
253 83
254 25
255 58
256 75
257 83
258 83
259 42
260 58
261 83
262 83
263 25
264 58
265 75
266 83
267 83
268 25
269 58
270 75
271 83
272 83
273 42
274 58
275 83
276 83
277 25
278 59
279 75
280 83
281 83
282 25
283 59
284 74
285 84
286 83
287 41
288 59
289 84
290 83
291 25
292 58
293 75
294 84
295 83
296 41
297 58
298 75
299 84
300 84
301 42
302 75
303 83
304 84
305 25
306 58
307 75
308 83
309 83
310 42
311 58
312 75
313 83
314 83
315 42
316 75
317 83
318 83
319 25
320 58
321 75
322 83
323 83
324 42
325 58
326 75
327 83
328 83
329 42
330 75
331 83
332 83
333 25
334 59
335 75
336 83
337 83
338 41
339 59
340 75
341 83
342 83
343 41
344 74
345 84
346 83
347 25
348 58
349 75
350 84
351 83
352 41
353 58
354 75
355 84
356 84
357 42
358 75
359 83
360 84
361 25
362 58
363 75
364 83
365 84
366 42
367 58
368 75
369 83
370 83
371 42
372 75
373 83
374 83
375 25
376 58
377 75
378 83
379 83
380 42
381 58
382 75
383 83
384 83
385 42
386 75
387 83
388 83
389 25
390 58
391 75
392 83
393 83
394 41
395 59
396 75
397 83
398 83
399 41
400 74
401 84
402 83
403 25
404 59
405 74
406 84
407 83
408 41
409 58
410 84
411 83
412 83
413 41
414 75
415 83
416 84
417 25
418 58
419 75
420 83
421 84
422 42
423 58
424 83
425 83
426 83
427 42
428 75
429 83
430 83
431 25
432 58
433 75
434 83
435 83
436 42
437 58
438 83
439 83
440 83
441 42
442 75
443 83
444 83
445 25
446 58
447 75
448 83
449 83
450 41
451 59
452 83
453 83
454 25
455 59
456 75
457 83
458 83
459 25
460 59
461 74
462 84
463 83
464 41
465 58
466 84
467 83
468 25
469 58
470 75
471 83
472 84
473 24
474 58
475 75
476 83
477 84
478 42
479 58
480 83
481 84
482 25
483 58
484 75
485 83
486 83
487 25
488 58
489 75
490 83
491 83
492 42
493 58
494 83
495 83
496 25
497 58
498 75
499 83
500 83
501 25
502 58
503 75
504 83
505 83
506 42
507 75
508 83
509 83
510 25
511 59
512 75
513 83
514 83
515 41
516 59
517 74
518 83
519 83
520 41
521 74
522 84
523 83
524 25
525 58
526 75
527 84
528 83
529 41
530 58
531 75
532 84
533 84
534 42
535 75
536 83
537 84
538 25
539 58
540 75
541 83
542 83
543 42
544 58
545 75
546 83
547 83
548 42
549 75
550 83
551 83
552 25
553 58
554 75
555 83
556 83
557 42
558 58
559 75
560 83
561 83
562 42
563 75
564 83
565 83
566 25
567 59
568 75
569 83
570 83
571 41
572 59
573 75
574 83
575 83
576 41
577 74
578 84
579 83
580 25
581 58
582 75
583 84
584 83
585 41
586 58
587 75
588 84
589 84
590 42
591 75
592 83
593 84
594 25
595 58
596 75
597 83
598 84
599 42
600 58
601 75
602 83
603 83
604 42
605 75
606 83
607 83
608 25
609 58
610 75
611 83
612 83
613 42
614 58
615 83
616 83
617 83
618 42
619 75
620 83
621 83
622 25
623 58
624 75
625 83
626 83
627 41
628 59
629 83
630 83
631 83
632 41
633 74
634 84
635 83
636 25
637 59
638 74
639 84
640 83
641 41
642 58
643 84
644 83
645 83
646 41
647 75
648 83
649 84
650 25
651 58
652 75
653 83
654 84
655 42
656 58
657 83
658 83
659 25
660 58
661 75
662 83
663 83
664 25
665 58
666 75
667 83
668 83
669 42
670 58
671 83
672 83
673 25
674 58
675 75
676 83
677 83
678 25
679 58
680 75
681 83
682 83
683 41
684 59
685 83
686 83
687 25
688 59
689 75
690 83
691 83
692 25
693 59
694 74
695 84
696 83
697 41
698 58
699 84
700 83
701 25
702 58
703 75
704 83
705 84
706 24
707 58
708 75
709 83
710 84
711 42
712 75
713 83
714 84
715 25
716 58
717 75
718 83
719 83
720 42
721 58
722 75
723 83
724 83
725 42
726 75
727 83
728 83
729 25
730 58
731 75
732 83
733 83
734 42
735 58
736 75
737 83
738 83
739 42
740 75
741 83
742 83
743 25
744 59
745 75
746 83
747 83
748 41
749 59
750 74
751 83
752 83
753 41
754 74
755 84
756 83
757 25
758 58
759 75
760 84
761 83
762 41
763 58
764 75
765 84
766 84
767 42
768 75
769 83
770 84
771 25
772 58
773 75
774 83
775 83
776 42
777 58
778 75
779 83
780 83
781 42
782 75
783 83
784 83
785 25
786 58
787 75
788 83
789 83
790 42
791 58
792 75
793 83
794 83
795 42
796 75
797 83
798 83
799 25
800 59
801 75
802 83
803 83
804 41
805 59
806 75
807 83
808 83
809 41
810 74
811 84
812 83
813 25
814 58
815 75
816 84
817 83
818 41
819 58
820 83
821 84
822 84
823 42
824 75
825 83
826 84
827 25
828 58
829 75
830 83
831 84
832 42
833 58
834 83
835 83
836 83
837 42
838 75
839 83
840 83
841 25
842 58
843 75
844 83
845 83
846 42
847 58
848 83
849 83
850 83
851 42
852 75
853 83
854 83
855 25
856 58
857 75
858 83
859 83
860 41
861 59
862 83
863 83
864 83
865 41
866 74
867 84
868 83
869 25
870 59
871 74
872 84
873 83
874 41
875 58
876 84
877 83
878 25
879 58
880 75
881 83
882 84
883 25
884 58
885 75
886 83
887 84
888 42
889 58
890 83
891 83
892 25
893 58
894 75
895 83
896 83
897 25
898 58
899 75
900 83
901 83
902 42
903 58
904 83
905 83
906 25
907 58
908 75
909 83
910 83
911 25
912 58
913 75
914 83
915 83
916 41
917 59
918 83
919 83
920 25
921 59
922 75
923 83
924 83
925 41
926 59
927 74
928 83
929 83
930 41
931 75
932 84
933 83
934 25
935 58
936 75
937 83
938 84
939 42
940 58
941 75
942 84
943 84
944 42
945 75
946 83
947 84
948 25
949 58
950 75
951 83
952 83
953 42
954 58
955 75
956 83
957 83
958 42
959 75
960 83
961 83
962 25
963 58
964 75
965 83
966 83
967 42
968 58
969 75
970 83
971 83
972 42
973 75
974 83
975 83
976 25
977 59
978 75
979 83
980 83
981 41
982 59
983 74
984 83
985 83
986 41
987 74
988 84
989 83
990 25
991 58
992 75
993 84
994 83
995 41
996 58
997 75
998 84
999 84
