0 0.0
1 6.4
2 52.9
3 40.6
4 60.7
5 74.9
6 81.4
7 52.4
8 50.7
9 66.6
10 81.5
11 83.9
12 54.0
13 52.9
14 77.6
15 81.6
16 75.7
17 59.0
18 73.0
19 84.2
20 64.1
21 43.3
22 55.9
23 76.3
24 84.2
25 70.8
26 47.1
27 74.2
28 78.2
29 68.2
30 65.7
31 60.7
32 73.2
33 83.9
34 81.6
35 51.5
36 60.6
37 62.4
38 75.7
39 80.5
40 55.8
41 56.9
42 68.1
43 75.5
44 70.8
45 63.2
46 58.3
47 74.1
48 81.5
49 48.9
50 63.4
51 81.6
52 84.0
53 71.4
54 46.5
55 69.2
56 76.4
57 79.7
58 41.0
59 56.7
60 71.4
61 83.3
62 74.1
63 41.6
64 59.1
65 80.8
66 81.5
67 75.8
68 54.9
69 66.2
70 66.7
71 73.3
72 54.0
73 62.3
74 73.1
75 71.6
76 79.2
77 45.9
78 63.9
79 81.5
80 72.6
81 78.6
82 57.4
83 71.4
84 73.0
85 82.6
86 43.1
87 53.1
88 68.4
89 83.1
90 83.2
91 39.3
92 54.4
93 77.1
94 83.3
95 83.3
96 44.1
97 66.0
98 80.7
99 83.8
100 45.9
101 57.5
102 73.4
103 83.0
104 73.2
105 50.5
106 66.7
107 84.1
108 65.6
109 71.4
110 53.2
111 73.4
112 83.1
113 73.1
114 53.5
115 61.7
116 64.1
117 74.7
118 82.4
119 38.3
120 56.6
121 73.4
122 83.1
123 84.0
124 34.8
125 57.1
126 79.9
127 83.4
128 58.4
129 50.6
130 65.5
131 81.8
132 76.5
133 50.0
134 63.2
135 83.2
136 83.3
137 73.4
138 49.4
139 71.2
140 76.6
141 62.6
142 47.2
143 58.0
144 74.8
145 83.1
146 68.3
147 49.2
148 57.4
149 79.7
150 77.3
151 74.8
152 61.5
153 60.9
154 73.1
155 78.9
156 57.3
157 59.8
158 63.3
159 75.7
160 80.4
161 53.2
162 63.4
163 71.5
164 81.4
165 71.5
166 62.4
167 66.0
168 83.1
169 83.1
170 44.1
171 56.8
172 74.9
173 78.1
174 64.8
175 43.2
176 68.2
177 80.8
178 83.1
179 60.8
180 54.2
181 65.6
182 82.5
183 80.7
184 56.7
185 63.3
186 64.0
187 74.1
188 79.1
189 48.4
190 72.0
191 68.5
192 76.0
193 72.3
194 63.4
195 63.0
196 71.6
197 71.1
198 55.8
199 63.1
200 69.1
201 80.9
202 83.3
203 41.0
204 64.1
205 75.5
206 80.0
207 74.8
208 50.7
209 68.3
210 80.6
211 83.2
212 57.2
213 48.2
214 68.4
215 82.2
216 80.6
217 48.0
218 73.6
219 68.2
220 73.9
221 64.9
222 59.9
223 72.5
224 68.1
225 70.5
226 54.1
227 63.4
228 77.5
229 63.9
230 72.3
231 49.8
232 73.2
233 75.9
234 80.7
235 74.9
236 64.1
237 56.5
238 72.7
239 82.4
240 56.6
241 50.8
242 66.6
243 80.7
244 84.0
245 46.6
246 54.6
247 77.6
248 80.8
249 74.8
250 58.2
251 73.0
252 84.1
253 64.1
254 42.4
255 60.7
256 81.5
257 83.3
258 70.8
259 49.3
260 74.2
261 76.5
262 67.4
263 49.6
264 60.8
265 73.2
266 83.0
267 80.7
268 54.1
269 67.5
270 69.8
271 74.9
272 80.5
273 56.6
274 56.0
275 73.2
276 78.8
277 59.1
278 59.9
279 57.5
280 78.2
281 80.6
282 53.0
283 61.6
284 84.0
285 83.9
286 65.5
287 45.7
288 68.4
289 83.1
290 83.0
291 43.5
292 56.7
293 71.3
294 78.3
295 72.4
296 40.7
297 64.1
298 83.4
299 83.1
300 76.6
301 54.9
302 67.9
303 70.0
304 75.8
305 55.6
306 63.3
307 73.0
308 70.8
309 79.2
310 45.9
311 65.6
312 83.1
313 73.6
314 78.5
315 56.6
316 70.6
317 78.9
318 78.5
319 39.7
320 53.2
321 68.3
322 83.1
323 83.2
324 38.4
325 60.2
326 75.5
327 80.0
328 83.4
329 44.1
330 66.0
331 80.6
332 83.0
333 51.8
334 55.9
335 70.1
336 82.2
337 73.1
338 50.5
339 66.7
340 83.3
341 71.4
342 71.4
343 50.7
344 72.5
345 83.1
346 73.1
347 53.5
348 60.9
349 71.6
350 71.5
351 79.9
352 37.5
353 56.6
354 73.4
355 83.2
356 79.0
357 43.9
358 53.8
359 77.5
360 82.5
361 56.6
362 50.7
363 69.0
364 80.9
365 84.0
366 46.7
367 67.2
368 82.4
369 83.3
370 65.0
371 55.9
372 72.2
373 84.1
374 59.3
375 43.3
376 59.8
377 76.4
378 83.3
379 68.2
380 48.4
381 71.7
382 83.9
383 74.8
384 74.0
385 63.2
386 60.9
387 73.1
388 78.1
389 57.4
390 64.0
391 60.8
392 74.8
393 80.5
394 53.2
395 63.4
396 70.7
397 81.5
398 75.7
399 58.3
400 65.2
401 83.1
402 83.0
403 44.1
404 56.0
405 74.8
406 83.9
407 60.6
408 42.4
409 68.1
410 80.8
411 83.1
412 59.9
413 54.1
414 71.4
415 78.3
416 79.9
417 56.6
418 63.3
419 64.0
420 73.3
421 79.0
422 54.1
423 67.9
424 67.6
425 76.0
426 72.3
427 63.4
428 63.1
429 70.7
430 76.8
431 51.6
432 59.8
433 69.1
434 80.9
435 83.4
436 40.9
437 65.9
438 81.4
439 78.3
440 71.5
441 50.7
442 68.4
443 80.6
444 83.1
445 56.4
446 54.1
447 66.7
448 79.7
449 79.8
450 48.1
451 73.5
452 68.2
453 73.1
454 70.8
455 56.5
456 69.9
457 67.3
458 70.5
459 54.0
460 65.1
461 78.5
462 71.4
463 68.9
464 50.7
465 72.3
466 75.9
467 80.7
468 62.4
469 63.2
470 64.0
471 70.8
472 79.9
473 52.4
474 54.0
475 73.5
476 80.7
477 83.2
478 57.4
479 56.4
480 75.1
481 80.0
482 55.6
483 58.2
484 73.1
485 83.3
486 74.2
487 36.9
488 63.1
489 82.3
490 68.3
491 70.8
492 49.4
493 73.3
494 84.0
495 71.5
496 47.2
497 59.9
498 73.2
499 83.0
500 80.7
501 53.2
502 67.4
503 73.9
504 72.4
505 79.7
506 56.6
507 56.0
508 73.2
509 78.0
510 59.2
511 64.1
512 53.3
513 77.4
514 80.6
515 53.1
516 61.6
517 83.2
518 84.0
519 71.4
520 41.6
521 67.6
522 83.2
523 83.0
524 44.2
525 55.9
526 71.4
527 84.2
528 68.3
529 39.8
530 64.2
531 83.3
532 83.1
533 75.8
534 57.4
535 73.8
536 65.9
537 75.0
538 55.6
539 63.2
540 73.0
541 73.3
542 78.4
543 51.7
544 61.4
545 79.8
546 73.5
547 81.0
548 56.6
549 70.6
550 78.1
551 84.2
552 38.1
553 49.8
554 68.3
555 83.1
556 83.2
557 38.5
558 59.3
559 81.2
560 78.3
561 75.8
562 43.3
563 66.0
564 80.7
565 83.0
566 49.2
567 61.6
568 70.0
569 79.7
570 72.3
571 50.5
572 71.8
573 83.2
574 70.6
575 70.7
576 54.2
577 70.0
578 82.3
579 73.1
580 51.7
581 60.8
582 74.0
583 79.0
584 76.6
585 35.0
586 62.3
587 78.4
588 83.1
589 74.9
590 48.2
591 61.3
592 74.1
593 80.0
594 55.7
595 50.7
596 69.0
597 80.8
598 83.2
599 46.9
600 63.8
601 79.9
602 82.5
603 64.9
604 55.9
605 73.0
606 83.3
607 66.7
608 47.4
609 57.3
610 75.6
611 83.2
612 68.2
613 48.4
614 70.9
615 83.8
616 78.9
617 71.5
618 62.4
619 60.8
620 73.1
621 78.1
622 56.5
623 63.9
624 64.9
625 70.7
626 79.6
627 53.2
628 62.5
629 72.3
630 80.6
631 75.6
632 64.0
633 65.9
634 82.3
635 83.0
636 44.1
637 56.0
638 74.0
639 84.0
640 66.5
641 38.2
642 67.3
643 80.8
644 83.2
645 59.9
646 53.3
647 71.5
648 84.2
649 75.7
650 55.8
651 63.3
652 64.1
653 73.2
654 78.2
655 53.3
656 73.8
657 63.5
658 72.6
659 72.4
660 63.4
661 63.0
662 70.7
663 76.0
664 57.5
665 59.8
666 65.8
667 81.0
668 83.3
669 44.0
670 65.9
671 80.5
672 84.2
673 57.2
674 47.4
675 67.5
676 80.6
677 83.1
678 53.1
679 56.7
680 78.9
681 76.4
682 77.3
683 50.6
684 73.5
685 68.2
686 73.2
687 53.4
688 64.0
689 66.7
690 65.0
691 74.9
692 50.4
693 66.8
694 83.4
695 70.6
696 76.4
697 47.4
698 69.9
699 75.0
700 80.7
701 58.4
702 63.2
703 63.1
704 81.5
705 76.6
706 49.9
707 53.2
708 73.5
709 80.8
710 83.1
711 56.6
712 63.9
713 71.8
714 77.5
715 54.8
716 58.2
717 73.1
718 83.3
719 73.4
720 44.4
721 67.3
722 79.7
723 67.5
724 70.9
725 49.3
726 73.3
727 83.2
728 71.6
729 51.4
730 57.4
731 72.3
732 83.1
733 80.7
734 53.2
735 66.6
736 74.0
737 76.6
738 75.6
739 55.8
740 56.0
741 73.1
742 78.0
743 58.4
744 64.0
745 59.1
746 73.2
747 79.8
748 53.0
749 61.6
750 83.2
751 83.1
752 71.3
753 47.3
754 63.4
755 82.3
756 83.0
757 45.8
758 55.9
759 70.6
760 84.1
761 74.0
762 35.7
763 63.3
764 83.3
765 83.1
766 75.8
767 56.6
768 72.9
769 71.6
770 70.8
771 51.4
772 63.2
773 76.5
774 73.4
775 78.3
776 50.9
777 72.2
778 78.1
779 70.2
780 72.4
781 63.2
782 70.6
783 79.7
784 83.4
785 43.3
786 48.1
787 68.3
788 82.4
789 83.3
790 38.4
791 66.0
792 80.4
793 84.2
794 58.2
795 47.3
796 65.2
797 83.0
798 83.0
799 49.2
800 60.8
801 77.5
802 63.8
803 69.8
804 49.6
805 73.5
806 83.2
807 70.6
808 69.8
809 61.7
810 66.7
811 79.8
812 72.3
813 51.7
814 60.8
815 74.0
816 78.2
817 84.0
818 31.7
819 59.8
820 77.6
821 83.1
822 74.9
823 48.3
824 60.4
825 81.6
826 76.7
827 53.3
828 49.8
829 69.0
830 80.8
831 83.3
832 46.0
833 71.3
834 84.0
835 80.0
836 64.1
837 55.9
838 73.0
839 83.2
840 69.2
841 47.4
842 61.4
843 73.1
844 82.4
845 68.2
846 48.4
847 70.9
848 83.0
849 79.0
850 75.7
851 58.2
852 60.0
853 73.1
854 78.2
855 56.5
856 63.1
857 65.0
858 76.6
859 78.3
860 52.4
861 60.9
862 75.7
863 80.6
864 74.8
865 64.1
866 71.8
867 78.2
868 82.1
869 44.2
870 55.9
871 74.0
872 83.1
873 66.5
874 45.8
875 63.2
876 80.0
877 83.1
878 55.6
879 53.3
880 70.6
881 83.3
882 81.5
883 49.1
884 63.2
885 70.8
886 73.2
887 78.2
888 56.6
889 73.0
890 69.2
891 71.0
892 52.1
893 63.4
894 63.0
895 70.9
896 81.1
897 53.4
898 67.1
899 70.7
900 77.6
901 82.5
902 44.0
903 66.0
904 80.5
905 83.3
906 58.8
907 44.1
908 65.0
909 79.8
910 83.1
911 53.2
912 56.6
913 78.1
914 83.9
915 74.0
916 48.1
917 72.7
918 68.3
919 73.1
920 53.4
921 63.2
922 74.2
923 61.7
924 72.4
925 49.6
926 66.8
927 83.3
928 70.6
929 75.6
930 54.9
931 66.5
932 72.5
933 79.8
934 58.4
935 63.2
936 63.1
937 80.7
938 84.1
939 46.5
940 50.7
941 74.3
942 80.7
943 83.1
944 56.6
945 63.1
946 79.2
947 81.6
948 52.3
949 57.4
950 73.0
951 68.4
952 73.4
953 43.6
954 67.2
955 83.9
956 65.0
957 70.0
958 54.0
959 73.3
960 83.2
961 70.7
962 51.3
963 61.5
964 68.2
965 82.2
966 80.7
967 53.2
968 66.6
969 73.1
970 76.5
971 81.3
972 51.6
973 55.2
974 73.1
975 78.0
976 57.5
977 63.2
978 60.8
979 79.1
980 75.6
981 52.2
982 63.2
983 83.3
984 83.1
985 62.3
986 52.5
987 69.3
988 78.1
989 82.2
990 44.0
991 56.0
992 73.9
993 83.3
994 73.2
995 41.6
996 65.7
997 79.9
998 83.2
999 67.6
