0 0
1 6
2 84
3 58
4 66
5 83
6 83
7 33
8 50
9 67
10 83
11 83
12 33
13 66
14 84
15 83
16 83
17 50
18 66
19 84
20 83
21 42
22 50
23 66
24 83
25 83
26 34
27 66
28 83
29 84
30 84
31 50
32 66
33 83
34 84
35 41
36 50
37 66
38 83
39 83
40 34
41 67
42 83
43 83
44 83
45 50
46 67
47 83
48 83
49 33
50 50
51 83
52 83
53 83
54 33
55 67
56 83
57 83
58 42
59 50
60 67
61 83
62 83
63 33
64 50
65 83
66 83
67 83
68 33
69 67
70 83
71 83
72 42
73 50
74 66
75 84
76 83
77 33
78 50
79 84
80 83
81 83
82 33
83 66
84 83
85 84
86 41
87 50
88 66
89 83
90 84
91 34
92 50
93 83
94 84
95 84
96 34
97 67
98 83
99 83
100 41
101 50
102 67
103 83
104 83
105 33
106 50
107 83
108 83
109 83
110 33
111 67
112 83
113 83
114 42
115 50
116 67
117 83
118 83
119 33
120 50
121 83
122 83
123 83
124 33
125 67
126 83
127 83
128 42
129 50
130 66
131 84
132 83
133 33
134 50
135 84
136 83
137 83
138 33
139 66
140 84
141 83
142 41
143 50
144 66
145 83
146 84
147 34
148 50
149 83
150 84
151 84
152 50
153 66
154 83
155 83
156 41
157 49
158 67
159 83
160 83
161 33
162 67
163 83
164 83
165 83
166 50
167 67
168 83
169 83
170 42
171 50
172 67
173 83
174 83
175 33
176 67
177 83
178 83
179 83
180 50
181 67
182 83
183 83
184 42
185 50
186 67
187 83
188 83
189 33
190 66
191 84
192 83
193 83
194 50
195 66
196 84
197 83
198 42
199 50
200 66
201 84
202 84
203 34
204 66
205 83
206 84
207 84
208 50
209 66
210 83
211 84
212 41
213 49
214 67
215 83
216 83
217 33
218 67
219 83
220 83
221 83
222 50
223 67
224 83
225 83
226 42
227 50
228 67
229 83
230 83
231 33
232 67
233 83
234 83
235 83
236 50
237 67
238 83
239 83
240 42
241 50
242 67
243 83
244 83
245 33
246 66
247 84
248 83
249 83
250 50
251 66
252 84
253 83
254 42
255 50
256 84
257 83
258 83
259 34
260 66
261 83
262 84
263 41
264 50
265 66
266 83
267 84
268 34
269 50
270 83
271 83
272 83
273 34
274 67
275 83
276 83
277 41
278 50
279 67
280 83
281 83
282 33
283 50
284 83
285 83
286 83
287 33
288 67
289 83
290 83
291 42
292 50
293 67
294 83
295 83
296 33
297 50
298 83
299 83
300 83
301 33
302 67
303 83
304 83
305 42
306 50
307 66
308 84
309 83
310 33
311 50
312 84
313 83
314 83
315 33
316 66
317 83
318 84
319 41
320 50
321 66
322 83
323 84
324 34
325 50
326 83
327 84
328 84
329 34
330 67
331 83
332 83
333 41
334 50
335 67
336 83
337 83
338 33
339 50
340 83
341 83
342 83
343 33
344 67
345 83
346 83
347 42
348 50
349 67
350 83
351 83
352 33
353 50
354 83
355 83
356 83
357 33
358 67
359 83
360 83
361 42
362 50
363 66
364 83
365 83
366 33
367 66
368 84
369 83
370 83
371 50
372 66
373 84
374 83
375 41
376 50
377 66
378 84
379 84
380 34
381 66
382 83
383 84
384 84
385 50
386 66
387 83
388 83
389 41
390 49
391 67
392 83
393 83
394 33
395 67
396 83
397 83
398 83
399 50
400 67
401 83
402 83
403 42
404 50
405 67
406 83
407 83
408 33
409 67
410 83
411 83
412 83
413 50
414 67
415 83
416 83
417 42
418 50
419 67
420 83
421 83
422 33
423 66
424 84
425 83
426 83
427 50
428 66
429 84
430 83
431 42
432 50
433 66
434 84
435 84
436 34
437 66
438 83
439 84
440 84
441 50
442 66
443 83
444 84
445 41
446 49
447 67
448 83
449 83
450 33
451 67
452 83
453 83
454 83
455 50
456 67
457 83
458 83
459 42
460 50
461 67
462 83
463 83
464 33
465 67
466 83
467 83
468 42
469 50
470 67
471 83
472 83
473 33
474 50
475 83
476 83
477 83
478 33
479 66
480 84
481 83
482 42
483 50
484 66
485 84
486 83
487 33
488 50
489 84
490 83
491 83
492 34
493 66
494 83
495 84
496 41
497 50
498 66
499 83
500 84
501 34
502 50
503 83
504 83
505 83
506 34
507 67
508 83
509 83
510 41
511 50
512 67
513 83
514 83
515 33
516 50
517 83
518 83
519 83
520 33
521 67
522 83
523 83
524 42
525 50
526 67
527 83
528 83
529 33
530 50
531 83
532 83
533 83
534 33
535 67
536 83
537 83
538 42
539 50
540 66
541 84
542 83
543 33
544 50
545 84
546 83
547 83
548 33
549 66
550 83
551 84
552 41
553 50
554 66
555 83
556 84
557 34
558 50
559 83
560 84
561 84
562 34
563 67
564 83
565 83
566 41
567 50
568 67
569 83
570 83
571 33
572 67
573 83
574 83
575 83
576 50
577 67
578 83
579 83
580 42
581 50
582 67
583 83
584 83
585 33
586 67
587 83
588 83
589 83
590 50
591 67
592 83
593 83
594 42
595 50
596 66
597 83
598 83
599 33
600 66
601 84
602 83
603 83
604 50
605 66
606 84
607 83
608 41
609 50
610 66
611 84
612 84
613 34
614 66
615 83
616 84
617 84
618 50
619 66
620 83
621 83
622 41
623 49
624 67
625 83
626 83
627 33
628 67
629 83
630 83
631 83
632 50
633 67
634 83
635 83
636 42
637 50
638 67
639 83
640 83
641 33
642 67
643 83
644 83
645 83
646 50
647 67
648 83
649 83
650 42
651 50
652 67
653 83
654 83
655 33
656 66
657 84
658 83
659 83
660 50
661 66
662 84
663 83
664 42
665 50
666 66
667 84
668 84
669 34
670 66
671 83
672 84
673 41
674 50
675 66
676 83
677 84
678 34
679 49
680 83
681 83
682 83
683 33
684 67
685 83
686 83
687 41
688 50
689 67
690 83
691 83
692 33
693 50
694 83
695 83
696 83
697 33
698 67
699 83
700 83
701 42
702 50
703 67
704 83
705 83
706 33
707 50
708 83
709 83
710 83
711 33
712 66
713 84
714 83
715 42
716 50
717 66
718 84
719 83
720 33
721 50
722 84
723 83
724 83
725 34
726 66
727 83
728 84
729 41
730 50
731 66
732 83
733 84
734 34
735 50
736 83
737 83
738 83
739 34
740 67
741 83
742 83
743 41
744 50
745 67
746 83
747 83
748 33
749 50
750 83
751 83
752 83
753 33
754 67
755 83
756 83
757 42
758 50
759 67
760 83
761 83
762 33
763 50
764 83
765 83
766 83
767 33
768 67
769 83
770 83
771 42
772 50
773 66
774 84
775 83
776 33
777 66
778 84
779 83
780 83
781 50
782 66
783 83
784 84
785 41
786 50
787 66
788 84
789 84
790 34
791 66
792 83
793 84
794 84
795 49
796 67
797 83
798 83
799 41
800 50
801 67
802 83
803 83
804 33
805 67
806 83
807 83
808 83
809 50
810 67
811 83
812 83
813 42
814 50
815 67
816 83
817 83
818 33
819 67
820 83
821 83
822 83
823 50
824 67
825 83
826 83
827 42
828 50
829 66
830 83
831 83
832 33
833 66
834 84
835 83
836 83
837 50
838 66
839 84
840 83
841 41
842 50
843 66
844 84
845 84
846 34
847 66
848 83
849 84
850 84
851 50
852 66
853 83
854 83
855 41
856 49
857 67
858 83
859 83
860 33
861 67
862 83
863 83
864 83
865 50
866 67
867 83
868 83
869 42
870 50
871 67
872 83
873 83
874 33
875 67
876 83
877 83
878 83
879 50
880 67
881 83
882 83
883 33
884 50
885 83
886 83
887 83
888 33
889 66
890 84
891 83
892 42
893 50
894 66
895 84
896 83
897 33
898 50
899 83
900 84
901 84
902 34
903 66
904 83
905 84
906 41
907 50
908 66
909 83
910 84
911 34
912 49
913 83
914 83
915 83
916 33
917 67
918 83
919 83
920 41
921 50
922 67
923 83
924 83
925 33
926 50
927 83
928 83
929 83
930 33
931 67
932 83
933 83
934 42
935 50
936 67
937 83
938 83
939 33
940 50
941 83
942 83
943 83
944 33
945 66
946 84
947 83
948 42
949 50
950 66
951 84
952 83
953 33
954 50
955 84
956 83
957 83
958 34
959 66
960 83
961 84
962 41
963 50
964 66
965 83
966 84
967 34
968 50
969 83
970 83
971 83
972 34
973 67
974 83
975 83
976 41
977 50
978 67
979 83
980 83
981 33
982 50
983 83
984 83
985 83
986 50
987 67
988 83
989 83
990 42
991 50
992 67
993 83
994 83
995 33
996 67
997 83
998 83
999 83
