0 0
1 7
2 7
3 7
4 50
5 58
6 83
7 83
8 41
9 50
10 75
11 83
12 83
13 33
14 66
15 75
16 83
17 67
18 83
19 83
20 42
21 50
22 66
23 83
24 83
25 42
26 58
27 83
28 83
29 42
30 59
31 75
32 83
33 83
34 75
35 83
36 83
37 42
38 58
39 75
40 83
41 25
42 50
43 67
44 75
45 83
46 33
47 50
48 75
49 83
50 75
51 83
52 83
53 42
54 50
55 66
56 83
57 83
58 33
59 58
60 75
61 83
62 50
63 41
64 75
65 83
66 83
67 58
68 75
69 83
70 42
71 58
72 75
73 83
74 83
75 41
76 67
77 75
78 83
79 83
80 50
81 66
82 83
83 75
84 67
85 83
86 33
87 50
88 66
89 83
90 83
91 33
92 58
93 75
94 83
95 83
96 41
97 59
98 75
99 83
100 58
101 75
102 83
103 83
104 50
105 75
106 83
107 83
108 41
109 50
110 75
111 83
112 83
113 50
114 66
115 75
116 75
117 67
118 83
119 33
120 50
121 50
122 83
123 83
124 33
125 42
126 75
127 83
128 83
129 42
130 59
131 75
132 83
133 83
134 75
135 83
136 83
137 50
138 58
139 75
140 83
141 25
142 50
143 67
144 83
145 83
146 33
147 66
148 75
149 83
150 67
151 83
152 83
153 42
154 50
155 66
156 83
157 83
158 42
159 58
160 75
161 83
162 50
163 41
164 75
165 83
166 83
167 58
168 83
169 83
170 42
171 58
172 75
173 83
174 25
175 50
176 67
177 75
178 83
179 33
180 50
181 75
182 83
183 75
184 83
185 83
186 42
187 50
188 66
189 83
190 83
191 33
192 58
193 75
194 83
195 50
196 41
197 59
198 83
199 83
200 58
201 75
202 83
203 42
204 50
205 75
206 83
207 83
208 41
209 67
210 75
211 83
212 83
213 50
214 66
215 83
216 75
217 67
218 83
219 33
220 50
221 66
222 83
223 83
224 33
225 42
226 75
227 83
228 83
229 42
230 59
231 75
232 83
233 58
234 75
235 83
236 83
237 50
238 58
239 83
240 83
241 41
242 50
243 75
244 83
245 83
246 33
247 66
248 75
249 83
250 67
251 83
252 83
253 42
254 50
255 66
256 83
257 83
258 42
259 58
260 83
261 83
262 42
263 59
264 75
265 83
266 83
267 75
268 83
269 83
270 50
271 58
272 75
273 83
274 25
275 50
276 67
277 83
278 83
279 33
280 66
281 75
282 83
283 67
284 83
285 83
286 42
287 50
288 66
289 83
290 83
291 33
292 58
293 75
294 83
295 50
296 41
297 75
298 83
299 83
300 58
301 75
302 83
303 42
304 58
305 75
306 83
307 83
308 41
309 67
310 75
311 83
312 83
313 50
314 66
315 83
316 75
317 67
318 83
319 33
320 50
321 66
322 83
323 83
324 33
325 58
326 75
327 83
328 83
329 41
330 59
331 75
332 83
333 58
334 75
335 83
336 83
337 50
338 75
339 83
340 83
341 41
342 67
343 75
344 83
345 83
346 50
347 66
348 75
349 75
350 67
351 83
352 33
353 50
354 50
355 83
356 83
357 33
358 42
359 75
360 83
361 83
362 42
363 59
364 75
365 83
366 83
367 75
368 83
369 83
370 50
371 58
372 83
373 83
374 25
375 50
376 75
377 83
378 83
379 33
380 66
381 75
382 83
383 67
384 83
385 83
386 42
387 50
388 66
389 83
390 83
391 42
392 58
393 75
394 83
395 50
396 41
397 75
398 83
399 83
400 58
401 83
402 83
403 42
404 58
405 75
406 83
407 25
408 50
409 67
410 75
411 83
412 33
413 50
414 75
415 83
416 75
417 83
418 83
419 42
420 50
421 66
422 83
423 83
424 33
425 58
426 75
427 83
428 50
429 41
430 59
431 83
432 83
433 58
434 75
435 83
436 42
437 58
438 75
439 83
440 83
441 41
442 67
443 75
444 83
445 83
446 50
447 66
448 83
449 75
450 67
451 83
452 33
453 50
454 66
455 83
456 83
457 33
458 42
459 75
460 83
461 83
462 42
463 59
464 75
465 83
466 58
467 75
468 83
469 83
470 50
471 58
472 83
473 83
474 41
475 50
476 75
477 83
478 83
479 50
480 66
481 75
482 75
483 67
484 83
485 83
486 50
487 50
488 83
489 83
490 33
491 42
492 58
493 83
494 83
495 42
496 59
497 75
498 83
499 83
500 75
501 83
502 83
503 50
504 58
505 75
506 83
507 25
508 50
509 67
510 83
511 83
512 33
513 66
514 75
515 83
516 67
517 83
518 83
519 42
520 50
521 66
522 83
523 83
524 33
525 58
526 75
527 83
528 50
529 41
530 75
531 83
532 83
533 58
534 83
535 83
536 42
537 58
538 75
539 83
540 83
541 50
542 67
543 75
544 83
545 83
546 50
547 75
548 83
549 75
550 67
551 83
552 33
553 50
554 66
555 83
556 83
557 33
558 58
559 75
560 83
561 83
562 41
563 59
564 75
565 83
566 58
567 75
568 83
569 83
570 50
571 75
572 83
573 83
574 41
575 67
576 75
577 83
578 83
579 50
580 66
581 75
582 75
583 67
584 83
585 33
586 50
587 66
588 83
589 83
590 33
591 42
592 75
593 83
594 83
595 42
596 59
597 75
598 83
599 58
600 75
601 83
602 83
603 50
604 58
605 83
606 83
607 25
608 50
609 75
610 83
611 83
612 33
613 66
614 75
615 83
616 67
617 83
618 83
619 42
620 50
621 66
622 83
623 83
624 42
625 58
626 75
627 83
628 50
629 41
630 75
631 83
632 83
633 75
634 83
635 83
636 42
637 58
638 75
639 83
640 25
641 50
642 67
643 75
644 83
645 33
646 50
647 75
648 83
649 75
650 83
651 83
652 42
653 50
654 66
655 83
656 83
657 33
658 58
659 75
660 83
661 50
662 41
663 59
664 83
665 83
666 58
667 75
668 83
669 42
670 58
671 75
672 83
673 83
674 41
675 67
676 75
677 83
678 83
679 50
680 66
681 83
682 75
683 67
684 83
685 33
686 50
687 66
688 83
689 83
690 33
691 58
692 75
693 83
694 83
695 41
696 59
697 75
698 83
699 58
700 75
701 83
702 83
703 50
704 75
705 83
706 83
707 41
708 50
709 75
710 83
711 83
712 50
713 66
714 75
715 75
716 67
717 83
718 83
719 50
720 50
721 83
722 83
723 33
724 42
725 58
726 83
727 83
728 42
729 59
730 75
731 83
732 83
733 75
734 83
735 83
736 50
737 58
738 75
739 83
740 25
741 50
742 67
743 83
744 83
745 33
746 66
747 75
748 83
749 67
750 83
751 83
752 42
753 50
754 66
755 83
756 83
757 42
758 58
759 75
760 83
761 50
762 41
763 75
764 83
765 83
766 58
767 83
768 83
769 42
770 58
771 75
772 83
773 83
774 50
775 67
776 75
777 83
778 83
779 50
780 75
781 83
782 75
783 67
784 83
785 33
786 50
787 66
788 83
789 83
790 33
791 58
792 75
793 83
794 50
795 41
796 59
797 83
798 83
799 58
800 75
801 83
802 42
803 50
804 75
805 83
806 83
807 41
808 67
809 75
810 83
811 83
812 50
813 66
814 75
815 75
816 67
817 83
818 33
819 50
820 66
821 83
822 83
823 33
824 42
825 75
826 83
827 83
828 42
829 59
830 75
831 83
832 58
833 75
834 83
835 83
836 50
837 58
838 83
839 83
840 41
841 50
842 75
843 83
844 83
845 33
846 66
847 75
848 83
849 67
850 83
851 83
852 42
853 50
854 66
855 83
856 83
857 42
858 58
859 83
860 83
861 42
862 59
863 75
864 83
865 83
866 75
867 83
868 83
869 42
870 58
871 75
872 83
873 25
874 50
875 67
876 75
877 83
878 33
879 50
880 75
881 83
882 75
883 83
884 83
885 42
886 50
887 66
888 83
889 83
890 33
891 58
892 75
893 83
894 50
895 41
896 75
897 83
898 83
899 58
900 75
901 83
902 42
903 58
904 75
905 83
906 83
907 41
908 67
909 75
910 83
911 83
912 50
913 66
914 83
915 75
916 67
917 83
918 33
919 50
920 66
921 83
922 83
923 33
924 58
925 75
926 83
927 83
928 41
929 59
930 75
931 83
932 58
933 75
934 83
935 83
936 50
937 75
938 83
939 83
940 41
941 50
942 75
943 83
944 83
945 50
946 66
947 75
948 75
949 67
950 83
951 33
952 50
953 50
954 83
955 83
956 33
957 42
958 75
959 83
960 83
961 42
962 59
963 75
964 83
965 83
966 75
967 83
968 83
969 50
970 58
971 75
972 83
973 25
974 50
975 67
976 83
977 83
978 33
979 66
980 75
981 83
982 67
983 83
984 83
985 42
986 50
987 66
988 83
989 83
990 42
991 58
992 75
993 83
994 50
995 41
996 75
997 83
998 83
999 58
