0 0
1 7
2 7
3 7
4 50
5 75
6 83
7 83
8 42
9 50
10 75
11 83
12 83
13 33
14 67
15 75
16 83
17 66
18 83
19 83
20 41
21 50
22 67
23 83
24 83
25 41
26 59
27 84
28 84
29 41
30 58
31 75
32 83
33 83
34 75
35 83
36 83
37 41
38 59
39 74
40 84
41 25
42 50
43 66
44 75
45 83
46 33
47 50
48 75
49 83
50 75
51 83
52 83
53 41
54 50
55 67
56 83
57 83
58 34
59 59
60 74
61 84
62 50
63 42
64 75
65 83
66 83
67 59
68 75
69 83
70 41
71 59
72 74
73 84
74 84
75 42
76 66
77 75
78 83
79 83
80 50
81 67
82 83
83 75
84 66
85 83
86 34
87 50
88 67
89 83
90 83
91 34
92 59
93 74
94 84
95 84
96 42
97 58
98 75
99 83
100 59
101 75
102 83
103 83
104 50
105 74
106 84
107 84
108 42
109 66
110 75
111 83
112 83
113 50
114 67
115 75
116 75
117 66
118 83
119 34
120 50
121 50
122 83
123 83
124 33
125 41
126 74
127 84
128 84
129 41
130 58
131 75
132 83
133 83
134 75
135 83
136 83
137 50
138 59
139 74
140 84
141 25
142 50
143 66
144 83
145 83
146 33
147 67
148 75
149 83
150 66
151 83
152 83
153 41
154 50
155 67
156 83
157 83
158 41
159 59
160 74
161 84
162 50
163 42
164 75
165 83
166 83
167 59
168 83
169 83
170 41
171 59
172 74
173 84
174 25
175 50
176 66
177 75
178 83
179 33
180 50
181 75
182 83
183 75
184 83
185 83
186 41
187 50
188 67
189 83
190 83
191 34
192 59
193 74
194 84
195 50
196 42
197 58
198 83
199 83
200 59
201 75
202 83
203 41
204 50
205 74
206 84
207 84
208 42
209 66
210 75
211 83
212 83
213 50
214 67
215 83
216 75
217 66
218 83
219 34
220 50
221 67
222 83
223 83
224 33
225 41
226 74
227 84
228 84
229 41
230 58
231 75
232 83
233 59
234 75
235 83
236 83
237 50
238 59
239 84
240 84
241 42
242 50
243 75
244 83
245 83
246 33
247 67
248 75
249 83
250 66
251 83
252 83
253 41
254 50
255 67
256 83
257 83
258 41
259 59
260 84
261 84
262 41
263 58
264 75
265 83
266 83
267 75
268 83
269 83
270 50
271 59
272 74
273 84
274 25
275 50
276 66
277 83
278 83
279 33
280 67
281 75
282 83
283 66
284 83
285 83
286 41
287 50
288 67
289 83
290 83
291 34
292 59
293 74
294 84
295 50
296 42
297 75
298 83
299 83
300 59
301 75
302 83
303 41
304 59
305 74
306 84
307 84
308 42
309 66
310 75
311 83
312 83
313 50
314 67
315 83
316 75
317 66
318 83
319 34
320 50
321 67
322 83
323 83
324 34
325 59
326 74
327 84
328 84
329 42
330 58
331 75
332 83
333 59
334 75
335 83
336 83
337 50
338 74
339 84
340 84
341 42
342 66
343 75
344 83
345 83
346 50
347 67
348 75
349 75
350 66
351 83
352 34
353 50
354 50
355 83
356 83
357 33
358 41
359 74
360 84
361 84
362 41
363 58
364 75
365 83
366 83
367 75
368 83
369 83
370 50
371 59
372 84
373 84
374 25
375 50
376 75
377 83
378 83
379 33
380 67
381 75
382 83
383 66
384 83
385 83
386 41
387 50
388 67
389 83
390 83
391 41
392 59
393 74
394 84
395 50
396 42
397 75
398 83
399 83
400 59
401 83
402 83
403 41
404 59
405 74
406 84
407 25
408 50
409 66
410 75
411 83
412 33
413 50
414 75
415 83
416 75
417 83
418 83
419 41
420 50
421 67
422 83
423 83
424 34
425 59
426 74
427 84
428 50
429 42
430 58
431 83
432 83
433 59
434 75
435 83
436 41
437 59
438 74
439 84
440 84
441 42
442 66
443 75
444 83
445 83
446 50
447 67
448 83
449 75
450 66
451 83
452 34
453 50
454 67
455 83
456 83
457 33
458 41
459 74
460 84
461 84
462 41
463 58
464 75
465 83
466 59
467 75
468 83
469 83
470 50
471 74
472 84
473 84
474 42
475 50
476 75
477 83
478 83
479 50
480 67
481 75
482 75
483 66
484 83
485 83
486 50
487 50
488 83
489 83
490 33
491 41
492 59
493 84
494 84
495 41
496 58
497 75
498 83
499 83
500 75
501 83
502 83
503 50
504 59
505 74
506 84
507 25
508 50
509 66
510 83
511 83
512 33
513 67
514 75
515 83
516 66
517 83
518 83
519 41
520 50
521 67
522 83
523 83
524 41
525 59
526 74
527 84
528 50
529 42
530 75
531 83
532 83
533 59
534 83
535 83
536 41
537 59
538 74
539 84
540 84
541 50
542 66
543 75
544 83
545 83
546 50
547 75
548 83
549 75
550 66
551 83
552 34
553 50
554 67
555 83
556 83
557 34
558 59
559 74
560 84
561 84
562 42
563 58
564 75
565 83
566 59
567 75
568 83
569 83
570 50
571 74
572 84
573 84
574 42
575 66
576 75
577 83
578 83
579 50
580 67
581 75
582 75
583 66
584 83
585 34
586 50
587 67
588 83
589 83
590 33
591 41
592 74
593 84
594 84
595 41
596 58
597 75
598 83
599 59
600 75
601 83
602 83
603 50
604 59
605 84
606 84
607 25
608 50
609 75
610 83
611 83
612 33
613 67
614 75
615 83
616 66
617 83
618 83
619 41
620 50
621 67
622 83
623 83
624 41
625 59
626 74
627 84
628 41
629 58
630 75
631 83
632 83
633 75
634 83
635 83
636 41
637 59
638 74
639 84
640 25
641 50
642 66
643 75
644 83
645 33
646 50
647 75
648 83
649 75
650 83
651 83
652 41
653 50
654 67
655 83
656 83
657 34
658 59
659 74
660 84
661 50
662 42
663 58
664 83
665 83
666 59
667 75
668 83
669 41
670 59
671 74
672 84
673 84
674 42
675 66
676 75
677 83
678 83
679 50
680 67
681 83
682 75
683 66
684 83
685 34
686 50
687 67
688 83
689 83
690 34
691 59
692 74
693 84
694 84
695 42
696 58
697 75
698 83
699 59
700 75
701 83
702 83
703 50
704 74
705 84
706 84
707 42
708 50
709 75
710 83
711 83
712 50
713 67
714 75
715 75
716 66
717 83
718 83
719 50
720 50
721 83
722 83
723 33
724 41
725 59
726 84
727 84
728 41
729 58
730 75
731 83
732 83
733 75
734 83
735 83
736 50
737 59
738 74
739 84
740 25
741 50
742 66
743 83
744 83
745 33
746 67
747 75
748 83
749 66
750 83
751 83
752 41
753 50
754 67
755 83
756 83
757 41
758 59
759 74
760 84
761 50
762 42
763 75
764 83
765 83
766 59
767 83
768 83
769 41
770 59
771 74
772 84
773 84
774 50
775 66
776 75
777 83
778 83
779 50
780 75
781 83
782 75
783 83
784 83
785 41
786 50
787 67
788 83
789 83
790 34
791 59
792 74
793 84
794 50
795 42
796 58
797 83
798 83
799 59
800 75
801 83
802 41
803 50
804 74
805 84
806 84
807 42
808 66
809 75
810 83
811 83
812 50
813 67
814 75
815 75
816 66
817 83
818 34
819 50
820 67
821 83
822 83
823 33
824 41
825 74
826 84
827 84
828 41
829 58
830 75
831 83
832 59
833 75
834 83
835 83
836 50
837 59
838 84
839 84
840 42
841 50
842 75
843 83
844 83
845 33
846 67
847 75
848 83
849 66
850 83
851 83
852 41
853 50
854 67
855 83
856 83
857 41
858 59
859 84
860 84
861 41
862 58
863 75
864 83
865 83
866 75
867 83
868 83
869 41
870 59
871 74
872 84
873 25
874 50
875 66
876 75
877 83
878 33
879 50
880 75
881 83
882 75
883 83
884 83
885 41
886 50
887 67
888 83
889 83
890 34
891 59
892 74
893 84
894 50
895 42
896 75
897 83
898 83
899 59
900 75
901 83
902 41
903 59
904 74
905 84
906 84
907 42
908 66
909 75
910 83
911 83
912 50
913 67
914 83
915 75
916 66
917 83
918 34
919 50
920 67
921 83
922 83
923 34
924 59
925 74
926 84
927 84
928 42
929 58
930 75
931 83
932 59
933 75
934 83
935 83
936 50
937 74
938 84
939 84
940 42
941 66
942 75
943 83
944 83
945 50
946 67
947 75
948 75
949 66
950 83
951 34
952 50
953 50
954 83
955 83
956 33
957 41
958 74
959 84
960 84
961 41
962 58
963 75
964 83
965 83
966 75
967 83
968 83
969 50
970 59
971 74
972 84
973 25
974 50
975 66
976 83
977 83
978 33
979 67
980 75
981 83
982 66
983 83
984 83
985 41
986 50
987 67
988 83
989 83
990 41
991 59
992 74
993 84
994 50
995 42
996 75
997 83
998 83
999 59
