0 0
1 8
2 8
3 50
4 66
5 67
6 83
7 75
8 83
9 83
10 91
11 91
12 91
13 33
14 75
15 91
16 92
17 91
18 83
19 92
20 16
21 50
22 59
23 83
24 92
25 83
26 92
27 92
28 33
29 58
30 67
31 83
32 83
33 92
34 92
35 33
36 58
37 67
38 83
39 83
40 92
41 92
42 33
43 58
44 67
45 83
46 83
47 92
48 92
49 33
50 75
51 83
52 92
53 92
54 83
55 91
56 16
57 50
58 58
59 91
60 92
61 83
62 92
63 92
64 33
65 58
66 67
67 83
68 91
69 16
70 42
71 58
72 67
73 74
74 84
75 91
76 92
77 33
78 58
79 67
80 74
81 84
82 91
83 91
84 33
85 75
86 83
87 83
88 84
89 83
90 83
91 92
92 34
93 50
94 83
95 83
96 83
97 83
98 84
99 91
100 33
101 50
102 83
103 83
104 84
105 83
106 83
107 92
108 33
109 50
110 75
111 84
112 83
113 83
114 83
115 92
116 16
117 49
118 75
119 83
120 83
121 83
122 83
123 92
124 16
125 50
126 74
127 84
128 83
129 83
130 83
131 92
132 16
133 50
134 75
135 83
136 83
137 83
138 84
139 91
140 17
141 50
142 75
143 83
144 83
145 83
146 84
147 91
148 17
149 50
150 75
151 83
152 83
153 84
154 83
155 91
156 91
157 50
158 75
159 83
160 83
161 83
162 83
163 91
164 91
165 50
166 75
167 83
168 83
169 84
170 83
171 92
172 92
173 33
174 75
175 83
176 84
177 83
178 83
179 92
180 92
181 33
182 75
183 83
184 84
185 83
186 83
187 92
188 92
189 34
190 74
191 84
192 83
193 83
194 83
195 83
196 92
197 34
198 75
199 83
200 83
201 83
202 83
203 84
204 91
205 33
206 50
207 83
208 83
209 83
210 83
211 84
212 91
213 33
214 50
215 83
216 83
217 83
218 84
219 83
220 91
221 33
222 50
223 75
224 83
225 83
226 84
227 83
228 91
229 17
230 50
231 75
232 83
233 84
234 83
235 83
236 92
237 17
238 50
239 75
240 83
241 83
242 83
243 83
244 92
245 17
246 50
247 75
248 83
249 83
250 83
251 83
252 92
253 16
254 49
255 75
256 84
257 83
258 83
259 83
260 92
261 16
262 50
263 74
264 84
265 83
266 83
267 83
268 92
269 92
270 50
271 75
272 83
273 83
274 83
275 84
276 91
277 91
278 50
279 75
280 83
281 83
282 83
283 83
284 91
285 91
286 33
287 75
288 83
289 83
290 83
291 83
292 91
293 91
294 33
295 75
296 83
297 83
298 84
299 83
300 91
301 91
302 33
303 75
304 83
305 83
306 84
307 83
308 83
309 92
310 33
311 75
312 83
313 84
314 83
315 83
316 83
317 92
318 34
319 49
320 84
321 83
322 83
323 83
324 83
325 92
326 34
327 50
328 84
329 83
330 83
331 83
332 83
333 92
334 34
335 50
336 75
337 83
338 83
339 83
340 84
341 91
342 17
343 50
344 75
345 83
346 83
347 83
348 84
349 91
350 17
351 50
352 75
353 83
354 83
355 84
356 83
357 91
358 17
359 50
360 75
361 83
362 84
363 83
364 83
365 91
366 17
367 50
368 75
369 83
370 84
371 83
372 83
373 92
374 17
375 50
376 75
377 83
378 84
379 83
380 83
381 92
382 92
383 50
384 75
385 83
386 84
387 83
388 83
389 92
390 92
391 50
392 74
393 84
394 83
395 83
396 83
397 92
398 92
399 34
400 75
401 83
402 83
403 83
404 84
405 91
406 91
407 33
408 75
409 83
410 83
411 83
412 83
413 91
414 91
415 33
416 75
417 83
418 83
419 83
420 84
421 91
422 91
423 33
424 75
425 83
426 83
427 83
428 84
429 83
430 91
431 33
432 50
433 83
434 83
435 84
436 83
437 83
438 92
439 33
440 50
441 83
442 84
443 83
444 83
445 83
446 92
447 33
448 50
449 75
450 84
451 83
452 83
453 83
454 92
455 16
456 49
457 75
458 83
459 83
460 83
461 83
462 92
463 16
464 50
465 74
466 84
467 83
468 83
469 83
470 92
471 17
472 50
473 75
474 83
475 83
476 83
477 84
478 91
479 17
480 50
481 75
482 83
483 83
484 84
485 83
486 91
487 17
488 50
489 75
490 83
491 83
492 84
493 83
494 91
495 91
496 50
497 75
498 83
499 83
500 83
501 83
502 91
503 91
504 50
505 75
506 83
507 83
508 84
509 83
510 92
511 92
512 33
513 75
514 83
515 84
516 83
517 83
518 92
519 92
520 34
521 75
522 84
523 83
524 83
525 83
526 92
527 92
528 34
529 74
530 84
531 83
532 83
533 83
534 92
535 92
536 34
537 75
538 83
539 83
540 83
541 83
542 84
543 91
544 33
545 50
546 83
547 83
548 83
549 83
550 84
551 91
552 33
553 50
554 83
555 83
556 83
557 84
558 83
559 91
560 33
561 50
562 75
563 83
564 84
565 83
566 83
567 91
568 17
569 50
570 75
571 83
572 84
573 83
574 83
575 92
576 17
577 50
578 75
579 83
580 83
581 83
582 83
583 92
584 17
585 50
586 75
587 83
588 83
589 83
590 83
591 92
592 16
593 50
594 74
595 84
596 83
597 83
598 83
599 92
600 16
601 50
602 75
603 83
604 83
605 83
606 84
607 91
608 91
609 50
610 75
611 83
612 83
613 83
614 84
615 91
616 91
617 50
618 75
619 83
620 83
621 83
622 83
623 91
624 91
625 33
626 75
627 83
628 83
629 83
630 83
631 91
632 91
633 33
634 75
635 83
636 83
637 84
638 83
639 92
640 92
641 33
642 75
643 83
644 84
645 83
646 83
647 92
648 92
649 33
650 75
651 83
652 84
653 83
654 83
655 83
656 92
657 34
658 49
659 84
660 83
661 83
662 83
663 83
664 92
665 34
666 50
667 84
668 83
669 83
670 83
671 83
672 92
673 33
674 50
675 75
676 83
677 83
678 83
679 84
680 91
681 17
682 50
683 75
684 83
685 83
686 84
687 83
688 91
689 17
690 50
691 75
692 83
693 83
694 84
695 83
696 91
697 17
698 50
699 75
700 83
701 84
702 83
703 83
704 91
705 17
706 50
707 75
708 83
709 84
710 83
711 83
712 92
713 17
714 50
715 75
716 83
717 84
718 83
719 83
720 92
721 92
722 49
723 75
724 84
725 83
726 83
727 83
728 92
729 92
730 50
731 74
732 84
733 83
734 83
735 83
736 92
737 92
738 34
739 75
740 83
741 83
742 83
743 84
744 91
745 91
746 33
747 75
748 83
749 83
750 83
751 83
752 91
753 91
754 33
755 75
756 83
757 83
758 83
759 84
760 91
761 91
762 33
763 75
764 83
765 83
766 83
767 84
768 83
769 91
770 33
771 50
772 83
773 83
774 84
775 83
776 83
777 92
778 33
779 50
780 83
781 84
782 83
783 83
784 83
785 92
786 33
787 50
788 75
789 84
790 83
791 83
792 83
793 92
794 16
795 49
796 75
797 83
798 83
799 83
800 83
801 92
802 16
803 50
804 74
805 84
806 83
807 83
808 83
809 92
810 17
811 50
812 75
813 83
814 83
815 83
816 84
817 91
818 17
819 50
820 75
821 83
822 83
823 84
824 83
825 91
826 17
827 50
828 75
829 83
830 83
831 84
832 83
833 91
834 91
835 50
836 75
837 83
838 83
839 83
840 83
841 91
842 91
843 50
844 75
845 83
846 83
847 84
848 83
849 92
850 92
851 33
852 75
853 83
854 84
855 83
856 83
857 92
858 92
859 34
860 75
861 84
862 83
863 83
864 83
865 92
866 92
867 34
868 74
869 84
870 83
871 83
872 83
873 92
874 92
875 34
876 75
877 83
878 83
879 83
880 83
881 84
882 91
883 33
884 50
885 83
886 83
887 83
888 83
889 84
890 91
891 33
892 50
893 83
894 83
895 83
896 84
897 83
898 91
899 33
900 50
901 75
902 83
903 84
904 83
905 83
906 91
907 17
908 50
909 75
910 83
911 84
912 83
913 83
914 92
915 17
916 50
917 75
918 84
919 83
920 83
921 83
922 92
923 17
924 50
925 75
926 83
927 83
928 83
929 83
930 92
931 16
932 50
933 74
934 84
935 83
936 83
937 83
938 92
939 16
940 50
941 75
942 83
943 83
944 83
945 84
946 91
947 91
948 50
949 75
950 83
951 83
952 83
953 84
954 91
955 91
956 50
957 75
958 83
959 83
960 83
961 83
962 91
963 91
964 33
965 75
966 83
967 83
968 83
969 83
970 91
971 91
972 33
973 75
974 83
975 83
976 84
977 83
978 92
979 92
980 33
981 75
982 83
983 84
984 83
985 83
986 92
987 92
988 33
989 75
990 83
991 84
992 83
993 83
994 83
995 92
996 34
997 49
998 84
999 83
