0 0
1 5
2 83
3 50
4 67
5 75
6 75
7 33
8 50
9 84
10 83
11 83
12 33
13 66
14 83
15 84
16 41
17 50
18 66
19 83
20 84
21 34
22 50
23 83
24 84
25 84
26 34
27 67
28 83
29 83
30 41
31 50
32 67
33 83
34 83
35 33
36 50
37 83
38 83
39 83
40 33
41 67
42 83
43 83
44 42
45 50
46 67
47 83
48 83
49 33
50 67
51 83
52 83
53 83
54 50
55 67
56 83
57 83
58 42
59 50
60 66
61 83
62 83
63 33
64 66
65 84
66 83
67 83
68 50
69 66
70 84
71 83
72 41
73 50
74 66
75 84
76 84
77 34
78 66
79 83
80 84
81 84
82 50
83 66
84 83
85 83
86 41
87 49
88 67
89 83
90 83
91 33
92 67
93 83
94 83
95 83
96 50
97 67
98 83
99 83
100 42
101 50
102 67
103 83
104 83
105 33
106 67
107 83
108 83
109 83
110 50
111 67
112 83
113 83
114 42
115 50
116 67
117 83
118 83
119 33
120 66
121 84
122 83
123 83
124 50
125 66
126 84
127 83
128 42
129 50
130 66
131 84
132 84
133 34
134 66
135 83
136 84
137 84
138 50
139 66
140 83
141 84
142 41
143 49
144 67
145 83
146 83
147 33
148 67
149 83
150 83
151 41
152 50
153 67
154 83
155 83
156 33
157 50
158 83
159 83
160 83
161 33
162 67
163 83
164 83
165 42
166 50
167 67
168 83
169 83
170 33
171 50
172 83
173 83
174 83
175 33
176 66
177 84
178 83
179 42
180 50
181 66
182 84
183 83
184 33
185 50
186 84
187 83
188 83
189 34
190 66
191 83
192 84
193 41
194 50
195 66
196 83
197 84
198 34
199 50
200 83
201 83
202 83
203 34
204 67
205 83
206 83
207 41
208 50
209 67
210 83
211 83
212 33
213 50
214 83
215 83
216 83
217 33
218 67
219 83
220 83
221 42
222 50
223 67
224 83
225 83
226 33
227 50
228 83
229 83
230 83
231 33
232 67
233 83
234 83
235 42
236 50
237 66
238 84
239 83
240 33
241 50
242 84
243 83
244 83
245 33
246 66
247 83
248 84
249 41
250 50
251 66
252 83
253 84
254 34
255 66
256 83
257 84
258 84
259 49
260 67
261 83
262 83
263 41
264 50
265 67
266 83
267 83
268 33
269 67
270 83
271 83
272 83
273 50
274 67
275 83
276 83
277 42
278 50
279 67
280 83
281 83
282 33
283 67
284 83
285 83
286 83
287 50
288 67
289 83
290 83
291 42
292 50
293 66
294 83
295 83
296 33
297 66
298 84
299 83
300 83
301 50
302 66
303 84
304 83
305 41
306 50
307 66
308 84
309 84
310 34
311 66
312 83
313 84
314 84
315 50
316 66
317 83
318 83
319 41
320 49
321 67
322 83
323 83
324 33
325 67
326 83
327 83
328 83
329 50
330 67
331 83
332 83
333 42
334 50
335 67
336 83
337 83
338 33
339 67
340 83
341 83
342 83
343 50
344 67
345 83
346 83
347 42
348 50
349 67
350 83
351 83
352 33
353 66
354 84
355 83
356 83
357 50
358 66
359 84
360 83
361 33
362 50
363 83
364 84
365 84
366 34
367 66
368 83
369 84
370 41
371 50
372 66
373 83
374 84
375 34
376 49
377 83
378 83
379 83
380 33
381 67
382 83
383 83
384 41
385 50
386 67
387 83
388 83
389 33
390 50
391 83
392 83
393 83
394 33
395 67
396 83
397 83
398 42
399 50
400 67
401 83
402 83
403 33
404 50
405 83
406 83
407 83
408 33
409 66
410 84
411 83
412 42
413 50
414 66
415 84
416 83
417 33
418 50
419 84
420 83
421 83
422 34
423 66
424 83
425 84
426 41
427 50
428 66
429 83
430 84
431 34
432 50
433 83
434 83
435 83
436 34
437 67
438 83
439 83
440 41
441 50
442 67
443 83
444 83
445 33
446 50
447 83
448 83
449 83
450 33
451 67
452 83
453 83
454 42
455 50
456 67
457 83
458 83
459 33
460 50
461 83
462 83
463 83
464 50
465 67
466 83
467 83
468 42
469 50
470 66
471 83
472 83
473 33
474 66
475 84
476 83
477 83
478 50
479 66
480 83
481 84
482 41
483 50
484 66
485 84
486 84
487 34
488 66
489 83
490 84
491 84
492 49
493 67
494 83
495 83
496 41
497 50
498 67
499 83
500 83
501 33
502 67
503 83
504 83
505 83
506 50
507 67
508 83
509 83
510 42
511 50
512 67
513 83
514 83
515 33
516 67
517 83
518 83
519 83
520 50
521 67
522 83
523 83
524 42
525 50
526 66
527 83
528 83
529 33
530 66
531 84
532 83
533 83
534 50
535 66
536 84
537 83
538 41
539 50
540 66
541 84
542 84
543 34
544 66
545 83
546 84
547 84
548 50
549 66
550 83
551 83
552 41
553 49
554 67
555 83
556 83
557 33
558 67
559 83
560 83
561 83
562 50
563 67
564 83
565 83
566 33
567 50
568 83
569 83
570 83
571 33
572 67
573 83
574 83
575 42
576 50
577 67
578 83
579 83
580 33
581 50
582 83
583 83
584 83
585 33
586 66
587 84
588 83
589 42
590 50
591 66
592 84
593 83
594 33
595 50
596 83
597 84
598 84
599 34
600 66
601 83
602 84
603 41
604 50
605 66
606 83
607 84
608 34
609 49
610 83
611 83
612 83
613 33
614 67
615 83
616 83
617 41
618 50
619 67
620 83
621 83
622 33
623 50
624 83
625 83
626 83
627 33
628 67
629 83
630 83
631 42
632 50
633 67
634 83
635 83
636 33
637 50
638 83
639 83
640 83
641 33
642 66
643 84
644 83
645 42
646 50
647 66
648 84
649 83
650 33
651 50
652 84
653 83
654 83
655 34
656 66
657 83
658 84
659 41
660 50
661 66
662 83
663 84
664 34
665 50
666 83
667 83
668 83
669 49
670 67
671 83
672 83
673 41
674 50
675 67
676 83
677 83
678 33
679 67
680 83
681 83
682 83
683 50
684 67
685 83
686 83
687 42
688 50
689 67
690 83
691 83
692 33
693 67
694 83
695 83
696 83
697 50
698 67
699 83
700 83
701 42
702 50
703 66
704 83
705 83
706 33
707 66
708 84
709 83
710 83
711 50
712 66
713 83
714 84
715 41
716 50
717 66
718 84
719 84
720 34
721 66
722 83
723 84
724 84
725 49
726 67
727 83
728 83
729 41
730 50
731 67
732 83
733 83
734 33
735 67
736 83
737 83
738 83
739 50
740 67
741 83
742 83
743 42
744 50
745 67
746 83
747 83
748 33
749 67
750 83
751 83
752 83
753 50
754 67
755 83
756 83
757 42
758 50
759 66
760 83
761 83
762 33
763 66
764 84
765 83
766 83
767 50
768 66
769 84
770 83
771 41
772 50
773 83
774 84
775 84
776 34
777 66
778 83
779 84
780 41
781 50
782 66
783 83
784 83
785 34
786 49
787 83
788 83
789 83
790 33
791 67
792 83
793 83
794 42
795 50
796 67
797 83
798 83
799 33
800 50
801 83
802 83
803 83
804 33
805 67
806 83
807 83
808 42
809 50
810 67
811 83
812 83
813 33
814 50
815 83
816 83
817 83
818 33
819 66
820 84
821 83
822 42
823 50
824 66
825 84
826 83
827 33
828 50
829 83
830 84
831 84
832 34
833 66
834 83
835 84
836 41
837 50
838 66
839 83
840 84
841 34
842 49
843 83
844 83
845 83
846 33
847 67
848 83
849 83
850 41
851 50
852 67
853 83
854 83
855 33
856 50
857 83
858 83
859 83
860 33
861 67
862 83
863 83
864 42
865 50
866 67
867 83
868 83
869 33
870 50
871 83
872 83
873 83
874 33
875 66
876 84
877 83
878 42
879 50
880 66
881 83
882 83
883 33
884 66
885 84
886 83
887 83
888 50
889 66
890 83
891 84
892 41
893 50
894 66
895 84
896 84
897 34
898 66
899 83
900 83
901 83
902 49
903 67
904 83
905 83
906 41
907 50
908 67
909 83
910 83
911 33
912 67
913 83
914 83
915 83
916 50
917 67
918 83
919 83
920 42
921 50
922 67
923 83
924 83
925 33
926 67
927 83
928 83
929 83
930 50
931 67
932 83
933 83
934 42
935 50
936 66
937 83
938 83
939 33
940 66
941 84
942 83
943 83
944 50
945 66
946 83
947 84
948 41
949 50
950 66
951 84
952 84
953 34
954 66
955 83
956 84
957 84
958 49
959 67
960 83
961 83
962 41
963 50
964 67
965 83
966 83
967 33
968 67
969 83
970 83
971 83
972 50
973 67
974 83
975 83
976 42
977 50
978 67
979 83
980 83
981 33
982 67
983 83
984 83
985 42
986 50
987 67
988 83
989 83
990 33
991 50
992 84
993 83
994 83
995 33
996 66
997 84
998 83
999 42
