0 0
1 6
2 83
3 58
4 67
5 83
6 83
7 33
8 50
9 66
10 84
11 84
12 34
13 67
14 83
15 83
16 83
17 50
18 67
19 83
20 83
21 41
22 50
23 67
24 83
25 83
26 33
27 67
28 83
29 83
30 83
31 50
32 67
33 83
34 83
35 42
36 50
37 67
38 83
39 83
40 33
41 67
42 83
43 83
44 83
45 50
46 66
47 84
48 83
49 33
50 50
51 84
52 83
53 83
54 33
55 66
56 84
57 83
58 41
59 50
60 66
61 83
62 84
63 34
64 50
65 83
66 84
67 84
68 34
69 66
70 83
71 83
72 41
73 49
74 67
75 83
76 83
77 33
78 50
79 83
80 83
81 83
82 33
83 67
84 83
85 83
86 42
87 50
88 67
89 83
90 83
91 33
92 50
93 83
94 83
95 83
96 33
97 67
98 83
99 83
100 42
101 50
102 67
103 83
104 83
105 33
106 50
107 84
108 83
109 83
110 33
111 66
112 84
113 83
114 42
115 50
116 66
117 83
118 84
119 34
120 50
121 83
122 84
123 84
124 34
125 66
126 83
127 84
128 41
129 49
130 67
131 83
132 83
133 33
134 50
135 83
136 83
137 83
138 33
139 67
140 83
141 83
142 42
143 50
144 67
145 83
146 83
147 33
148 50
149 83
150 83
151 83
152 50
153 67
154 83
155 83
156 42
157 50
158 67
159 83
160 83
161 33
162 66
163 84
164 83
165 83
166 50
167 66
168 84
169 83
170 42
171 50
172 66
173 83
174 83
175 34
176 66
177 83
178 84
179 84
180 50
181 66
182 83
183 84
184 41
185 50
186 66
187 83
188 83
189 34
190 67
191 83
192 83
193 83
194 50
195 67
196 83
197 83
198 42
199 50
200 67
201 83
202 83
203 33
204 67
205 83
206 83
207 83
208 50
209 67
210 83
211 83
212 42
213 50
214 67
215 83
216 83
217 33
218 67
219 83
220 83
221 83
222 50
223 66
224 84
225 83
226 42
227 50
228 66
229 83
230 83
231 33
232 66
233 83
234 84
235 84
236 50
237 66
238 83
239 84
240 41
241 50
242 66
243 84
244 84
245 34
246 67
247 83
248 83
249 83
250 50
251 67
252 83
253 83
254 33
255 50
256 83
257 83
258 83
259 33
260 67
261 83
262 83
263 42
264 50
265 67
266 83
267 83
268 33
269 50
270 83
271 83
272 83
273 33
274 67
275 83
276 83
277 42
278 50
279 66
280 84
281 83
282 33
283 50
284 84
285 83
286 83
287 33
288 66
289 84
290 83
291 41
292 50
293 66
294 83
295 84
296 34
297 50
298 83
299 84
300 84
301 34
302 66
303 83
304 83
305 41
306 49
307 67
308 83
309 83
310 33
311 50
312 83
313 83
314 83
315 33
316 67
317 83
318 83
319 42
320 50
321 67
322 83
323 83
324 33
325 50
326 83
327 83
328 83
329 33
330 67
331 83
332 83
333 42
334 50
335 67
336 83
337 83
338 33
339 50
340 84
341 83
342 83
343 33
344 66
345 84
346 83
347 42
348 50
349 66
350 83
351 84
352 34
353 50
354 83
355 84
356 84
357 50
358 66
359 83
360 84
361 41
362 49
363 67
364 83
365 83
366 33
367 67
368 83
369 83
370 83
371 50
372 67
373 83
374 83
375 42
376 50
377 67
378 83
379 83
380 33
381 67
382 83
383 83
384 83
385 50
386 67
387 83
388 83
389 42
390 50
391 67
392 83
393 83
394 33
395 66
396 84
397 83
398 83
399 50
400 66
401 84
402 83
403 42
404 50
405 66
406 83
407 83
408 34
409 66
410 83
411 84
412 84
413 50
414 66
415 83
416 84
417 41
418 50
419 66
420 83
421 83
422 34
423 67
424 83
425 83
426 83
427 50
428 67
429 83
430 83
431 42
432 50
433 67
434 83
435 83
436 33
437 67
438 83
439 83
440 83
441 50
442 67
443 83
444 83
445 42
446 50
447 67
448 83
449 83
450 33
451 67
452 83
453 83
454 83
455 50
456 66
457 84
458 83
459 42
460 50
461 84
462 83
463 83
464 33
465 66
466 83
467 84
468 41
469 50
470 66
471 83
472 84
473 34
474 50
475 83
476 84
477 84
478 34
479 67
480 83
481 83
482 41
483 50
484 67
485 83
486 83
487 33
488 50
489 83
490 83
491 83
492 33
493 67
494 83
495 83
496 42
497 50
498 67
499 83
500 83
501 33
502 50
503 83
504 83
505 83
506 33
507 67
508 83
509 83
510 42
511 50
512 66
513 84
514 83
515 33
516 50
517 84
518 83
519 83
520 33
521 66
522 84
523 83
524 41
525 50
526 66
527 83
528 84
529 34
530 50
531 83
532 84
533 84
534 34
535 66
536 83
537 83
538 41
539 49
540 67
541 83
542 83
543 33
544 50
545 83
546 83
547 83
548 33
549 67
550 83
551 83
552 42
553 50
554 67
555 83
556 83
557 33
558 50
559 83
560 83
561 83
562 33
563 67
564 83
565 83
566 42
567 50
568 67
569 83
570 83
571 33
572 66
573 84
574 83
575 83
576 50
577 66
578 84
579 83
580 42
581 50
582 66
583 84
584 84
585 34
586 66
587 83
588 84
589 84
590 50
591 66
592 83
593 84
594 41
595 49
596 67
597 83
598 83
599 33
600 67
601 83
602 83
603 83
604 50
605 67
606 83
607 83
608 42
609 50
610 67
611 83
612 83
613 33
614 67
615 83
616 83
617 83
618 50
619 67
620 83
621 83
622 42
623 50
624 67
625 83
626 83
627 33
628 66
629 84
630 83
631 83
632 50
633 66
634 84
635 83
636 42
637 50
638 66
639 83
640 83
641 34
642 66
643 83
644 84
645 84
646 50
647 66
648 83
649 84
650 41
651 50
652 66
653 83
654 83
655 34
656 67
657 83
658 83
659 83
660 50
661 67
662 83
663 83
664 42
665 50
666 67
667 83
668 83
669 33
670 67
671 83
672 83
673 42
674 50
675 67
676 83
677 83
678 33
679 50
680 83
681 83
682 83
683 33
684 67
685 83
686 83
687 42
688 50
689 66
690 84
691 83
692 33
693 50
694 84
695 83
696 83
697 33
698 66
699 83
700 84
701 41
702 50
703 66
704 83
705 84
706 34
707 50
708 83
709 84
710 84
711 34
712 67
713 83
714 83
715 41
716 50
717 67
718 83
719 83
720 33
721 50
722 83
723 83
724 83
725 33
726 67
727 83
728 83
729 42
730 50
731 67
732 83
733 83
734 33
735 50
736 83
737 83
738 83
739 33
740 67
741 83
742 83
743 42
744 50
745 66
746 84
747 83
748 33
749 50
750 84
751 83
752 83
753 33
754 66
755 84
756 83
757 41
758 50
759 66
760 83
761 84
762 34
763 50
764 83
765 84
766 84
767 34
768 66
769 83
770 83
771 41
772 49
773 67
774 83
775 83
776 33
777 67
778 83
779 83
780 83
781 50
782 67
783 83
784 83
785 42
786 50
787 67
788 83
789 83
790 33
791 67
792 83
793 83
794 83
795 50
796 67
797 83
798 83
799 42
800 50
801 67
802 83
803 83
804 33
805 66
806 84
807 83
808 83
809 50
810 66
811 84
812 83
813 42
814 50
815 66
816 84
817 84
818 34
819 66
820 83
821 84
822 84
823 50
824 66
825 83
826 84
827 41
828 49
829 67
830 83
831 83
832 33
833 67
834 83
835 83
836 83
837 50
838 67
839 83
840 83
841 42
842 50
843 67
844 83
845 83
846 33
847 67
848 83
849 83
850 83
851 50
852 67
853 83
854 83
855 42
856 50
857 67
858 83
859 83
860 33
861 66
862 84
863 83
864 83
865 50
866 66
867 84
868 83
869 42
870 50
871 66
872 83
873 83
874 34
875 66
876 83
877 84
878 41
879 50
880 66
881 83
882 84
883 34
884 50
885 83
886 83
887 83
888 34
889 67
890 83
891 83
892 41
893 50
894 67
895 83
896 83
897 33
898 50
899 83
900 83
901 83
902 33
903 67
904 83
905 83
906 42
907 50
908 67
909 83
910 83
911 33
912 50
913 83
914 83
915 83
916 33
917 67
918 83
919 83
920 42
921 50
922 66
923 84
924 83
925 33
926 50
927 84
928 83
929 83
930 33
931 66
932 83
933 84
934 41
935 50
936 66
937 83
938 84
939 34
940 50
941 83
942 84
943 84
944 34
945 67
946 83
947 83
948 41
949 50
950 67
951 83
952 83
953 33
954 50
955 83
956 83
957 83
958 33
959 67
960 83
961 83
962 42
963 50
964 67
965 83
966 83
967 33
968 50
969 83
970 83
971 83
972 33
973 67
974 83
975 83
976 42
977 50
978 66
979 84
980 83
981 33
982 66
983 84
984 83
985 83
986 50
987 66
988 84
989 83
990 41
991 50
992 66
993 84
994 84
995 34
996 66
997 83
998 84
999 84
