0 0
1 6
2 83
3 59
4 67
5 83
6 83
7 34
8 50
9 66
10 83
11 83
12 34
13 66
14 83
15 84
16 84
17 50
18 66
19 83
20 84
21 41
22 50
23 66
24 83
25 83
26 34
27 67
28 83
29 83
30 83
31 50
32 67
33 83
34 83
35 42
36 50
37 67
38 83
39 83
40 33
41 67
42 83
43 83
44 83
45 50
46 67
47 83
48 83
49 33
50 50
51 83
52 83
53 83
54 33
55 67
56 83
57 83
58 42
59 50
60 66
61 84
62 83
63 33
64 50
65 84
66 83
67 83
68 33
69 66
70 83
71 84
72 41
73 50
74 66
75 83
76 84
77 34
78 50
79 83
80 84
81 84
82 34
83 67
84 83
85 83
86 41
87 50
88 67
89 83
90 83
91 33
92 50
93 83
94 83
95 83
96 33
97 67
98 83
99 83
100 42
101 50
102 67
103 83
104 83
105 33
106 50
107 83
108 83
109 83
110 33
111 67
112 83
113 83
114 42
115 50
116 66
117 84
118 83
119 33
120 50
121 84
122 83
123 83
124 33
125 66
126 84
127 83
128 41
129 50
130 66
131 83
132 84
133 34
134 50
135 83
136 84
137 84
138 34
139 66
140 83
141 83
142 41
143 49
144 67
145 83
146 83
147 33
148 50
149 83
150 83
151 83
152 50
153 67
154 83
155 83
156 42
157 50
158 67
159 83
160 83
161 33
162 67
163 83
164 83
165 83
166 50
167 67
168 83
169 83
170 42
171 50
172 67
173 83
174 83
175 33
176 66
177 84
178 83
179 83
180 50
181 66
182 84
183 83
184 42
185 50
186 66
187 84
188 84
189 34
190 66
191 83
192 84
193 84
194 50
195 66
196 83
197 84
198 41
199 49
200 67
201 83
202 83
203 33
204 67
205 83
206 83
207 83
208 50
209 67
210 83
211 83
212 42
213 50
214 67
215 83
216 83
217 33
218 67
219 83
220 83
221 83
222 50
223 67
224 83
225 83
226 42
227 50
228 67
229 83
230 83
231 33
232 66
233 84
234 83
235 83
236 50
237 66
238 84
239 83
240 42
241 50
242 66
243 83
244 83
245 34
246 66
247 83
248 84
249 84
250 50
251 66
252 83
253 84
254 41
255 50
256 83
257 83
258 83
259 34
260 67
261 83
262 83
263 41
264 50
265 67
266 83
267 83
268 33
269 50
270 83
271 83
272 83
273 33
274 67
275 83
276 83
277 42
278 50
279 67
280 83
281 83
282 33
283 50
284 83
285 83
286 83
287 33
288 67
289 83
290 83
291 42
292 50
293 66
294 84
295 83
296 33
297 50
298 84
299 83
300 83
301 33
302 66
303 83
304 84
305 41
306 50
307 66
308 83
309 84
310 34
311 50
312 83
313 84
314 84
315 34
316 67
317 83
318 83
319 41
320 50
321 67
322 83
323 83
324 33
325 50
326 83
327 83
328 83
329 33
330 67
331 83
332 83
333 42
334 50
335 67
336 83
337 83
338 33
339 50
340 83
341 83
342 83
343 33
344 67
345 83
346 83
347 42
348 50
349 66
350 84
351 83
352 33
353 50
354 84
355 83
356 83
357 33
358 66
359 84
360 83
361 41
362 50
363 66
364 84
365 84
366 34
367 66
368 83
369 84
370 84
371 50
372 66
373 83
374 83
375 41
376 49
377 67
378 83
379 83
380 33
381 67
382 83
383 83
384 83
385 50
386 67
387 83
388 83
389 42
390 50
391 67
392 83
393 83
394 33
395 67
396 83
397 83
398 83
399 50
400 67
401 83
402 83
403 42
404 50
405 67
406 83
407 83
408 33
409 66
410 84
411 83
412 83
413 50
414 66
415 84
416 83
417 42
418 50
419 66
420 84
421 84
422 34
423 66
424 83
425 84
426 84
427 50
428 66
429 83
430 84
431 41
432 49
433 67
434 83
435 83
436 33
437 67
438 83
439 83
440 83
441 50
442 67
443 83
444 83
445 42
446 50
447 67
448 83
449 83
450 33
451 67
452 83
453 83
454 83
455 50
456 67
457 83
458 83
459 42
460 50
461 67
462 83
463 83
464 33
465 66
466 84
467 83
468 42
469 50
470 66
471 84
472 83
473 33
474 50
475 84
476 83
477 83
478 34
479 66
480 83
481 84
482 41
483 50
484 66
485 83
486 84
487 34
488 50
489 83
490 83
491 83
492 34
493 67
494 83
495 83
496 41
497 50
498 67
499 83
500 83
501 33
502 50
503 83
504 83
505 83
506 33
507 67
508 83
509 83
510 42
511 50
512 67
513 83
514 83
515 33
516 50
517 83
518 83
519 83
520 33
521 67
522 83
523 83
524 42
525 50
526 66
527 84
528 83
529 33
530 50
531 84
532 83
533 83
534 33
535 66
536 83
537 84
538 41
539 50
540 66
541 83
542 84
543 34
544 50
545 83
546 84
547 84
548 34
549 67
550 83
551 83
552 41
553 50
554 67
555 83
556 83
557 33
558 50
559 83
560 83
561 83
562 33
563 67
564 83
565 83
566 42
567 50
568 67
569 83
570 83
571 33
572 67
573 83
574 83
575 83
576 50
577 67
578 83
579 83
580 42
581 50
582 66
583 83
584 83
585 33
586 66
587 84
588 83
589 83
590 50
591 66
592 84
593 83
594 41
595 50
596 66
597 84
598 84
599 34
600 66
601 83
602 84
603 84
604 50
605 66
606 83
607 83
608 41
609 49
610 67
611 83
612 83
613 33
614 67
615 83
616 83
617 83
618 50
619 67
620 83
621 83
622 42
623 50
624 67
625 83
626 83
627 33
628 67
629 83
630 83
631 83
632 50
633 67
634 83
635 83
636 42
637 50
638 67
639 83
640 83
641 33
642 66
643 84
644 83
645 83
646 50
647 66
648 84
649 83
650 42
651 50
652 66
653 84
654 84
655 34
656 66
657 83
658 84
659 84
660 50
661 66
662 83
663 84
664 41
665 49
666 67
667 83
668 83
669 33
670 67
671 83
672 83
673 41
674 50
675 67
676 83
677 83
678 33
679 50
680 83
681 83
682 83
683 33
684 67
685 83
686 83
687 42
688 50
689 67
690 83
691 83
692 33
693 50
694 83
695 83
696 83
697 33
698 66
699 84
700 83
701 42
702 50
703 66
704 84
705 83
706 33
707 50
708 84
709 83
710 83
711 34
712 66
713 83
714 84
715 41
716 50
717 66
718 83
719 84
720 34
721 50
722 83
723 83
724 83
725 34
726 67
727 83
728 83
729 41
730 50
731 67
732 83
733 83
734 33
735 50
736 83
737 83
738 83
739 33
740 67
741 83
742 83
743 42
744 50
745 67
746 83
747 83
748 33
749 50
750 83
751 83
752 83
753 33
754 67
755 83
756 83
757 42
758 50
759 66
760 84
761 83
762 33
763 50
764 84
765 83
766 83
767 33
768 66
769 83
770 84
771 41
772 50
773 66
774 83
775 84
776 34
777 66
778 83
779 84
780 84
781 49
782 67
783 83
784 83
785 41
786 50
787 67
788 83
789 83
790 33
791 67
792 83
793 83
794 83
795 50
796 67
797 83
798 83
799 42
800 50
801 67
802 83
803 83
804 33
805 67
806 83
807 83
808 83
809 50
810 67
811 83
812 83
813 42
814 50
815 66
816 83
817 83
818 33
819 66
820 84
821 83
822 83
823 50
824 66
825 84
826 83
827 41
828 50
829 66
830 84
831 84
832 34
833 66
834 83
835 84
836 84
837 50
838 66
839 83
840 83
841 41
842 49
843 67
844 83
845 83
846 33
847 67
848 83
849 83
850 83
851 50
852 67
853 83
854 83
855 42
856 50
857 67
858 83
859 83
860 33
861 67
862 83
863 83
864 83
865 50
866 67
867 83
868 83
869 42
870 50
871 67
872 83
873 83
874 33
875 66
876 84
877 83
878 83
879 50
880 66
881 84
882 83
883 33
884 50
885 83
886 84
887 84
888 34
889 66
890 83
891 84
892 41
893 50
894 66
895 83
896 84
897 34
898 49
899 83
900 83
901 83
902 33
903 67
904 83
905 83
906 41
907 50
908 67
909 83
910 83
911 33
912 50
913 83
914 83
915 83
916 33
917 67
918 83
919 83
920 42
921 50
922 67
923 83
924 83
925 33
926 50
927 83
928 83
929 83
930 33
931 66
932 84
933 83
934 42
935 50
936 66
937 84
938 83
939 33
940 50
941 84
942 83
943 83
944 34
945 66
946 83
947 84
948 41
949 50
950 66
951 83
952 84
953 34
954 50
955 83
956 83
957 83
958 34
959 67
960 83
961 83
962 41
963 50
964 67
965 83
966 83
967 33
968 50
969 83
970 83
971 83
972 33
973 67
974 83
975 83
976 42
977 50
978 67
979 83
980 83
981 33
982 50
983 83
984 83
985 83
986 50
987 67
988 83
989 83
990 42
991 50
992 66
993 83
994 83
995 33
996 66
997 84
998 83
999 83
