0 0.0
1 11.0
2 11.0
3 38.90909090909091
4 55.27272727272727
5 72.81818181818181
6 82.27272727272727
7 73.18181818181819
8 58.18181818181818
9 69.72727272727273
10 82.27272727272727
11 73.27272727272727
12 56.90909090909091
13 70.0
14 80.81818181818181
15 71.81818181818181
16 63.18181818181818
17 69.9090909090909
18 81.0
19 71.81818181818181
20 57.54545454545455
21 65.63636363636364
22 77.18181818181819
23 69.63636363636364
24 62.72727272727273
25 71.45454545454545
26 82.27272727272727
27 73.27272727272727
28 54.18181818181818
29 68.45454545454545
30 82.45454545454545
31 73.27272727272727
32 57.36363636363637
33 65.81818181818181
34 77.18181818181819
35 68.18181818181819
36 59.63636363636363
37 71.63636363636364
38 82.72727272727273
39 73.72727272727273
40 56.90909090909091
41 72.0909090909091
42 82.63636363636364
43 73.45454545454545
44 57.54545454545455
45 65.81818181818181
46 77.18181818181819
47 68.18181818181819
48 59.63636363636363
49 71.63636363636364
50 82.72727272727273
51 73.54545454545455
52 57.54545454545455
53 71.45454545454545
54 82.45454545454545
55 73.45454545454545
56 57.54545454545455
57 66.0909090909091
58 76.72727272727273
59 67.63636363636364
60 59.63636363636363
61 72.27272727272727
62 82.45454545454545
63 73.27272727272727
64 57.54545454545455
65 71.45454545454545
66 82.45454545454545
67 73.45454545454545
68 57.54545454545455
69 66.27272727272727
70 76.9090909090909
71 67.72727272727273
72 59.63636363636363
73 72.27272727272727
74 82.45454545454545
75 73.27272727272727
76 57.54545454545455
77 71.72727272727273
78 82.36363636363636
79 73.27272727272727
80 57.27272727272727
81 66.27272727272727
82 77.36363636363636
83 68.18181818181819
84 59.54545454545455
85 72.27272727272727
86 82.45454545454545
87 73.27272727272727
88 57.63636363636363
89 71.72727272727273
90 82.81818181818181
91 73.72727272727273
92 60.45454545454545
93 66.54545454545455
94 77.36363636363636
95 68.18181818181819
96 59.90909090909091
97 72.0909090909091
98 82.27272727272727
99 73.27272727272727
100 57.63636363636363
101 71.63636363636364
102 82.72727272727273
103 73.54545454545455
104 60.63636363636363
105 66.36363636363636
106 77.18181818181819
107 68.18181818181819
108 59.90909090909091
109 71.9090909090909
110 82.27272727272727
111 73.18181818181819
112 57.63636363636363
113 72.0909090909091
114 82.27272727272727
115 73.27272727272727
116 60.63636363636363
117 66.36363636363636
118 77.18181818181819
119 68.18181818181819
120 59.90909090909091
121 72.0
122 82.36363636363636
123 73.27272727272727
124 57.54545454545455
125 72.0909090909091
126 82.27272727272727
127 73.27272727272727
128 60.45454545454545
129 66.45454545454545
130 77.27272727272727
131 68.18181818181819
132 59.45454545454545
133 72.0
134 82.36363636363636
135 73.27272727272727
136 57.36363636363637
137 72.0909090909091
138 82.27272727272727
139 73.27272727272727
140 57.63636363636363
141 74.18181818181819
142 77.27272727272727
143 68.18181818181819
144 60.0
145 71.45454545454545
146 82.45454545454545
147 73.45454545454545
148 59.09090909090909
149 72.0909090909091
150 82.27272727272727
151 73.27272727272727
152 57.63636363636363
153 74.0909090909091
154 77.18181818181819
155 68.18181818181819
156 60.0
157 71.45454545454545
158 82.45454545454545
159 73.45454545454545
160 59.09090909090909
161 71.9090909090909
162 82.27272727272727
163 73.18181818181819
164 57.63636363636363
165 74.27272727272727
166 77.0
167 67.81818181818181
168 60.0
169 71.63636363636364
170 82.27272727272727
171 73.27272727272727
172 59.09090909090909
173 72.0909090909091
174 82.45454545454545
175 73.27272727272727
176 57.54545454545455
177 74.27272727272727
178 77.0
179 68.0
180 59.63636363636363
181 71.63636363636364
182 83.45454545454545
183 74.45454545454545
184 59.18181818181818
185 72.81818181818181
186 83.18181818181819
187 74.0
188 58.09090909090909
189 75.0
190 77.9090909090909
191 68.9090909090909
192 57.45454545454545
193 72.36363636363636
194 83.45454545454545
195 76.0909090909091
196 59.81818181818182
197 72.18181818181819
198 83.18181818181819
199 74.18181818181819
200 59.81818181818182
201 74.81818181818181
202 77.9090909090909
203 68.9090909090909
204 57.45454545454545
205 72.36363636363636
206 83.45454545454545
207 76.0909090909091
208 59.81818181818182
209 72.18181818181819
210 83.18181818181819
211 74.18181818181819
212 59.81818181818182
213 74.36363636363636
214 77.45454545454545
215 68.36363636363636
216 57.45454545454545
217 73.0
218 83.18181818181819
219 75.45454545454545
220 59.81818181818182
221 72.45454545454545
222 83.0909090909091
223 74.0
224 59.81818181818182
225 75.0
226 78.0909090909091
227 68.9090909090909
228 57.36363636363637
229 73.0
230 83.18181818181819
231 75.45454545454545
232 59.72727272727273
233 72.45454545454545
234 83.54545454545455
235 74.45454545454545
236 59.18181818181818
237 75.0
238 78.0909090909091
239 68.9090909090909
240 57.36363636363637
241 72.81818181818181
242 83.0
243 75.45454545454545
244 59.72727272727273
245 72.45454545454545
246 83.54545454545455
247 68.36363636363636
248 59.81818181818182
249 74.81818181818181
250 77.9090909090909
251 68.9090909090909
252 57.54545454545455
253 72.63636363636364
254 83.0
255 75.36363636363636
256 59.81818181818182
257 72.36363636363636
258 83.45454545454545
259 68.36363636363636
260 59.81818181818182
261 74.81818181818181
262 77.18181818181819
263 68.9090909090909
264 57.54545454545455
265 72.72727272727273
266 83.0909090909091
267 75.45454545454545
268 59.81818181818182
269 72.81818181818181
270 83.0
271 68.18181818181819
272 59.81818181818182
273 74.9090909090909
274 78.0
275 68.9090909090909
276 57.54545454545455
277 72.72727272727273
278 83.0909090909091
279 75.45454545454545
280 59.81818181818182
281 72.81818181818181
282 83.0
283 68.18181818181819
284 59.72727272727273
285 74.9090909090909
286 78.0
287 68.9090909090909
288 57.09090909090909
289 72.72727272727273
290 83.27272727272727
291 75.63636363636364
292 59.63636363636363
293 72.81818181818181
294 83.0
295 68.18181818181819
296 63.36363636363637
297 74.9090909090909
298 78.0
299 65.27272727272727
300 57.63636363636363
301 79.9090909090909
302 83.18181818181819
303 76.36363636363636
304 59.81818181818182
305 72.63636363636364
306 83.0
307 68.0909090909091
308 63.45454545454545
309 74.81818181818181
310 77.9090909090909
311 65.0909090909091
312 57.63636363636363
313 79.9090909090909
314 83.18181818181819
315 76.36363636363636
316 59.81818181818182
317 72.81818181818181
318 83.18181818181819
319 67.72727272727273
320 63.45454545454545
321 75.0
322 77.72727272727273
323 65.0909090909091
324 57.45454545454545
325 80.0909090909091
326 83.0
327 76.36363636363636
328 59.63636363636363
329 72.81818181818181
330 83.18181818181819
331 67.72727272727273
332 63.45454545454545
333 75.0
334 77.9090909090909
335 65.27272727272727
336 57.45454545454545
337 80.54545454545455
338 83.45454545454545
339 76.81818181818181
340 59.18181818181818
341 72.81818181818181
342 83.36363636363636
343 67.9090909090909
344 63.27272727272727
345 75.0
346 77.9090909090909
347 65.27272727272727
348 57.45454545454545
349 80.54545454545455
350 83.45454545454545
351 61.36363636363637
352 59.81818181818182
353 79.9090909090909
354 83.18181818181819
355 68.63636363636364
356 63.90909090909091
357 77.45454545454545
358 77.45454545454545
359 65.27272727272727
360 57.45454545454545
361 80.27272727272727
362 83.18181818181819
363 61.18181818181818
364 59.81818181818182
365 79.9090909090909
366 83.18181818181819
367 68.63636363636364
368 63.90909090909091
369 77.63636363636364
370 77.63636363636364
371 64.72727272727273
372 57.45454545454545
373 80.27272727272727
374 83.18181818181819
375 61.18181818181818
376 59.81818181818182
377 80.18181818181819
378 83.0909090909091
379 69.0909090909091
380 63.72727272727273
381 78.0909090909091
382 78.0909090909091
383 64.81818181818181
384 57.36363636363637
385 80.27272727272727
386 83.18181818181819
387 61.27272727272727
388 59.72727272727273
389 80.63636363636364
390 83.54545454545455
391 69.0909090909091
392 63.27272727272727
393 78.0909090909091
394 78.0909090909091
395 64.81818181818181
396 57.36363636363637
397 80.0909090909091
398 83.0
399 61.27272727272727
400 59.81818181818182
401 80.54545454545455
402 83.45454545454545
403 69.0909090909091
404 63.45454545454545
405 77.9090909090909
406 71.9090909090909
407 64.81818181818181
408 68.18181818181819
409 79.9090909090909
410 83.0
411 61.27272727272727
412 59.81818181818182
413 80.0909090909091
414 83.0
415 68.9090909090909
416 63.45454545454545
417 77.9090909090909
418 71.9090909090909
419 64.81818181818181
420 68.18181818181819
421 80.0
422 83.0909090909091
423 61.18181818181818
424 59.81818181818182
425 80.0909090909091
426 83.0
427 68.9090909090909
428 63.45454545454545
429 78.0
430 72.0
431 65.27272727272727
432 68.18181818181819
433 80.0
434 83.0909090909091
435 61.18181818181818
436 59.81818181818182
437 80.0909090909091
438 83.0
439 69.0
440 63.36363636363637
441 78.0
442 72.0
443 65.27272727272727
444 67.81818181818181
445 79.9090909090909
446 83.18181818181819
447 61.36363636363637
448 59.63636363636363
449 80.0909090909091
450 82.18181818181819
451 66.0
452 63.54545454545455
453 78.0
454 71.81818181818181
455 65.36363636363636
456 67.9090909090909
457 80.0
458 77.27272727272727
459 61.45454545454545
460 67.63636363636364
461 80.0
462 83.0909090909091
463 65.54545454545455
464 63.54545454545455
465 77.81818181818181
466 71.81818181818181
467 65.0
468 67.9090909090909
469 80.18181818181819
470 77.0909090909091
471 60.81818181818182
472 67.63636363636364
473 80.18181818181819
474 83.27272727272727
475 65.45454545454545
476 63.54545454545455
477 77.81818181818181
478 71.81818181818181
479 65.18181818181819
480 67.9090909090909
481 80.63636363636364
482 77.54545454545455
483 61.45454545454545
484 67.45454545454545
485 80.18181818181819
486 83.27272727272727
487 65.63636363636364
488 63.36363636363637
489 78.0
490 72.0
491 65.36363636363636
492 67.9090909090909
493 80.63636363636364
494 77.54545454545455
495 61.45454545454545
496 67.18181818181819
497 80.0
498 83.27272727272727
499 65.63636363636364
500 63.54545454545455
501 78.0
502 68.9090909090909
503 66.63636363636364
504 69.36363636363636
505 83.54545454545455
506 77.36363636363636
507 61.45454545454545
508 67.18181818181819
509 80.0
510 77.27272727272727
511 65.63636363636364
512 65.45454545454545
513 77.54545454545455
514 68.54545454545455
515 66.0909090909091
516 70.0
517 83.27272727272727
518 77.0909090909091
519 61.27272727272727
520 67.18181818181819
521 80.27272727272727
522 77.18181818181819
523 65.63636363636364
524 65.45454545454545
525 78.18181818181819
526 69.0
527 66.18181818181819
528 70.0
529 83.27272727272727
530 77.0909090909091
531 61.36363636363637
532 67.0909090909091
533 80.72727272727273
534 77.63636363636364
535 66.27272727272727
536 65.27272727272727
537 78.18181818181819
538 69.0
539 66.54545454545455
540 69.63636363636364
541 83.0909090909091
542 77.0909090909091
543 61.36363636363637
544 67.0909090909091
545 80.72727272727273
546 77.63636363636364
547 66.27272727272727
548 65.0
549 78.0
550 69.0
551 66.54545454545455
552 69.81818181818181
553 83.0909090909091
554 74.0
555 55.36363636363637
556 68.63636363636364
557 83.54545454545455
558 77.36363636363636
559 58.54545454545455
560 65.0
561 78.0
562 69.0
563 66.54545454545455
564 69.9090909090909
565 83.18181818181819
566 74.0909090909091
567 55.27272727272727
568 69.0909090909091
569 83.0909090909091
570 77.0909090909091
571 58.18181818181818
572 65.0
573 78.0909090909091
574 69.0
575 66.54545454545455
576 69.9090909090909
577 83.18181818181819
578 74.0909090909091
579 55.09090909090909
580 69.0909090909091
581 83.0909090909091
582 77.0909090909091
583 58.27272727272727
584 64.9090909090909
585 78.0909090909091
586 69.0
587 67.0
588 69.9090909090909
589 83.36363636363636
590 74.27272727272727
591 55.27272727272727
592 68.9090909090909
593 83.0909090909091
594 77.0909090909091
595 58.27272727272727
596 64.9090909090909
597 78.0909090909091
598 68.81818181818181
599 67.0
600 69.36363636363636
601 83.27272727272727
602 74.27272727272727
603 55.27272727272727
604 69.0909090909091
605 83.0909090909091
606 74.0
607 58.27272727272727
608 66.45454545454545
609 78.0
610 69.0
611 60.81818181818182
612 72.27272727272727
613 83.27272727272727
614 74.27272727272727
615 55.27272727272727
616 69.27272727272727
617 83.27272727272727
618 74.0909090909091
619 58.18181818181818
620 66.63636363636364
621 77.81818181818181
622 68.81818181818181
623 60.45454545454545
624 72.45454545454545
625 83.0909090909091
626 74.0909090909091
627 55.0
628 69.27272727272727
629 83.27272727272727
630 74.0909090909091
631 58.18181818181818
632 66.63636363636364
633 78.0
634 69.0
635 60.45454545454545
636 72.45454545454545
637 83.54545454545455
638 74.45454545454545
639 55.36363636363637
640 69.18181818181819
641 83.36363636363636
642 74.18181818181819
643 58.27272727272727
644 66.54545454545455
645 77.9090909090909
646 68.9090909090909
647 60.36363636363637
648 72.36363636363636
649 83.45454545454545
650 74.27272727272727
651 55.36363636363637
652 68.54545454545455
653 83.18181818181819
654 74.18181818181819
655 58.27272727272727
656 66.81818181818181
657 77.45454545454545
658 68.36363636363636
659 60.36363636363637
660 73.0
661 83.18181818181819
662 74.0
663 58.27272727272727
664 72.18181818181819
665 83.18181818181819
666 74.18181818181819
667 58.27272727272727
668 67.0
669 77.63636363636364
670 68.45454545454545
671 60.36363636363637
672 73.0
673 83.18181818181819
674 74.0
675 58.27272727272727
676 72.45454545454545
677 83.0909090909091
678 74.0
679 58.0
680 67.0
681 78.0909090909091
682 68.9090909090909
683 60.27272727272727
684 73.0
685 83.18181818181819
686 74.0
687 58.36363636363637
688 72.45454545454545
689 83.54545454545455
690 74.45454545454545
691 58.45454545454545
692 66.54545454545455
693 78.0909090909091
694 68.9090909090909
695 60.63636363636363
696 72.81818181818181
697 83.0
698 74.0
699 58.36363636363637
700 72.36363636363636
701 83.45454545454545
702 74.27272727272727
703 58.45454545454545
704 66.36363636363636
705 77.9090909090909
706 68.9090909090909
707 60.63636363636363
708 72.63636363636364
709 83.0
710 73.9090909090909
711 58.36363636363637
712 72.81818181818181
713 83.0
714 74.0
715 61.36363636363637
716 67.0909090909091
717 77.9090909090909
718 68.9090909090909
719 60.63636363636363
720 72.72727272727273
721 83.0909090909091
722 74.0
723 58.27272727272727
724 72.81818181818181
725 83.0
726 74.0
727 61.18181818181818
728 67.18181818181819
729 78.0
730 68.9090909090909
731 60.18181818181818
732 72.72727272727273
733 83.0909090909091
734 74.0
735 58.09090909090909
736 72.81818181818181
737 83.0
738 74.0
739 61.27272727272727
740 67.18181818181819
741 78.0
742 68.9090909090909
743 60.72727272727273
744 72.18181818181819
745 83.18181818181819
746 74.18181818181819
747 58.27272727272727
748 72.81818181818181
749 83.0
750 74.0
751 61.27272727272727
752 67.0909090909091
753 77.9090909090909
754 68.9090909090909
755 60.72727272727273
756 72.18181818181819
757 83.18181818181819
758 74.18181818181819
759 58.27272727272727
760 72.63636363636364
761 83.0
762 73.9090909090909
763 58.36363636363637
764 75.0
765 77.72727272727273
766 68.54545454545455
767 60.72727272727273
768 72.36363636363636
769 83.0
770 74.0
771 59.81818181818182
772 72.81818181818181
773 83.18181818181819
774 74.0
775 58.27272727272727
776 75.0
777 77.72727272727273
778 68.72727272727273
779 60.36363636363637
780 72.36363636363636
781 83.45454545454545
782 74.45454545454545
783 59.18181818181818
784 72.81818181818181
785 83.18181818181819
786 74.0
787 58.09090909090909
788 75.0
789 77.9090909090909
790 68.9090909090909
791 60.36363636363637
792 72.36363636363636
793 83.45454545454545
794 74.45454545454545
795 59.81818181818182
796 72.18181818181819
797 83.18181818181819
798 74.18181818181819
799 58.27272727272727
800 74.81818181818181
801 77.9090909090909
802 68.81818181818181
803 60.36363636363637
804 72.36363636363636
805 83.45454545454545
806 74.27272727272727
807 59.81818181818182
808 72.18181818181819
809 83.18181818181819
810 74.18181818181819
811 58.27272727272727
812 74.36363636363636
813 77.45454545454545
814 68.36363636363636
815 57.45454545454545
816 73.0
817 83.18181818181819
818 75.45454545454545
819 59.81818181818182
820 72.45454545454545
821 83.0909090909091
822 74.0
823 59.81818181818182
824 75.0
825 78.0909090909091
826 68.9090909090909
827 57.36363636363637
828 73.0
829 83.18181818181819
830 75.45454545454545
831 59.72727272727273
832 72.45454545454545
833 83.54545454545455
834 74.45454545454545
835 59.18181818181818
836 75.0
837 78.0909090909091
838 68.9090909090909
839 57.36363636363637
840 72.81818181818181
841 83.0
842 75.45454545454545
843 59.72727272727273
844 72.45454545454545
845 83.54545454545455
846 74.45454545454545
847 59.81818181818182
848 74.81818181818181
849 77.9090909090909
850 68.9090909090909
851 57.54545454545455
852 72.63636363636364
853 83.0
854 75.36363636363636
855 59.81818181818182
856 72.36363636363636
857 83.45454545454545
858 74.27272727272727
859 59.81818181818182
860 74.81818181818181
861 77.9090909090909
862 68.9090909090909
863 57.54545454545455
864 72.72727272727273
865 83.0909090909091
866 75.45454545454545
867 59.81818181818182
868 72.81818181818181
869 83.0
870 68.18181818181819
871 59.81818181818182
872 74.9090909090909
873 78.0
874 68.9090909090909
875 57.54545454545455
876 72.72727272727273
877 83.0909090909091
878 75.45454545454545
879 59.81818181818182
880 72.81818181818181
881 83.0
882 68.18181818181819
883 59.72727272727273
884 74.9090909090909
885 78.0
886 68.9090909090909
887 57.09090909090909
888 72.72727272727273
889 83.27272727272727
890 75.63636363636364
891 59.63636363636363
892 72.81818181818181
893 83.0
894 68.18181818181819
895 59.72727272727273
896 74.9090909090909
897 78.0
898 68.9090909090909
899 57.63636363636363
900 72.18181818181819
901 83.18181818181819
902 75.63636363636364
903 59.81818181818182
904 72.63636363636364
905 83.0
906 68.0909090909091
907 59.81818181818182
908 74.81818181818181
909 77.9090909090909
910 68.72727272727273
911 57.63636363636363
912 72.18181818181819
913 83.18181818181819
914 75.63636363636364
915 59.81818181818182
916 72.81818181818181
917 83.18181818181819
918 67.72727272727273
919 63.45454545454545
920 75.0
921 77.72727272727273
922 65.0909090909091
923 57.45454545454545
924 80.0909090909091
925 83.0
926 76.36363636363636
927 59.63636363636363
928 72.81818181818181
929 83.18181818181819
930 67.72727272727273
931 63.45454545454545
932 75.0
933 77.9090909090909
934 65.27272727272727
935 57.45454545454545
936 80.54545454545455
937 83.45454545454545
938 76.81818181818181
939 59.18181818181818
940 72.81818181818181
941 83.36363636363636
942 67.9090909090909
943 63.27272727272727
944 75.0
945 77.9090909090909
946 65.27272727272727
947 57.45454545454545
948 80.54545454545455
949 83.45454545454545
950 76.81818181818181
951 59.81818181818182
952 72.18181818181819
953 83.18181818181819
954 67.9090909090909
955 63.90909090909091
956 74.36363636363636
957 77.45454545454545
958 65.27272727272727
959 57.45454545454545
960 80.27272727272727
961 83.18181818181819
962 76.18181818181819
963 59.81818181818182
964 72.18181818181819
965 83.18181818181819
966 67.9090909090909
967 63.90909090909091
968 74.54545454545455
969 77.63636363636364
970 64.72727272727273
971 57.45454545454545
972 80.27272727272727
973 83.18181818181819
974 61.18181818181818
975 59.81818181818182
976 80.18181818181819
977 83.0909090909091
978 69.0909090909091
979 63.72727272727273
980 78.0909090909091
981 78.0909090909091
982 64.81818181818181
983 57.36363636363637
984 80.27272727272727
985 83.18181818181819
986 61.27272727272727
987 59.72727272727273
988 80.63636363636364
989 83.54545454545455
990 69.0909090909091
991 63.27272727272727
992 78.0909090909091
993 78.0909090909091
994 64.81818181818181
995 57.36363636363637
996 80.0909090909091
997 83.0
998 61.27272727272727
999 59.81818181818182
