0 0
1 11
2 11
3 34
4 50
5 67
6 83
7 83
8 58
9 67
10 83
11 83
12 50
13 66
14 83
15 83
16 66
17 67
18 83
19 83
20 50
21 58
22 75
23 75
24 50
25 66
26 83
27 83
28 49
29 67
30 83
31 83
32 50
33 58
34 75
35 75
36 50
37 66
38 84
39 84
40 49
41 67
42 83
43 83
44 50
45 58
46 75
47 75
48 50
49 66
50 84
51 84
52 50
53 66
54 83
55 83
56 50
57 59
58 74
59 74
60 50
61 67
62 83
63 83
64 50
65 66
66 83
67 83
68 50
69 59
70 74
71 74
72 50
73 67
74 83
75 83
76 50
77 66
78 83
79 83
80 49
81 59
82 75
83 75
84 50
85 67
86 83
87 83
88 50
89 66
90 84
91 84
92 50
93 58
94 75
95 75
96 50
97 67
98 83
99 83
100 50
101 66
102 84
103 84
104 50
105 58
106 75
107 75
108 50
109 67
110 83
111 83
112 50
113 67
114 83
115 83
116 50
117 58
118 75
119 75
120 50
121 67
122 83
123 83
124 50
125 67
126 83
127 83
128 50
129 58
130 75
131 75
132 49
133 67
134 83
135 83
136 50
137 67
138 83
139 83
140 50
141 75
142 75
143 75
144 50
145 66
146 83
147 83
148 50
149 67
150 83
151 83
152 50
153 75
154 75
155 75
156 50
157 66
158 83
159 83
160 50
161 67
162 83
163 83
164 50
165 75
166 75
167 75
168 50
169 66
170 83
171 83
172 50
173 67
174 83
175 83
176 50
177 75
178 75
179 75
180 50
181 66
182 84
183 84
184 49
185 67
186 83
187 83
188 50
189 75
190 75
191 75
192 50
193 66
194 84
195 84
196 50
197 66
198 83
199 83
200 50
201 75
202 75
203 75
204 50
205 66
206 84
207 84
208 50
209 66
210 83
211 83
212 50
213 74
214 74
215 74
216 50
217 67
218 83
219 83
220 50
221 66
222 83
223 83
224 50
225 75
226 75
227 75
228 50
229 67
230 83
231 83
232 50
233 66
234 84
235 84
236 49
237 75
238 75
239 75
240 50
241 67
242 83
243 83
244 50
245 66
246 84
247 67
248 50
249 75
250 75
251 75
252 50
253 67
254 83
255 83
256 50
257 66
258 84
259 67
260 50
261 75
262 75
263 75
264 50
265 67
266 83
267 83
268 50
269 67
270 83
271 67
272 50
273 75
274 75
275 75
276 50
277 67
278 83
279 83
280 50
281 67
282 83
283 67
284 50
285 75
286 75
287 75
288 49
289 67
290 83
291 83
292 50
293 67
294 83
295 67
296 58
297 75
298 75
299 67
300 50
301 83
302 83
303 83
304 50
305 67
306 83
307 67
308 58
309 75
310 75
311 67
312 50
313 83
314 83
315 83
316 50
317 67
318 83
319 66
320 58
321 75
322 75
323 67
324 50
325 83
326 83
327 83
328 50
329 67
330 83
331 66
332 58
333 75
334 75
335 67
336 50
337 84
338 84
339 84
340 49
341 67
342 83
343 66
344 58
345 75
346 75
347 67
348 50
349 84
350 84
351 50
352 50
353 83
354 83
355 66
356 59
357 74
358 74
359 67
360 50
361 83
362 83
363 50
364 50
365 83
366 83
367 66
368 59
369 74
370 74
371 66
372 50
373 83
374 83
375 50
376 50
377 83
378 83
379 67
380 59
381 75
382 75
383 66
384 50
385 83
386 83
387 50
388 50
389 84
390 84
391 67
392 58
393 75
394 75
395 66
396 50
397 83
398 83
399 50
400 50
401 84
402 84
403 67
404 58
405 75
406 75
407 66
408 67
409 83
410 83
411 50
412 50
413 83
414 83
415 67
416 58
417 75
418 75
419 66
420 67
421 83
422 83
423 50
424 50
425 83
426 83
427 67
428 58
429 75
430 75
431 67
432 67
433 83
434 83
435 50
436 50
437 83
438 83
439 67
440 58
441 75
442 75
443 67
444 66
445 83
446 83
447 50
448 50
449 83
450 83
451 67
452 58
453 75
454 75
455 67
456 66
457 83
458 83
459 50
460 67
461 83
462 83
463 66
464 58
465 75
466 75
467 67
468 66
469 83
470 83
471 49
472 67
473 83
474 83
475 66
476 58
477 75
478 75
479 67
480 66
481 84
482 84
483 50
484 67
485 83
486 83
487 66
488 58
489 75
490 75
491 67
492 66
493 84
494 84
495 50
496 66
497 83
498 83
499 66
500 58
501 75
502 75
503 67
504 66
505 84
506 84
507 50
508 66
509 83
510 83
511 66
512 59
513 74
514 74
515 66
516 67
517 83
518 83
519 50
520 66
521 83
522 83
523 66
524 59
525 75
526 75
527 66
528 67
529 83
530 83
531 50
532 66
533 84
534 84
535 67
536 59
537 75
538 75
539 66
540 67
541 83
542 83
543 50
544 66
545 84
546 84
547 67
548 58
549 75
550 75
551 66
552 67
553 83
554 83
555 50
556 66
557 84
558 84
559 50
560 58
561 75
562 75
563 66
564 67
565 83
566 83
567 50
568 67
569 83
570 83
571 50
572 58
573 75
574 75
575 66
576 67
577 83
578 83
579 50
580 67
581 83
582 83
583 50
584 58
585 75
586 75
587 67
588 67
589 83
590 83
591 50
592 67
593 83
594 83
595 50
596 58
597 75
598 75
599 67
600 66
601 83
602 83
603 50
604 67
605 83
606 83
607 50
608 58
609 75
610 75
611 50
612 66
613 83
614 83
615 50
616 67
617 83
618 83
619 50
620 58
621 75
622 75
623 50
624 66
625 83
626 83
627 49
628 67
629 83
630 83
631 50
632 58
633 75
634 75
635 50
636 66
637 84
638 84
639 50
640 67
641 83
642 83
643 50
644 58
645 75
646 75
647 50
648 66
649 84
650 84
651 50
652 66
653 83
654 83
655 50
656 59
657 74
658 74
659 50
660 67
661 83
662 83
663 50
664 66
665 83
666 83
667 50
668 59
669 74
670 74
671 50
672 67
673 83
674 83
675 50
676 66
677 83
678 83
679 49
680 59
681 75
682 75
683 50
684 67
685 83
686 83
687 50
688 66
689 84
690 84
691 50
692 58
693 75
694 75
695 50
696 67
697 83
698 83
699 50
700 66
701 84
702 84
703 50
704 58
705 75
706 75
707 50
708 67
709 83
710 83
711 50
712 67
713 83
714 83
715 50
716 58
717 75
718 75
719 50
720 67
721 83
722 83
723 50
724 67
725 83
726 83
727 50
728 58
729 75
730 75
731 49
732 67
733 83
734 83
735 50
736 67
737 83
738 83
739 50
740 58
741 75
742 75
743 50
744 66
745 83
746 83
747 50
748 67
749 83
750 83
751 50
752 58
753 75
754 75
755 50
756 66
757 83
758 83
759 50
760 67
761 83
762 83
763 50
764 75
765 75
766 75
767 50
768 66
769 83
770 83
771 50
772 67
773 83
774 83
775 50
776 75
777 75
778 75
779 50
780 66
781 84
782 84
783 49
784 67
785 83
786 83
787 50
788 75
789 75
790 75
791 50
792 66
793 84
794 84
795 50
796 66
797 83
798 83
799 50
800 75
801 75
802 75
803 50
804 66
805 84
806 84
807 50
808 66
809 83
810 83
811 50
812 74
813 74
814 74
815 50
816 67
817 83
818 83
819 50
820 66
821 83
822 83
823 50
824 75
825 75
826 75
827 50
828 67
829 83
830 83
831 50
832 66
833 84
834 84
835 49
836 75
837 75
838 75
839 50
840 67
841 83
842 83
843 50
844 66
845 84
846 84
847 50
848 75
849 75
850 75
851 50
852 67
853 83
854 83
855 50
856 66
857 84
858 84
859 50
860 75
861 75
862 75
863 50
864 67
865 83
866 83
867 50
868 67
869 83
870 67
871 50
872 75
873 75
874 75
875 50
876 67
877 83
878 83
879 50
880 67
881 83
882 67
883 50
884 75
885 75
886 75
887 49
888 67
889 83
890 83
891 50
892 67
893 83
894 67
895 50
896 75
897 75
898 75
899 50
900 66
901 83
902 83
903 50
904 67
905 83
906 67
907 50
908 75
909 75
910 75
911 50
912 66
913 83
914 83
915 50
916 67
917 83
918 66
919 58
920 75
921 75
922 67
923 50
924 83
925 83
926 83
927 50
928 67
929 83
930 66
931 58
932 75
933 75
934 67
935 50
936 84
937 84
938 84
939 49
940 67
941 83
942 66
943 58
944 75
945 75
946 67
947 50
948 84
949 84
950 84
951 50
952 66
953 83
954 66
955 59
956 74
957 74
958 67
959 50
960 83
961 83
962 83
963 50
964 66
965 83
966 66
967 59
968 74
969 74
970 66
971 50
972 83
973 83
974 50
975 50
976 83
977 83
978 67
979 59
980 75
981 75
982 66
983 50
984 83
985 83
986 50
987 50
988 84
989 84
990 67
991 58
992 75
993 75
994 66
995 50
996 83
997 83
998 50
999 50
