0 0
1 11
2 11
3 50
4 67
5 83
6 83
7 50
8 58
9 83
10 83
11 50
12 67
13 83
14 83
15 50
16 58
17 84
18 84
19 50
20 58
21 83
22 83
23 50
24 66
25 83
26 83
27 50
28 59
29 84
30 84
31 50
32 58
33 83
34 83
35 50
36 66
37 83
38 83
39 50
40 74
41 84
42 84
43 50
44 58
45 83
46 83
47 50
48 66
49 83
50 83
51 49
52 75
53 83
54 83
55 50
56 58
57 83
58 83
59 50
60 66
61 84
62 84
63 50
64 75
65 83
66 83
67 50
68 58
69 84
70 84
71 50
72 66
73 84
74 84
75 50
76 75
77 83
78 83
79 50
80 59
81 84
82 84
83 50
84 66
85 84
86 84
87 50
88 75
89 83
90 83
91 50
92 74
93 84
94 84
95 50
96 67
97 83
98 83
99 50
100 75
101 83
102 83
103 49
104 75
105 83
106 83
107 50
108 67
109 83
110 83
111 50
112 75
113 83
114 83
115 50
116 75
117 83
118 83
119 50
120 67
121 83
122 83
123 50
124 75
125 83
126 83
127 50
128 75
129 83
130 83
131 50
132 67
133 83
134 83
135 50
136 75
137 83
138 83
139 50
140 75
141 83
142 83
143 50
144 67
145 83
146 83
147 50
148 75
149 83
150 83
151 50
152 75
153 83
154 83
155 50
156 67
157 83
158 83
159 50
160 75
161 83
162 83
163 50
164 75
165 83
166 83
167 49
168 67
169 83
170 83
171 50
172 75
173 84
174 84
175 50
176 75
177 83
178 83
179 50
180 66
181 83
182 83
183 50
184 74
185 84
186 84
187 50
188 75
189 83
190 83
191 50
192 66
193 83
194 83
195 59
196 75
197 83
198 83
199 50
200 75
201 83
202 83
203 50
204 66
205 83
206 83
207 59
208 75
209 83
210 83
211 50
212 75
213 83
214 83
215 50
216 66
217 84
218 84
219 58
220 75
221 83
222 83
223 50
224 75
225 84
226 84
227 50
228 66
229 84
230 84
231 58
232 75
233 83
234 83
235 50
236 74
237 84
238 84
239 50
240 67
241 83
242 83
243 58
244 75
245 83
246 83
247 59
248 75
249 83
250 83
251 50
252 67
253 83
254 83
255 58
256 75
257 83
258 83
259 59
260 75
261 83
262 83
263 50
264 67
265 83
266 83
267 58
268 75
269 83
270 83
271 58
272 75
273 83
274 83
275 50
276 67
277 83
278 83
279 58
280 75
281 83
282 83
283 58
284 75
285 83
286 83
287 50
288 67
289 83
290 83
291 58
292 75
293 83
294 83
295 58
296 75
297 83
298 83
299 50
300 67
301 83
302 83
303 58
304 75
305 83
306 83
307 58
308 75
309 83
310 83
311 49
312 67
313 83
314 83
315 58
316 75
317 84
318 84
319 58
320 75
321 83
322 83
323 50
324 66
325 83
326 83
327 59
328 74
329 84
330 84
331 58
332 75
333 83
334 83
335 50
336 66
337 83
338 83
339 59
340 74
341 84
342 84
343 58
344 75
345 83
346 83
347 50
348 66
349 83
350 83
351 59
352 75
353 83
354 83
355 58
356 75
357 83
358 83
359 50
360 66
361 84
362 84
363 58
364 75
365 83
366 83
367 58
368 75
369 84
370 84
371 50
372 66
373 84
374 84
375 58
376 75
377 83
378 83
379 59
380 74
381 84
382 84
383 50
384 66
385 84
386 84
387 58
388 75
389 83
390 83
391 59
392 74
393 84
394 84
395 50
396 67
397 83
398 83
399 58
400 75
401 83
402 83
403 59
404 75
405 83
406 50
407 50
408 83
409 83
410 83
411 58
412 75
413 83
414 83
415 58
416 75
417 83
418 50
419 50
420 83
421 83
422 83
423 58
424 75
425 83
426 83
427 58
428 75
429 83
430 50
431 50
432 83
433 83
434 83
435 58
436 75
437 83
438 83
439 58
440 75
441 83
442 50
443 50
444 83
445 83
446 83
447 58
448 75
449 83
450 83
451 58
452 75
453 83
454 49
455 50
456 83
457 83
458 50
459 58
460 75
461 83
462 83
463 58
464 75
465 83
466 50
467 49
468 83
469 83
470 50
471 58
472 75
473 84
474 84
475 58
476 75
477 83
478 50
479 50
480 83
481 83
482 50
483 59
484 74
485 84
486 84
487 58
488 75
489 83
490 50
491 50
492 83
493 83
494 50
495 59
496 75
497 83
498 83
499 58
500 75
501 83
502 50
503 66
504 83
505 83
506 49
507 59
508 75
509 83
510 50
511 58
512 75
513 83
514 50
515 66
516 84
517 84
518 50
519 58
520 75
521 83
522 50
523 58
524 75
525 84
526 50
527 66
528 84
529 84
530 50
531 58
532 75
533 83
534 50
535 59
536 74
537 84
538 50
539 67
540 83
541 83
542 50
543 58
544 75
545 83
546 50
547 59
548 75
549 83
550 50
551 67
552 83
553 83
554 50
555 58
556 83
557 83
558 49
559 59
560 75
561 83
562 50
563 67
564 83
565 83
566 50
567 58
568 83
569 83
570 50
571 58
572 75
573 83
574 50
575 67
576 83
577 83
578 50
579 58
580 83
581 83
582 50
583 58
584 75
585 83
586 50
587 67
588 83
589 83
590 50
591 58
592 83
593 83
594 50
595 58
596 75
597 83
598 49
599 67
600 83
601 83
602 50
603 58
604 83
605 83
606 50
607 58
608 83
609 83
610 50
611 67
612 83
613 83
614 50
615 58
616 84
617 84
618 50
619 58
620 83
621 83
622 50
623 66
624 83
625 83
626 50
627 59
628 84
629 84
630 50
631 58
632 83
633 83
634 50
635 66
636 83
637 83
638 50
639 59
640 84
641 84
642 50
643 58
644 83
645 83
646 50
647 66
648 83
649 83
650 49
651 59
652 83
653 83
654 50
655 58
656 83
657 83
658 50
659 66
660 84
661 84
662 50
663 75
664 83
665 83
666 50
667 58
668 84
669 84
670 50
671 66
672 84
673 84
674 50
675 75
676 83
677 83
678 50
679 59
680 84
681 84
682 50
683 66
684 84
685 84
686 50
687 75
688 83
689 83
690 50
691 59
692 84
693 84
694 50
695 67
696 83
697 83
698 50
699 75
700 83
701 83
702 49
703 59
704 83
705 83
706 50
707 67
708 83
709 83
710 50
711 75
712 83
713 83
714 50
715 75
716 83
717 83
718 50
719 67
720 83
721 83
722 50
723 75
724 83
725 83
726 50
727 75
728 83
729 83
730 50
731 67
732 83
733 83
734 50
735 75
736 83
737 83
738 50
739 75
740 83
741 83
742 50
743 67
744 83
745 83
746 50
747 75
748 83
749 83
750 50
751 75
752 83
753 83
754 50
755 67
756 83
757 83
758 50
759 75
760 83
761 83
762 50
763 75
764 83
765 83
766 49
767 67
768 83
769 83
770 50
771 75
772 84
773 84
774 50
775 75
776 83
777 83
778 50
779 66
780 83
781 83
782 50
783 74
784 84
785 84
786 50
787 75
788 83
789 83
790 50
791 66
792 83
793 83
794 50
795 75
796 83
797 83
798 50
799 75
800 83
801 83
802 50
803 66
804 83
805 83
806 49
807 75
808 83
809 83
810 50
811 75
812 83
813 83
814 50
815 66
816 84
817 84
818 58
819 75
820 83
821 83
822 50
823 75
824 84
825 84
826 50
827 66
828 84
829 84
830 58
831 75
832 83
833 83
834 50
835 74
836 84
837 84
838 50
839 67
840 83
841 83
842 58
843 75
844 83
845 83
846 50
847 75
848 83
849 83
850 50
851 67
852 83
853 83
854 58
855 75
856 83
857 83
858 49
859 75
860 83
861 83
862 50
863 67
864 83
865 83
866 58
867 75
868 83
869 83
870 58
871 75
872 83
873 83
874 50
875 67
876 83
877 83
878 58
879 75
880 83
881 83
882 58
883 75
884 83
885 83
886 50
887 67
888 83
889 83
890 58
891 75
892 83
893 83
894 58
895 75
896 83
897 83
898 50
899 67
900 83
901 83
902 58
903 75
904 83
905 83
906 58
907 75
908 83
909 83
910 49
911 67
912 83
913 83
914 58
915 75
916 84
917 84
918 58
919 75
920 83
921 83
922 50
923 66
924 83
925 83
926 59
927 74
928 84
929 84
930 58
931 75
932 83
933 83
934 50
935 66
936 83
937 83
938 59
939 74
940 84
941 84
942 58
943 75
944 83
945 83
946 50
947 66
948 83
949 83
950 59
951 75
952 83
953 83
954 58
955 75
956 83
957 83
958 50
959 66
960 84
961 84
962 58
963 75
964 83
965 83
966 58
967 75
968 84
969 84
970 50
971 66
972 84
973 84
974 58
975 75
976 83
977 83
978 59
979 74
980 84
981 84
982 50
983 66
984 84
985 84
986 58
987 75
988 83
989 83
990 59
991 74
992 84
993 84
994 50
995 67
996 83
997 83
998 58
999 75
