0 0
1 11
2 11
3 25
4 50
5 75
6 83
7 83
8 50
9 58
10 83
11 83
12 50
13 58
14 75
15 75
16 58
17 58
18 75
19 75
20 67
21 58
22 75
23 83
24 83
25 66
26 83
27 83
28 50
29 50
30 83
31 83
32 66
33 59
34 75
35 75
36 66
37 67
38 83
39 83
40 50
41 66
42 84
43 84
44 67
45 59
46 75
47 75
48 66
49 67
50 83
51 83
52 50
53 66
54 84
55 84
56 67
57 58
58 75
59 75
60 66
61 67
62 83
63 83
64 50
65 66
66 84
67 84
68 67
69 58
70 75
71 75
72 66
73 67
74 83
75 83
76 50
77 67
78 83
79 83
80 67
81 58
82 75
83 75
84 66
85 67
86 83
87 83
88 50
89 67
90 83
91 83
92 67
93 58
94 75
95 75
96 67
97 67
98 83
99 83
100 50
101 67
102 83
103 83
104 67
105 58
106 75
107 75
108 67
109 66
110 83
111 83
112 50
113 67
114 83
115 83
116 67
117 58
118 75
119 75
120 67
121 66
122 83
123 83
124 50
125 67
126 83
127 83
128 66
129 58
130 75
131 75
132 67
133 66
134 83
135 83
136 49
137 67
138 83
139 83
140 50
141 58
142 75
143 75
144 67
145 66
146 84
147 84
148 50
149 67
150 83
151 83
152 50
153 58
154 75
155 75
156 67
157 66
158 84
159 84
160 50
161 66
162 83
163 83
164 50
165 59
166 74
167 74
168 67
169 67
170 83
171 83
172 50
173 66
174 83
175 83
176 50
177 59
178 74
179 74
180 66
181 67
182 83
183 83
184 50
185 66
186 83
187 83
188 49
189 59
190 75
191 75
192 50
193 67
194 83
195 83
196 50
197 66
198 84
199 84
200 50
201 58
202 75
203 75
204 50
205 67
206 83
207 83
208 50
209 66
210 84
211 84
212 50
213 58
214 75
215 75
216 50
217 67
218 83
219 83
220 50
221 67
222 83
223 83
224 50
225 58
226 75
227 75
228 50
229 67
230 83
231 83
232 50
233 67
234 83
235 83
236 50
237 58
238 75
239 75
240 49
241 67
242 83
243 83
244 50
245 67
246 83
247 83
248 50
249 58
250 75
251 75
252 50
253 66
254 83
255 83
256 50
257 67
258 83
259 83
260 50
261 58
262 75
263 75
264 50
265 66
266 83
267 83
268 50
269 67
270 83
271 83
272 50
273 58
274 75
275 75
276 50
277 66
278 83
279 83
280 50
281 67
282 83
283 83
284 50
285 58
286 75
287 75
288 50
289 66
290 84
291 84
292 49
293 67
294 83
295 83
296 50
297 58
298 75
299 75
300 50
301 66
302 84
303 84
304 50
305 66
306 83
307 83
308 50
309 58
310 75
311 75
312 50
313 66
314 84
315 84
316 50
317 66
318 83
319 83
320 50
321 59
322 74
323 74
324 50
325 67
326 83
327 83
328 50
329 66
330 83
331 83
332 50
333 59
334 75
335 75
336 50
337 67
338 83
339 83
340 50
341 66
342 84
343 84
344 49
345 59
346 75
347 75
348 50
349 67
350 83
351 83
352 50
353 66
354 84
355 84
356 50
357 75
358 75
359 75
360 50
361 67
362 83
363 83
364 50
365 66
366 84
367 84
368 50
369 75
370 75
371 75
372 50
373 67
374 83
375 83
376 50
377 67
378 83
379 83
380 50
381 75
382 75
383 75
384 50
385 67
386 83
387 83
388 50
389 67
390 83
391 83
392 50
393 75
394 75
395 75
396 49
397 67
398 83
399 83
400 50
401 67
402 83
403 83
404 50
405 75
406 75
407 75
408 50
409 66
410 83
411 83
412 50
413 67
414 83
415 83
416 50
417 75
418 75
419 75
420 50
421 66
422 83
423 83
424 50
425 67
426 83
427 83
428 50
429 75
430 75
431 75
432 50
433 66
434 83
435 83
436 50
437 67
438 83
439 83
440 50
441 75
442 75
443 75
444 50
445 66
446 84
447 84
448 49
449 67
450 83
451 66
452 50
453 75
454 75
455 75
456 50
457 66
458 84
459 84
460 50
461 66
462 83
463 66
464 50
465 74
466 74
467 74
468 50
469 67
470 83
471 83
472 50
473 66
474 83
475 66
476 50
477 74
478 74
479 74
480 50
481 67
482 83
483 83
484 50
485 66
486 83
487 67
488 49
489 75
490 75
491 75
492 50
493 67
494 83
495 83
496 50
497 66
498 84
499 67
500 50
501 75
502 75
503 66
504 50
505 83
506 83
507 83
508 50
509 66
510 84
511 67
512 58
513 75
514 75
515 66
516 50
517 83
518 83
519 83
520 50
521 67
522 83
523 67
524 58
525 75
526 75
527 66
528 50
529 83
530 83
531 83
532 50
533 67
534 83
535 67
536 58
537 75
538 75
539 67
540 49
541 83
542 83
543 83
544 50
545 67
546 83
547 67
548 58
549 75
550 75
551 67
552 50
553 83
554 83
555 50
556 50
557 83
558 83
559 67
560 58
561 75
562 75
563 67
564 50
565 83
566 83
567 50
568 50
569 83
570 83
571 66
572 58
573 75
574 75
575 67
576 50
577 83
578 83
579 49
580 50
581 83
582 83
583 66
584 58
585 75
586 75
587 67
588 50
589 84
590 84
591 50
592 49
593 83
594 83
595 66
596 58
597 75
598 75
599 67
600 50
601 84
602 84
603 50
604 50
605 83
606 83
607 66
608 58
609 75
610 75
611 67
612 66
613 84
614 84
615 50
616 50
617 83
618 83
619 66
620 59
621 74
622 74
623 66
624 67
625 83
626 83
627 50
628 50
629 83
630 83
631 66
632 59
633 75
634 75
635 66
636 67
637 83
638 83
639 50
640 50
641 84
642 84
643 67
644 59
645 75
646 75
647 66
648 67
649 83
650 83
651 50
652 50
653 84
654 84
655 67
656 58
657 75
658 75
659 66
660 67
661 83
662 83
663 50
664 66
665 84
666 84
667 67
668 58
669 75
670 75
671 66
672 67
673 83
674 83
675 50
676 67
677 83
678 83
679 67
680 58
681 75
682 75
683 66
684 67
685 83
686 83
687 50
688 67
689 83
690 83
691 67
692 58
693 75
694 75
695 67
696 67
697 83
698 83
699 50
700 67
701 83
702 83
703 67
704 58
705 75
706 75
707 67
708 66
709 83
710 83
711 50
712 67
713 83
714 83
715 67
716 58
717 75
718 75
719 67
720 66
721 83
722 83
723 50
724 67
725 83
726 83
727 66
728 58
729 75
730 75
731 67
732 66
733 83
734 83
735 49
736 67
737 83
738 83
739 66
740 58
741 75
742 75
743 67
744 66
745 84
746 84
747 50
748 67
749 83
750 83
751 66
752 58
753 75
754 75
755 67
756 66
757 84
758 84
759 50
760 66
761 83
762 83
763 50
764 59
765 74
766 74
767 67
768 67
769 83
770 83
771 50
772 66
773 83
774 83
775 50
776 59
777 74
778 74
779 66
780 67
781 83
782 83
783 50
784 66
785 83
786 83
787 49
788 59
789 75
790 75
791 66
792 67
793 83
794 83
795 50
796 66
797 84
798 84
799 50
800 58
801 75
802 75
803 66
804 67
805 83
806 83
807 50
808 66
809 84
810 84
811 50
812 58
813 75
814 75
815 50
816 67
817 83
818 83
819 50
820 67
821 83
822 83
823 50
824 58
825 75
826 75
827 50
828 67
829 83
830 83
831 50
832 67
833 83
834 83
835 50
836 58
837 75
838 75
839 49
840 67
841 83
842 83
843 50
844 67
845 83
846 83
847 50
848 58
849 75
850 75
851 50
852 66
853 83
854 83
855 50
856 67
857 83
858 83
859 50
860 58
861 75
862 75
863 50
864 66
865 83
866 83
867 50
868 67
869 83
870 83
871 50
872 58
873 75
874 75
875 50
876 66
877 83
878 83
879 50
880 67
881 83
882 83
883 50
884 58
885 75
886 75
887 50
888 66
889 84
890 84
891 49
892 67
893 83
894 83
895 50
896 58
897 75
898 75
899 50
900 66
901 84
902 84
903 50
904 66
905 83
906 83
907 50
908 58
909 75
910 75
911 50
912 66
913 84
914 84
915 50
916 66
917 83
918 83
919 50
920 59
921 74
922 74
923 50
924 67
925 83
926 83
927 50
928 66
929 83
930 83
931 50
932 59
933 75
934 75
935 50
936 67
937 83
938 83
939 50
940 66
941 84
942 84
943 49
944 59
945 75
946 75
947 50
948 67
949 83
950 83
951 50
952 66
953 84
954 84
955 50
956 58
957 75
958 75
959 50
960 67
961 83
962 83
963 50
964 66
965 84
966 84
967 50
968 58
969 75
970 75
971 50
972 67
973 83
974 83
975 50
976 67
977 83
978 83
979 50
980 75
981 75
982 75
983 50
984 67
985 83
986 83
987 50
988 67
989 83
990 83
991 50
992 75
993 75
994 75
995 49
996 67
997 83
998 83
999 50
