0 0
1 11
2 11
3 50
4 58
5 75
6 83
7 49
8 59
9 75
10 83
11 50
12 67
13 83
14 83
15 50
16 58
17 75
18 83
19 50
20 58
21 75
22 83
23 50
24 67
25 83
26 83
27 50
28 58
29 75
30 83
31 50
32 58
33 75
34 83
35 50
36 67
37 83
38 83
39 50
40 58
41 83
42 83
43 50
44 58
45 75
46 83
47 50
48 67
49 83
50 83
51 50
52 58
53 83
54 83
55 50
56 58
57 75
58 83
59 49
60 67
61 83
62 83
63 50
64 58
65 83
66 83
67 50
68 58
69 75
70 83
71 50
72 67
73 83
74 83
75 50
76 58
77 84
78 84
79 50
80 58
81 75
82 83
83 50
84 66
85 83
86 83
87 50
88 59
89 84
90 84
91 50
92 58
93 83
94 83
95 50
96 66
97 83
98 83
99 50
100 59
101 83
102 83
103 50
104 58
105 83
106 83
107 50
108 66
109 83
110 83
111 49
112 59
113 83
114 83
115 50
116 58
117 83
118 83
119 50
120 66
121 84
122 84
123 50
124 58
125 83
126 83
127 50
128 58
129 84
130 84
131 50
132 66
133 84
134 84
135 50
136 58
137 83
138 83
139 50
140 59
141 84
142 84
143 50
144 67
145 83
146 83
147 50
148 75
149 83
150 83
151 50
152 59
153 83
154 83
155 50
156 67
157 83
158 83
159 50
160 75
161 83
162 83
163 49
164 59
165 83
166 83
167 50
168 67
169 83
170 83
171 50
172 75
173 83
174 83
175 50
176 58
177 83
178 83
179 50
180 67
181 83
182 83
183 50
184 75
185 83
186 83
187 50
188 58
189 83
190 83
191 50
192 67
193 83
194 83
195 50
196 75
197 83
198 83
199 50
200 75
201 83
202 83
203 50
204 67
205 83
206 83
207 50
208 75
209 83
210 83
211 50
212 75
213 83
214 83
215 49
216 67
217 83
218 83
219 50
220 75
221 84
222 84
223 50
224 75
225 83
226 83
227 50
228 66
229 83
230 83
231 50
232 74
233 84
234 84
235 50
236 75
237 83
238 83
239 50
240 66
241 83
242 83
243 50
244 74
245 84
246 84
247 50
248 75
249 83
250 83
251 50
252 66
253 83
254 83
255 49
256 75
257 83
258 83
259 50
260 75
261 83
262 83
263 50
264 66
265 84
266 84
267 50
268 75
269 83
270 83
271 50
272 75
273 84
274 84
275 50
276 66
277 84
278 84
279 50
280 75
281 83
282 83
283 50
284 74
285 84
286 84
287 50
288 66
289 84
290 84
291 50
292 75
293 83
294 83
295 50
296 74
297 84
298 84
299 50
300 67
301 83
302 83
303 58
304 75
305 83
306 83
307 49
308 75
309 83
310 83
311 50
312 67
313 83
314 83
315 58
316 75
317 83
318 83
319 50
320 75
321 83
322 83
323 50
324 67
325 83
326 83
327 58
328 75
329 83
330 83
331 50
332 75
333 83
334 83
335 50
336 67
337 83
338 83
339 58
340 75
341 83
342 83
343 50
344 75
345 83
346 83
347 50
348 67
349 83
350 83
351 58
352 75
353 83
354 83
355 58
356 75
357 83
358 83
359 50
360 67
361 83
362 83
363 58
364 75
365 83
366 83
367 58
368 75
369 83
370 83
371 49
372 67
373 83
374 83
375 58
376 75
377 84
378 84
379 58
380 75
381 83
382 83
383 50
384 66
385 83
386 83
387 59
388 74
389 84
390 84
391 58
392 75
393 83
394 83
395 50
396 66
397 83
398 83
399 59
400 75
401 83
402 83
403 58
404 75
405 83
406 83
407 50
408 66
409 83
410 83
411 59
412 75
413 83
414 83
415 58
416 75
417 83
418 83
419 50
420 66
421 84
422 84
423 58
424 75
425 83
426 83
427 58
428 75
429 84
430 84
431 50
432 66
433 84
434 84
435 58
436 75
437 83
438 83
439 59
440 74
441 84
442 84
443 50
444 67
445 83
446 83
447 58
448 75
449 83
450 83
451 59
452 75
453 83
454 83
455 50
456 67
457 83
458 83
459 58
460 75
461 83
462 83
463 59
464 75
465 83
466 83
467 50
468 67
469 83
470 83
471 58
472 75
473 83
474 83
475 58
476 75
477 83
478 83
479 50
480 67
481 83
482 83
483 58
484 75
485 83
486 83
487 58
488 75
489 83
490 83
491 50
492 67
493 83
494 83
495 58
496 75
497 83
498 83
499 58
500 75
501 83
502 49
503 50
504 83
505 83
506 83
507 58
508 75
509 83
510 83
511 58
512 75
513 83
514 50
515 49
516 83
517 83
518 83
519 58
520 75
521 84
522 84
523 58
524 75
525 83
526 50
527 50
528 83
529 83
530 83
531 59
532 74
533 84
534 84
535 58
536 75
537 83
538 50
539 50
540 83
541 83
542 83
543 59
544 74
545 84
546 84
547 58
548 75
549 83
550 50
551 50
552 83
553 83
554 49
555 59
556 75
557 83
558 83
559 58
560 75
561 83
562 50
563 50
564 84
565 84
566 50
567 58
568 75
569 83
570 83
571 58
572 75
573 84
574 50
575 50
576 84
577 84
578 50
579 58
580 75
581 83
582 83
583 59
584 74
585 84
586 50
587 50
588 84
589 84
590 50
591 58
592 75
593 83
594 83
595 59
596 74
597 84
598 50
599 50
600 83
601 83
602 50
603 58
604 75
605 83
606 49
607 59
608 75
609 83
610 50
611 67
612 83
613 83
614 50
615 58
616 75
617 83
618 50
619 58
620 75
621 83
622 50
623 67
624 83
625 83
626 50
627 58
628 75
629 83
630 50
631 58
632 75
633 83
634 50
635 67
636 83
637 83
638 50
639 58
640 75
641 83
642 50
643 58
644 75
645 83
646 50
647 67
648 83
649 83
650 50
651 58
652 75
653 83
654 50
655 58
656 75
657 83
658 49
659 67
660 83
661 83
662 50
663 58
664 83
665 83
666 50
667 58
668 75
669 83
670 50
671 67
672 83
673 83
674 50
675 58
676 84
677 84
678 50
679 58
680 75
681 83
682 50
683 66
684 83
685 83
686 50
687 59
688 84
689 84
690 50
691 58
692 75
693 83
694 50
695 66
696 83
697 83
698 50
699 59
700 83
701 83
702 50
703 58
704 75
705 83
706 50
707 66
708 83
709 83
710 49
711 59
712 83
713 83
714 50
715 58
716 83
717 83
718 50
719 66
720 84
721 84
722 50
723 58
724 83
725 83
726 50
727 58
728 84
729 84
730 50
731 66
732 84
733 84
734 50
735 58
736 83
737 83
738 50
739 59
740 84
741 84
742 50
743 67
744 83
745 83
746 50
747 58
748 83
749 83
750 50
751 59
752 83
753 83
754 50
755 67
756 83
757 83
758 50
759 58
760 83
761 83
762 49
763 59
764 83
765 83
766 50
767 67
768 83
769 83
770 50
771 75
772 83
773 83
774 50
775 58
776 83
777 83
778 50
779 67
780 83
781 83
782 50
783 75
784 83
785 83
786 50
787 58
788 83
789 83
790 50
791 67
792 83
793 83
794 50
795 75
796 83
797 83
798 50
799 58
800 83
801 83
802 49
803 67
804 83
805 83
806 50
807 75
808 83
809 83
810 50
811 58
812 83
813 83
814 49
815 67
816 83
817 83
818 50
819 75
820 84
821 84
822 50
823 75
824 83
825 83
826 50
827 66
828 83
829 83
830 50
831 74
832 84
833 84
834 50
835 75
836 83
837 83
838 50
839 66
840 83
841 83
842 50
843 74
844 84
845 84
846 50
847 75
848 83
849 83
850 50
851 66
852 83
853 83
854 49
855 75
856 83
857 83
858 50
859 75
860 83
861 83
862 50
863 66
864 84
865 84
866 50
867 75
868 83
869 83
870 50
871 75
872 84
873 84
874 50
875 66
876 84
877 84
878 50
879 75
880 83
881 83
882 50
883 74
884 84
885 84
886 50
887 66
888 84
889 84
890 50
891 75
892 83
893 83
894 50
895 74
896 84
897 84
898 50
899 67
900 83
901 83
902 50
903 75
904 83
905 83
906 49
907 75
908 83
909 83
910 50
911 67
912 83
913 83
914 50
915 75
916 83
917 83
918 50
919 75
920 83
921 83
922 50
923 67
924 83
925 83
926 58
927 75
928 83
929 83
930 50
931 75
932 83
933 83
934 50
935 67
936 83
937 83
938 58
939 75
940 83
941 83
942 50
943 75
944 83
945 83
946 50
947 67
948 83
949 83
950 58
951 75
952 83
953 83
954 50
955 75
956 83
957 83
958 50
959 67
960 83
961 83
962 58
963 75
964 83
965 83
966 50
967 75
968 83
969 83
970 49
971 67
972 83
973 83
974 58
975 75
976 84
977 84
978 58
979 75
980 83
981 83
982 50
983 66
984 83
985 83
986 59
987 74
988 84
989 84
990 58
991 75
992 83
993 83
994 50
995 66
996 83
997 83
998 59
999 75
