0 0
1 11
2 11
3 58
4 66
5 75
6 75
7 75
8 75
9 75
10 75
11 75
12 75
13 75
14 75
15 75
16 75
17 75
18 75
19 75
20 75
21 75
22 75
23 75
24 75
25 75
26 75
27 75
28 75
29 75
30 75
31 75
32 75
33 75
34 75
35 75
36 75
37 75
38 75
39 75
40 75
41 75
42 75
43 75
44 75
45 75
46 75
47 75
48 75
49 75
50 75
51 75
52 75
53 75
54 75
55 75
56 75
57 75
58 75
59 75
60 75
61 75
62 75
63 75
64 75
65 75
66 75
67 75
68 75
69 75
70 75
71 75
72 75
73 75
74 75
75 75
76 75
77 75
78 75
79 75
80 75
81 75
82 75
83 75
84 75
85 75
86 75
87 75
88 75
89 75
90 75
91 75
92 75
93 75
94 75
95 75
96 75
97 75
98 75
99 75
100 75
101 75
102 75
103 75
104 75
105 75
106 75
107 75
108 75
109 75
110 75
111 75
112 75
113 75
114 75
115 75
116 75
117 75
118 75
119 75
120 75
121 75
122 75
123 75
124 75
125 75
126 75
127 75
128 75
129 75
130 75
131 75
132 75
133 75
134 75
135 75
136 75
137 75
138 75
139 75
140 75
141 75
142 75
143 75
144 75
145 75
146 75
147 75
148 75
149 75
150 75
151 75
152 75
153 75
154 75
155 75
156 75
157 75
158 75
159 75
160 75
161 75
162 75
163 75
164 75
165 75
166 75
167 75
168 75
169 75
170 75
171 75
172 75
173 75
174 75
175 75
176 75
177 75
178 75
179 75
180 75
181 75
182 83
183 83
184 83
185 83
186 83
187 83
188 83
189 83
190 83
191 83
192 83
193 83
194 83
195 83
196 83
197 83
198 83
199 83
200 83
201 83
202 83
203 83
204 83
205 83
206 83
207 83
208 83
209 83
210 83
211 83
212 83
213 83
214 83
215 83
216 83
217 83
218 83
219 83
220 83
221 83
222 83
223 83
224 83
225 83
226 83
227 83
228 83
229 83
230 83
231 83
232 83
233 83
234 83
235 83
236 83
237 83
238 83
239 83
240 83
241 83
242 83
243 83
244 83
245 83
246 83
247 83
248 83
249 83
250 83
251 83
252 83
253 83
254 83
255 83
256 83
257 83
258 83
259 83
260 83
261 83
262 75
263 83
264 83
265 83
266 83
267 83
268 83
269 83
270 83
271 83
272 83
273 83
274 83
275 83
276 83
277 83
278 83
279 83
280 83
281 83
282 83
283 83
284 83
285 83
286 83
287 83
288 83
289 83
290 83
291 83
292 83
293 83
294 83
295 83
296 83
297 83
298 83
299 83
300 83
301 83
302 83
303 83
304 83
305 83
306 83
307 83
308 83
309 83
310 83
311 83
312 83
313 83
314 83
315 83
316 83
317 83
318 83
319 83
320 83
321 83
322 83
323 83
324 83
325 83
326 83
327 83
328 83
329 83
330 83
331 83
332 83
333 83
334 83
335 83
336 83
337 83
338 83
339 83
340 83
341 83
342 83
343 83
344 83
345 83
346 83
347 83
348 83
349 83
350 83
351 83
352 83
353 83
354 83
355 83
356 83
357 83
358 83
359 83
360 83
361 83
362 83
363 83
364 83
365 83
366 83
367 83
368 83
369 83
370 83
371 83
372 83
373 83
374 83
375 83
376 83
377 83
378 83
379 83
380 83
381 83
382 83
383 83
384 83
385 83
386 83
387 83
388 83
389 83
390 83
391 83
392 83
393 83
394 83
395 83
396 83
397 83
398 83
399 83
400 83
401 83
402 83
403 83
404 83
405 83
406 83
407 83
408 83
409 83
410 83
411 83
412 83
413 83
414 83
415 83
416 83
417 83
418 83
419 83
420 83
421 83
422 83
423 83
424 83
425 83
426 83
427 83
428 83
429 83
430 83
431 83
432 83
433 83
434 83
435 83
436 83
437 83
438 83
439 83
440 83
441 83
442 83
443 83
444 83
445 83
446 83
447 83
448 83
449 83
450 74
451 84
452 84
453 84
454 84
455 84
456 84
457 84
458 84
459 84
460 84
461 84
462 84
463 84
464 84
465 84
466 84
467 84
468 84
469 84
470 84
471 84
472 84
473 84
474 84
475 84
476 84
477 84
478 84
479 84
480 84
481 84
482 84
483 84
484 84
485 84
486 84
487 84
488 84
489 84
490 84
491 84
492 84
493 84
494 84
495 84
496 84
497 84
498 84
499 84
500 84
501 84
502 84
503 84
504 84
505 84
506 84
507 84
508 84
509 84
510 84
511 84
512 84
513 84
514 84
515 84
516 84
517 84
518 84
519 84
520 84
521 84
522 84
523 84
524 84
525 84
526 84
527 84
528 84
529 84
530 84
531 84
532 84
533 84
534 84
535 84
536 84
537 84
538 84
539 84
540 84
541 84
542 84
543 84
544 84
545 84
546 84
547 84
548 84
549 84
550 84
551 84
552 84
553 84
554 84
555 84
556 84
557 84
558 84
559 84
560 84
561 84
562 84
563 84
564 84
565 84
566 84
567 84
568 84
569 84
570 84
571 84
572 84
573 84
574 84
575 84
576 84
577 84
578 84
579 84
580 84
581 84
582 84
583 84
584 84
585 84
586 84
587 84
588 84
589 84
590 84
591 84
592 84
593 84
594 84
595 84
596 84
597 84
598 84
599 84
600 84
601 84
602 84
603 84
604 84
605 84
606 84
607 84
608 84
609 84
610 84
611 84
612 84
613 84
614 84
615 84
616 84
617 84
618 84
619 84
620 84
621 84
622 84
623 84
624 84
625 84
626 84
627 84
628 84
629 84
630 84
631 84
632 84
633 84
634 84
635 84
636 84
637 84
638 83
639 83
640 83
641 83
642 83
643 83
644 83
645 83
646 83
647 83
648 83
649 83
650 83
651 83
652 83
653 83
654 83
655 83
656 83
657 83
658 83
659 83
660 83
661 83
662 83
663 83
664 83
665 83
666 83
667 83
668 83
669 83
670 83
671 83
672 83
673 83
674 83
675 83
676 83
677 83
678 83
679 83
680 83
681 83
682 83
683 83
684 83
685 83
686 83
687 83
688 83
689 83
690 83
691 83
692 83
693 83
694 83
695 83
696 83
697 83
698 83
699 83
700 83
701 83
702 83
703 83
704 83
705 83
706 83
707 83
708 83
709 83
710 83
711 83
712 83
713 83
714 83
715 83
716 83
717 83
718 83
719 83
720 83
721 83
722 83
723 83
724 83
725 83
726 83
727 83
728 83
729 83
730 83
731 83
732 83
733 83
734 83
735 83
736 83
737 83
738 83
739 83
740 83
741 83
742 83
743 83
744 83
745 83
746 83
747 83
748 83
749 83
750 83
751 83
752 83
753 83
754 83
755 83
756 83
757 83
758 83
759 83
760 83
761 83
762 83
763 83
764 83
765 83
766 83
767 83
768 83
769 83
770 83
771 83
772 83
773 83
774 83
775 83
776 83
777 83
778 83
779 83
780 83
781 83
782 83
783 83
784 83
785 83
786 83
787 83
788 83
789 83
790 83
791 83
792 83
793 83
794 83
795 83
796 83
797 83
798 83
799 83
800 83
801 83
802 83
803 83
804 83
805 83
806 83
807 83
808 83
809 83
810 83
811 83
812 83
813 83
814 83
815 83
816 83
817 83
818 83
819 83
820 83
821 83
822 83
823 83
824 83
825 83
826 83
827 83
828 83
829 83
830 83
831 83
832 83
833 83
834 83
835 83
836 83
837 83
838 83
839 83
840 83
841 83
842 83
843 83
844 83
845 83
846 83
847 83
848 83
849 83
850 83
851 83
852 83
853 83
854 83
855 83
856 83
857 83
858 83
859 83
860 83
861 83
862 83
863 83
864 83
865 83
866 83
867 83
868 83
869 83
870 83
871 83
872 83
873 83
874 83
875 83
876 83
877 83
878 83
879 83
880 83
881 83
882 83
883 83
884 83
885 83
886 83
887 83
888 83
889 83
890 83
891 83
892 83
893 83
894 83
895 83
896 83
897 83
898 83
899 83
900 83
901 83
902 83
903 83
904 83
905 83
906 83
907 83
908 83
909 83
910 83
911 83
912 83
913 83
914 83
915 83
916 83
917 83
918 83
919 83
920 83
921 83
922 83
923 83
924 83
925 83
926 83
927 83
928 83
929 83
930 83
931 83
932 83
933 83
934 83
935 83
936 83
937 83
938 83
939 83
940 83
941 83
942 83
943 83
944 83
945 83
946 83
947 83
948 83
949 83
950 83
951 83
952 83
953 83
954 83
955 83
956 83
957 83
958 83
959 83
960 83
961 83
962 83
963 83
964 83
965 83
966 83
967 83
968 83
969 83
970 83
971 83
972 83
973 83
974 83
975 83
976 83
977 83
978 83
979 83
980 83
981 83
982 83
983 83
984 83
985 83
986 83
987 83
988 83
989 83
990 83
991 83
992 83
993 83
994 83
995 83
996 83
997 83
998 83
999 83
