0 0.0
1 1.2
2 0.0
3 0.0
4 0.4
5 0.7
6 0.1
7 0.3
8 0.1
9 1.0
10 0.0
11 0.0
12 0.0
13 0.0
14 1.0
15 0.1
16 0.1
17 0.4
18 0.0
19 0.6
20 0.0
21 0.0
22 0.4
23 0.8
24 0.0
25 0.0
26 0.0
27 0.3
28 0.6
29 0.0
30 0.0
31 0.0
32 0.1
33 0.6
34 0.3
35 0.0
36 0.0
37 0.6
38 0.3
39 0.0
40 0.0
41 0.0
42 0.6
43 0.3
44 0.0
45 0.0
46 0.0
47 0.9
48 0.0
49 0.0
50 0.1
51 1.0
52 0.1
53 0.1
54 0.0
55 0.3
56 0.6
57 0.0
58 0.0
59 0.3
60 0.3
61 0.6
62 0.0
63 0.0
64 0.0
65 0.6
66 0.0
67 0.5
68 0.0
69 0.0
70 0.6
71 0.3
72 0.0
73 0.0
74 0.0
75 0.6
76 0.3
77 0.0
78 0.0
79 0.6
80 0.0
81 0.3
82 0.0
83 0.0
84 0.9
85 0.1
86 0.2
87 0.2
88 0.0
89 1.0
90 0.0
91 0.0
92 0.0
93 1.0
94 0.1
95 0.3
96 0.0
97 0.1
98 0.6
99 0.0
100 0.3
101 0.1
102 0.3
103 0.5
104 0.2
105 0.4
106 0.0
107 0.6
108 0.0
109 0.4
110 0.1
111 0.1
112 0.8
113 0.1
114 0.3
115 0.0
116 0.2
117 0.8
118 0.1
119 0.1
120 0.2
121 0.7
122 0.3
123 0.0
124 0.0
125 0.1
126 0.7
127 0.4
128 0.2
129 0.1
130 0.2
131 0.4
132 0.0
133 0.4
134 0.1
135 0.7
136 0.2
137 0.1
138 0.3
139 0.0
140 0.6
141 0.1
142 0.1
143 0.4
144 0.4
145 0.5
146 0.0
147 0.3
148 0.0
149 0.7
150 0.1
151 0.4
152 0.2
153 0.1
154 0.6
155 0.3
156 0.0
157 0.1
158 0.3
159 0.5
160 0.5
161 0.1
162 0.0
163 0.6
164 0.0
165 0.0
166 0.2
167 0.4
168 0.8
169 0.1
170 0.0
171 0.3
172 0.2
173 0.4
174 0.2
175 0.1
176 0.5
177 0.7
178 0.0
179 0.0
180 0.3
181 0.0
182 0.8
183 0.1
184 0.5
185 0.1
186 0.2
187 0.4
188 0.3
189 0.0
190 0.2
191 0.7
192 0.2
193 0.4
194 0.0
195 0.0
196 0.6
197 0.0
198 0.1
199 0.2
200 1.1
201 0.0
202 0.1
203 0.0
204 0.3
205 0.6
206 0.1
207 0.1
208 0.3
209 0.3
210 0.7
211 0.0
212 0.0
213 0.0
214 1.0
215 0.1
216 0.1
217 0.5
218 0.1
219 0.6
220 0.0
221 0.0
222 0.4
223 0.1
224 0.7
225 0.2
226 0.1
227 0.3
228 0.6
229 0.0
230 0.1
231 0.1
232 0.1
233 1.1
234 0.1
235 0.0
236 0.0
237 0.0
238 1.0
239 0.1
240 0.1
241 0.2
242 1.0
243 0.0
244 0.0
245 0.0
246 0.1
247 1.0
248 0.1
249 0.2
250 0.4
251 0.0
252 0.6
253 0.0
254 0.1
255 0.4
256 0.7
257 0.2
258 0.1
259 0.0
260 0.3
261 0.6
262 0.1
263 0.1
264 0.1
265 0.2
266 1.0
267 0.0
268 0.0
269 0.0
270 0.7
271 0.4
272 0.1
273 0.2
274 0.1
275 0.6
276 0.3
277 0.0
278 0.0
279 0.2
280 1.0
281 0.2
282 0.1
283 0.0
284 0.9
285 0.0
286 0.0
287 0.2
288 0.4
289 0.8
290 0.1
291 0.0
292 0.0
293 0.3
294 0.6
295 0.2
296 0.1
297 0.2
298 0.7
299 0.0
300 0.3
301 0.0
302 0.0
303 0.8
304 0.4
305 0.2
306 0.1
307 0.2
308 0.4
309 0.3
310 0.0
311 0.1
312 0.8
313 0.2
314 0.3
315 0.1
316 0.0
317 0.9
318 0.0
319 0.1
320 0.1
321 0.8
322 0.4
323 0.1
324 0.0
325 0.0
326 0.9
327 0.1
328 0.1
329 0.1
330 0.2
331 0.7
332 0.0
333 0.3
334 0.0
335 0.3
336 0.5
337 0.1
338 0.5
339 0.1
340 0.6
341 0.0
342 0.3
343 0.1
344 0.1
345 0.7
346 0.2
347 0.4
348 0.0
349 0.2
350 0.7
351 0.1
352 0.1
353 0.1
354 0.8
355 0.4
356 0.0
357 0.0
358 0.0
359 0.7
360 0.4
361 0.1
362 0.2
363 0.3
364 0.4
365 0.0
366 0.3
367 0.1
368 0.7
369 0.1
370 0.2
371 0.4
372 0.0
373 0.6
374 0.0
375 0.1
376 0.4
377 0.3
378 0.6
379 0.1
380 0.3
381 0.0
382 0.6
383 0.1
384 0.4
385 0.1
386 0.2
387 0.7
388 0.3
389 0.0
390 0.0
391 0.2
392 0.6
393 0.4
394 0.2
395 0.1
396 0.6
397 0.0
398 0.0
399 0.0
400 0.5
401 0.7
402 0.2
403 0.1
404 0.3
405 0.6
406 0.0
407 0.0
408 0.2
409 0.4
410 0.8
411 0.1
412 0.0
413 0.3
414 0.0
415 0.6
416 0.2
417 0.4
418 0.2
419 0.7
420 0.0
421 0.3
422 0.0
423 0.0
424 0.7
425 0.2
426 0.5
427 0.0
428 0.1
429 0.6
430 0.0
431 0.0
432 0.1
433 1.0
434 0.3
435 0.0
436 0.1
437 0.3
438 0.6
439 0.0
440 0.1
441 0.1
442 0.4
443 0.8
444 0.1
445 0.0
446 0.0
447 0.9
448 0.1
449 0.1
450 0.4
451 0.2
452 0.7
453 0.0
454 0.0
455 0.3
456 0.1
457 0.7
458 0.1
459 0.5
460 0.1
461 0.6
462 0.0
463 0.0
464 0.1
465 0.1
466 1.0
467 0.2
468 0.1
469 0.0
470 0.0
471 0.9
472 0.1
473 0.1
474 0.1
475 1.1
476 0.1
477 0.0
478 0.0
479 0.0
480 1.0
481 0.1
482 0.1
483 0.5
484 0.1
485 0.6
486 0.0
487 0.0
488 0.4
489 0.7
490 0.1
491 0.2
492 0.1
493 0.3
494 0.6
495 0.0
496 0.1
497 0.1
498 0.1
499 1.1
500 0.1
501 0.0
502 0.0
503 0.6
504 0.3
505 0.2
506 0.1
507 0.2
508 0.7
509 0.3
510 0.0
511 0.0
512 0.2
513 0.9
514 0.1
515 0.2
516 0.1
517 0.9
518 0.0
519 0.0
520 0.0
521 0.5
522 0.7
523 0.2
524 0.1
525 0.0
526 0.5
527 0.4
528 0.0
529 0.2
530 0.1
531 0.8
532 0.1
533 0.3
534 0.0
535 0.0
536 0.6
537 0.4
538 0.2
539 0.2
540 0.2
541 0.5
542 0.3
543 0.0
544 0.0
545 0.7
546 0.1
547 0.6
548 0.0
549 0.1
550 0.9
551 0.0
552 0.0
553 0.1
554 0.6
555 0.5
556 0.2
557 0.1
558 0.0
559 0.9
560 0.0
561 0.1
562 0.1
563 0.1
564 0.8
565 0.1
566 0.3
567 0.0
568 0.2
569 0.5
570 0.1
571 0.4
572 0.2
573 0.7
574 0.0
575 0.3
576 0.0
577 0.1
578 0.7
579 0.1
580 0.5
581 0.1
582 0.2
583 0.7
584 0.0
585 0.1
586 0.1
587 0.7
588 0.5
589 0.1
590 0.0
591 0.0
592 0.6
593 0.4
594 0.1
595 0.1
596 0.4
597 0.5
598 0.0
599 0.3
600 0.0
601 0.7
602 0.1
603 0.1
604 0.5
605 0.1
606 0.6
607 0.0
608 0.0
609 0.4
610 0.7
611 0.1
612 0.2
613 0.4
614 0.0
615 0.6
616 0.3
617 0.0
618 0.2
619 0.1
620 0.8
621 0.4
622 0.0
623 0.0
624 0.6
625 0.0
626 0.5
627 0.1
628 0.2
629 0.7
630 0.0
631 0.0
632 0.0
633 0.3
634 0.8
635 0.1
636 0.2
637 0.4
638 0.6
639 0.0
640 0.0
641 0.0
642 0.5
643 0.7
644 0.2
645 0.1
646 0.3
647 0.0
648 0.6
649 0.0
650 0.4
651 0.2
652 0.8
653 0.0
654 0.4
655 0.0
656 0.0
657 0.6
658 0.1
659 0.4
660 0.3
661 0.0
662 0.7
663 0.0
664 0.0
665 0.0
666 1.0
667 0.1
668 0.1
669 0.2
670 0.4
671 0.6
672 0.0
673 0.0
674 0.1
675 0.4
676 0.7
677 0.2
678 0.1
679 0.0
680 0.9
681 0.0
682 0.1
683 0.4
684 0.1
685 0.8
686 0.1
687 0.0
688 0.3
689 0.0
690 0.7
691 0.1
692 0.4
693 0.2
694 0.7
695 0.0
696 0.0
697 0.0
698 0.1
699 1.0
700 0.1
701 0.2
702 0.1
703 0.0
704 0.9
705 0.0
706 0.1
707 0.1
708 1.0
709 0.2
710 0.1
711 0.0
712 0.0
713 0.9
714 0.1
715 0.1
716 0.4
717 0.4
718 0.5
719 0.0
720 0.0
721 0.3
722 0.7
723 0.1
724 0.1
725 0.2
726 0.4
727 0.6
728 0.0
729 0.0
730 0.1
731 0.3
732 0.8
733 0.2
734 0.1
735 0.0
736 0.6
737 0.3
738 0.0
739 0.2
740 0.1
741 0.8
742 0.4
743 0.0
744 0.0
745 0.2
746 0.7
747 0.2
748 0.1
749 0.2
750 1.0
751 0.0
752 0.0
753 0.0
754 0.3
755 0.8
756 0.1
757 0.2
758 0.1
759 0.5
760 0.4
761 0.0
762 0.0
763 0.1
764 0.8
765 0.2
766 0.3
767 0.1
768 0.0
769 0.6
770 0.3
771 0.1
772 0.1
773 0.5
774 0.4
775 0.4
776 0.0
777 0.0
778 0.6
779 0.4
780 0.1
781 0.1
782 0.2
783 1.0
784 0.0
785 0.0
786 0.0
787 0.6
788 0.5
789 0.1
790 0.2
791 0.1
792 0.9
793 0.0
794 0.0
795 0.1
796 0.1
797 0.7
798 0.2
799 0.4
800 0.0
801 0.2
802 0.4
803 0.1
804 0.4
805 0.1
806 0.8
807 0.1
808 0.3
809 0.0
810 0.0
811 0.7
812 0.1
813 0.4
814 0.2
815 0.3
816 0.7
817 0.0
818 0.0
819 0.1
820 0.7
821 0.4
822 0.2
823 0.1
824 0.0
825 0.6
826 0.3
827 0.1
828 0.1
829 0.7
830 0.2
831 0.1
832 0.3
833 0.0
834 0.6
835 0.1
836 0.1
837 0.4
838 0.2
839 0.7
840 0.0
841 0.3
842 0.0
843 0.7
844 0.1
845 0.1
846 0.5
847 0.1
848 0.6
849 0.3
850 0.0
851 0.0
852 0.2
853 0.7
854 0.5
855 0.1
856 0.0
857 0.6
858 0.0
859 0.3
860 0.2
861 0.1
862 0.8
863 0.1
864 0.0
865 0.0
866 0.3
867 0.6
868 0.2
869 0.1
870 0.5
871 0.7
872 0.0
873 0.0
874 0.0
875 0.3
876 0.7
877 0.2
878 0.2
879 0.3
880 0.1
881 0.6
882 0.0
883 0.3
884 0.1
885 0.7
886 0.3
887 0.3
888 0.1
889 0.0
890 0.6
891 0.0
892 0.4
893 0.1
894 0.1
895 0.8
896 0.1
897 0.0
898 0.0
899 0.9
900 0.1
901 0.1
902 0.1
903 0.5
904 0.7
905 0.0
906 0.0
907 0.0
908 0.4
909 0.7
910 0.1
911 0.2
912 0.1
913 0.9
914 0.0
915 0.0
916 0.4
917 0.1
918 0.7
919 0.2
920 0.1
921 0.3
922 0.2
923 0.4
924 0.1
925 0.4
926 0.1
927 0.8
928 0.1
929 0.0
930 0.0
931 0.0
932 1.0
933 0.1
934 0.1
935 0.2
936 0.3
937 0.7
938 0.0
939 0.0
940 0.1
941 1.0
942 0.1
943 0.2
944 0.1
945 0.0
946 0.9
947 0.0
948 0.1
949 0.4
950 0.3
951 0.6
952 0.1
953 0.0
954 0.3
955 0.6
956 0.1
957 0.1
958 0.1
959 0.5
960 0.7
961 0.0
962 0.0
963 0.0
964 0.2
965 0.9
966 0.1
967 0.2
968 0.1
969 0.6
970 0.3
971 0.0
972 0.0
973 0.2
974 0.7
975 0.5
976 0.1
977 0.0
978 0.2
979 0.7
980 0.0
981 0.2
982 0.1
983 1.1
984 0.1
985 0.0
986 0.0
987 0.3
988 0.6
989 0.1
990 0.2
991 0.2
992 0.5
993 0.5
994 0.0
995 0.0
996 0.0
997 0.7
998 0.1
999 0.6
1000 0.0
