0 0.0
1 1.2
2 0.0
3 0.0
4 0.6
5 0.3
6 0.0
7 0.0
8 0.0
9 0.6
10 0.4
11 0.0
12 0.0
13 0.0
14 0.6
15 0.0
16 0.0
17 0.3
18 0.7
19 0.0
20 0.0
21 0.3
22 0.0
23 0.6
24 0.0
25 0.1
26 0.3
27 0.0
28 0.6
29 0.0
30 0.0
31 0.3
32 0.7
33 0.0
34 0.3
35 0.0
36 0.0
37 0.6
38 0.0
39 0.4
40 0.0
41 0.0
42 0.6
43 0.0
44 0.3
45 0.0
46 0.7
47 0.0
48 0.0
49 0.0
50 0.3
51 0.6
52 0.0
53 0.1
54 0.0
55 0.5
56 0.4
57 0.0
58 0.0
59 0.3
60 0.6
61 0.1
62 0.0
63 0.0
64 0.3
65 0.6
66 0.0
67 0.4
68 0.0
69 0.2
70 0.4
71 0.0
72 0.3
73 0.0
74 0.7
75 0.0
76 0.0
77 0.3
78 0.0
79 0.6
80 0.0
81 0.1
82 0.0
83 0.5
84 0.4
85 0.0
86 0.0
87 0.0
88 0.9
89 0.1
90 0.0
91 0.0
92 0.0
93 0.9
94 0.0
95 0.0
96 0.0
97 0.6
98 0.4
99 0.0
100 0.0
101 0.3
102 0.6
103 0.0
104 0.0
105 0.4
106 0.0
107 0.6
108 0.0
109 0.0
110 0.3
111 0.2
112 0.4
113 0.1
114 0.0
115 0.0
116 0.6
117 0.3
118 0.0
119 0.0
120 0.0
121 0.9
122 0.1
123 0.0
124 0.0
125 0.2
126 0.7
127 0.0
128 0.0
129 0.0
130 0.7
131 0.3
132 0.0
133 0.0
134 0.3
135 0.6
136 0.0
137 0.0
138 0.4
139 0.2
140 0.4
141 0.0
142 0.0
143 0.3
144 0.6
145 0.0
146 0.1
147 0.0
148 0.0
149 0.6
150 0.3
151 0.0
152 0.0
153 0.2
154 0.5
155 0.3
156 0.0
157 0.0
158 0.6
159 0.3
160 0.0
161 0.0
162 0.1
163 0.6
164 0.3
165 0.0
166 0.0
167 0.9
168 0.0
169 0.0
170 0.1
171 0.0
172 0.9
173 0.0
174 0.0
175 0.0
176 0.0
177 0.9
178 0.1
179 0.0
180 0.0
181 0.6
182 0.0
183 0.3
184 0.0
185 0.0
186 0.7
187 0.0
188 0.3
189 0.0
190 0.0
191 0.6
192 0.0
193 0.3
194 0.1
195 0.6
196 0.0
197 0.3
198 0.0
199 0.0
200 0.6
201 0.3
202 0.1
203 0.0
204 0.0
205 0.9
206 0.0
207 0.0
208 0.0
209 0.6
210 0.4
211 0.0
212 0.0
213 0.0
214 0.6
215 0.0
216 0.0
217 0.3
218 0.1
219 0.6
220 0.0
221 0.3
222 0.0
223 0.6
224 0.0
225 0.0
226 0.4
227 0.0
228 0.6
229 0.0
230 0.3
231 0.0
232 0.0
233 0.6
234 0.3
235 0.1
236 0.0
237 0.6
238 0.3
239 0.0
240 0.0
241 0.0
242 0.6
243 0.4
244 0.0
245 0.0
246 0.0
247 0.6
248 0.0
249 0.0
250 0.3
251 0.7
252 0.0
253 0.0
254 0.3
255 0.0
256 0.6
257 0.0
258 0.0
259 0.4
260 0.2
261 0.4
262 0.0
263 0.0
264 0.3
265 0.6
266 0.0
267 0.4
268 0.0
269 0.0
270 0.6
271 0.0
272 0.3
273 0.0
274 0.2
275 0.5
276 0.2
277 0.1
278 0.0
279 0.6
280 0.0
281 0.0
282 0.0
283 0.4
284 0.6
285 0.0
286 0.0
287 0.0
288 0.5
289 0.4
290 0.0
291 0.1
292 0.3
293 0.6
294 0.0
295 0.0
296 0.0
297 0.3
298 0.6
299 0.1
300 0.3
301 0.0
302 0.2
303 0.4
304 0.0
305 0.3
306 0.0
307 0.7
308 0.0
309 0.0
310 0.3
311 0.0
312 0.6
313 0.0
314 0.0
315 0.1
316 0.5
317 0.4
318 0.0
319 0.0
320 0.0
321 0.9
322 0.0
323 0.1
324 0.0
325 0.0
326 0.9
327 0.0
328 0.0
329 0.0
330 0.5
331 0.5
332 0.0
333 0.0
334 0.3
335 0.6
336 0.0
337 0.0
338 0.3
339 0.1
340 0.6
341 0.0
342 0.0
343 0.3
344 0.2
345 0.4
346 0.0
347 0.0
348 0.1
349 0.6
350 0.3
351 0.0
352 0.0
353 0.0
354 0.9
355 0.0
356 0.1
357 0.0
358 0.2
359 0.7
360 0.0
361 0.0
362 0.0
363 0.6
364 0.4
365 0.0
366 0.0
367 0.3
368 0.6
369 0.0
370 0.0
371 0.3
372 0.7
373 0.0
374 0.0
375 0.0
376 0.3
377 0.6
378 0.0
379 0.0
380 0.1
381 0.0
382 0.6
383 0.3
384 0.0
385 0.0
386 0.6
387 0.0
388 0.4
389 0.0
390 0.0
391 0.6
392 0.3
393 0.0
394 0.0
395 0.0
396 0.7
397 0.3
398 0.0
399 0.0
400 0.9
401 0.0
402 0.0
403 0.0
404 0.1
405 0.9
406 0.0
407 0.0
408 0.0
409 0.0
410 0.9
411 0.0
412 0.1
413 0.0
414 0.6
415 0.0
416 0.3
417 0.0
418 0.0
419 0.6
420 0.1
421 0.3
422 0.0
423 0.0
424 0.6
425 0.0
426 0.3
427 0.0
428 0.7
429 0.0
430 0.3
431 0.0
432 0.0
433 0.8
434 0.1
435 0.0
436 0.1
437 0.0
438 0.9
439 0.0
440 0.0
441 0.0
442 0.6
443 0.3
444 0.1
445 0.0
446 0.0
447 0.6
448 0.0
449 0.0
450 0.3
451 0.0
452 0.7
453 0.0
454 0.3
455 0.0
456 0.6
457 0.0
458 0.0
459 0.3
460 0.0
461 0.7
462 0.0
463 0.3
464 0.0
465 0.0
466 0.6
467 0.3
468 0.0
469 0.1
470 0.6
471 0.3
472 0.0
473 0.0
474 0.0
475 0.6
476 0.3
477 0.1
478 0.0
479 0.2
480 0.4
481 0.0
482 0.0
483 0.3
484 0.6
485 0.1
486 0.0
487 0.3
488 0.0
489 0.6
490 0.0
491 0.0
492 0.3
493 0.3
494 0.4
495 0.0
496 0.0
497 0.3
498 0.6
499 0.0
500 0.3
501 0.1
502 0.0
503 0.6
504 0.0
505 0.3
506 0.0
507 0.2
508 0.4
509 0.4
510 0.0
511 0.0
512 0.6
513 0.0
514 0.0
515 0.0
516 0.3
517 0.7
518 0.0
519 0.0
520 0.0
521 0.5
522 0.4
523 0.0
524 0.0
525 0.4
526 0.6
527 0.0
528 0.0
529 0.0
530 0.3
531 0.6
532 0.0
533 0.4
534 0.0
535 0.2
536 0.4
537 0.0
538 0.3
539 0.0
540 0.6
541 0.1
542 0.0
543 0.3
544 0.0
545 0.6
546 0.0
547 0.0
548 0.0
549 0.6
550 0.4
551 0.0
552 0.0
553 0.0
554 0.9
555 0.0
556 0.0
557 0.1
558 0.0
559 0.9
560 0.0
561 0.0
562 0.0
563 0.5
564 0.4
565 0.1
566 0.0
567 0.3
568 0.6
569 0.0
570 0.0
571 0.3
572 0.0
573 0.6
574 0.1
575 0.0
576 0.3
577 0.2
578 0.4
579 0.0
580 0.0
581 0.0
582 0.7
583 0.3
584 0.0
585 0.0
586 0.0
587 0.9
588 0.0
589 0.0
590 0.1
591 0.6
592 0.3
593 0.0
594 0.0
595 0.0
596 0.9
597 0.0
598 0.1
599 0.0
600 0.3
601 0.6
602 0.0
603 0.0
604 0.3
605 0.6
606 0.1
607 0.0
608 0.0
609 0.3
610 0.6
611 0.0
612 0.0
613 0.0
614 0.1
615 0.6
616 0.3
617 0.0
618 0.0
619 0.6
620 0.0
621 0.3
622 0.1
623 0.0
624 0.6
625 0.3
626 0.0
627 0.0
628 0.0
629 0.6
630 0.4
631 0.0
632 0.0
633 0.9
634 0.0
635 0.0
636 0.0
637 0.0
638 1.0
639 0.0
640 0.0
641 0.0
642 0.0
643 0.9
644 0.0
645 0.0
646 0.1
647 0.6
648 0.0
649 0.3
650 0.0
651 0.0
652 0.6
653 0.0
654 0.4
655 0.0
656 0.0
657 0.6
658 0.3
659 0.0
660 0.0
661 0.6
662 0.1
663 0.3
664 0.0
665 0.0
666 0.9
667 0.0
668 0.0
669 0.0
670 0.1
671 0.9
672 0.0
673 0.0
674 0.0
675 0.6
676 0.3
677 0.0
678 0.1
679 0.0
680 0.6
681 0.0
682 0.0
683 0.3
684 0.2
685 0.4
686 0.0
687 0.4
688 0.0
689 0.6
690 0.0
691 0.0
692 0.3
693 0.0
694 0.6
695 0.1
696 0.3
697 0.0
698 0.2
699 0.4
700 0.3
701 0.0
702 0.0
703 0.7
704 0.3
705 0.0
706 0.0
707 0.0
708 0.6
709 0.3
710 0.0
711 0.1
712 0.2
713 0.4
714 0.0
715 0.0
716 0.3
717 0.6
718 0.0
719 0.1
720 0.3
721 0.0
722 0.6
723 0.0
724 0.0
725 0.3
726 0.2
727 0.5
728 0.0
729 0.0
730 0.3
731 0.6
732 0.0
733 0.3
734 0.0
735 0.1
736 0.6
737 0.0
738 0.3
739 0.0
740 0.2
741 0.4
742 0.3
743 0.1
744 0.0
745 0.6
746 0.0
747 0.0
748 0.0
749 0.3
750 0.6
751 0.1
752 0.0
753 0.0
754 0.5
755 0.4
756 0.0
757 0.0
758 0.3
759 0.7
760 0.0
761 0.0
762 0.0
763 0.3
764 0.6
765 0.0
766 0.3
767 0.1
768 0.2
769 0.4
770 0.0
771 0.3
772 0.0
773 0.6
774 0.0
775 0.1
776 0.3
777 0.0
778 0.6
779 0.0
780 0.0
781 0.0
782 0.5
783 0.5
784 0.0
785 0.0
786 0.0
787 0.9
788 0.0
789 0.0
790 0.0
791 0.1
792 0.9
793 0.0
794 0.0
795 0.0
796 0.9
797 0.0
798 0.0
799 0.0
800 0.4
801 0.6
802 0.0
803 0.0
804 0.3
805 0.0
806 0.6
807 0.0
808 0.1
809 0.3
810 0.6
811 0.0
812 0.0
813 0.0
814 0.0
815 0.6
816 0.4
817 0.0
818 0.0
819 0.0
820 0.9
821 0.0
822 0.0
823 0.0
824 0.7
825 0.3
826 0.0
827 0.0
828 0.0
829 0.9
830 0.0
831 0.0
832 0.1
833 0.3
834 0.6
835 0.0
836 0.0
837 0.3
838 0.6
839 0.0
840 0.1
841 0.0
842 0.3
843 0.6
844 0.0
845 0.0
846 0.0
847 0.0
848 0.7
849 0.3
850 0.0
851 0.0
852 0.6
853 0.3
854 0.0
855 0.0
856 0.1
857 0.6
858 0.3
859 0.0
860 0.0
861 0.0
862 0.6
863 0.3
864 0.1
865 0.0
866 0.9
867 0.0
868 0.0
869 0.0
870 0.0
871 0.9
872 0.1
873 0.0
874 0.0
875 0.0
876 0.9
877 0.0
878 0.0
879 0.0
880 0.7
881 0.0
882 0.3
883 0.0
884 0.0
885 0.6
886 0.0
887 0.3
888 0.1
889 0.2
890 0.4
891 0.3
892 0.0
893 0.0
894 0.6
895 0.0
896 0.4
897 0.0
898 0.0
899 0.9
900 0.0
901 0.0
902 0.0
903 0.2
904 0.8
905 0.0
906 0.0
907 0.0
908 0.6
909 0.3
910 0.0
911 0.0
912 0.0
913 0.7
914 0.0
915 0.3
916 0.0
917 0.2
918 0.4
919 0.0
920 0.3
921 0.1
922 0.6
923 0.0
924 0.0
925 0.3
926 0.0
927 0.6
928 0.0
929 0.4
930 0.0
931 0.2
932 0.4
933 0.3
934 0.0
935 0.0
936 0.6
937 0.4
938 0.0
939 0.0
940 0.0
941 0.6
942 0.3
943 0.0
944 0.0
945 0.3
946 0.4
947 0.0
948 0.0
949 0.3
950 0.6
951 0.0
952 0.0
953 0.4
954 0.0
955 0.6
956 0.0
957 0.0
958 0.3
959 0.2
960 0.4
961 0.1
962 0.0
963 0.3
964 0.6
965 0.0
966 0.3
967 0.0
968 0.0
969 0.7
970 0.3
971 0.0
972 0.0
973 0.2
974 0.4
975 0.3
976 0.0
977 0.1
978 0.6
979 0.0
980 0.0
981 0.0
982 0.3
983 0.6
984 0.0
985 0.1
986 0.0
987 0.5
988 0.4
989 0.0
990 0.0
991 0.3
992 0.6
993 0.1
994 0.0
995 0.0
996 0.3
997 0.6
998 0.0
999 0.3
1000 0.0
