0 0.0
1 50240.0
2 16640.0
3 53248.0
4 56576.0
5 49920.0
6 32448.0
7 54912.0
8 64896.0
9 51584.0
10 39104.0
11 8320.0
12 83200.0
13 45760.0
14 40768.0
15 45760.0
16 60736.0
17 29952.0
18 35776.0
19 42432.0
20 31616.0
21 57408.0
22 43264.0
23 43264.0
24 44096.0
25 14976.0
26 79040.0
27 35776.0
28 40768.0
29 46592.0
30 54080.0
31 34944.0
32 49088.0
33 53248.0
34 28288.0
35 57408.0
36 61568.0
37 48256.0
38 44928.0
39 22464.0
40 61568.0
41 53248.0
42 45760.0
43 46592.0
44 46592.0
45 44928.0
46 46592.0
47 53248.0
48 20800.0
49 53248.0
50 58240.0
51 37440.0
52 33280.0
53 19968.0
54 71552.0
55 33280.0
56 43264.0
57 29120.0
58 70720.0
59 34112.0
60 49088.0
61 50752.0
62 8320.0
63 77376.0
64 46592.0
65 40768.0
66 39936.0
67 29952.0
68 74880.0
69 48256.0
70 45760.0
71 46592.0
72 59072.0
73 32448.0
74 56576.0
75 53248.0
76 20800.0
77 66560.0
78 53248.0
79 37440.0
80 44096.0
81 34112.0
82 54080.0
83 41600.0
84 47424.0
85 33280.0
86 59904.0
87 34944.0
88 44096.0
89 41600.0
90 14976.0
91 74048.0
92 49920.0
93 39104.0
94 45760.0
95 24128.0
96 78208.0
97 34112.0
98 49088.0
99 34112.0
100 67392.0
101 48256.0
102 62400.0
103 46592.0
104 26624.0
105 69056.0
106 43264.0
107 47424.0
108 45760.0
109 39936.0
110 66560.0
111 24128.0
112 58240.0
113 39104.0
114 60736.0
115 34944.0
116 59072.0
117 39104.0
118 18304.0
119 56576.0
120 54912.0
121 37440.0
122 36608.0
123 26624.0
124 73216.0
125 35776.0
126 50752.0
127 34112.0
128 57408.0
129 52416.0
130 43264.0
131 43264.0
132 25792.0
133 73216.0
134 54912.0
135 30784.0
136 60736.0
137 36608.0
138 74048.0
139 35776.0
140 37440.0
141 54912.0
142 66560.0
143 45760.0
144 37440.0
145 50752.0
146 22464.0
147 68224.0
148 49088.0
149 28288.0
150 54080.0
151 25792.0
152 60736.0
153 40768.0
154 42432.0
155 31616.0
156 61568.0
157 29952.0
158 63232.0
159 42432.0
160 22464.0
161 67392.0
162 51584.0
163 37440.0
164 39104.0
165 32448.0
166 74048.0
167 49920.0
168 42432.0
169 48256.0
170 64064.0
171 44096.0
172 53248.0
173 36608.0
174 34944.0
175 72384.0
176 49088.0
177 36608.0
178 46592.0
179 29120.0
180 71552.0
181 49088.0
182 39936.0
183 38272.0
184 57408.0
185 37440.0
186 46592.0
187 34944.0
188 12480.0
189 78208.0
190 34944.0
191 53248.0
192 38272.0
193 56576.0
194 42432.0
195 30784.0
196 59904.0
197 33280.0
198 66560.0
199 42432.0
200 56576.0
201 41600.0
202 29952.0
203 73216.0
204 49088.0
205 45760.0
206 42432.0
207 64064.0
208 44928.0
209 44928.0
210 49920.0
211 11648.0
212 77376.0
213 49920.0
214 54912.0
215 32448.0
216 24960.0
217 67392.0
218 39104.0
219 26624.0
220 48256.0
221 56576.0
222 38272.0
223 40768.0
224 57408.0
225 25792.0
226 59904.0
227 40768.0
228 44096.0
229 54080.0
230 14976.0
231 79040.0
232 44096.0
233 47424.0
234 49088.0
235 41600.0
236 62400.0
237 55744.0
238 54912.0
239 22464.0
240 72384.0
241 45760.0
242 50752.0
243 37440.0
244 7488.0
245 89856.0
246 43264.0
247 46592.0
248 39936.0
249 63232.0
250 29952.0
251 39104.0
252 40768.0
253 30784.0
254 63232.0
255 46592.0
256 39936.0
257 44096.0
258 14976.0
259 79040.0
260 35776.0
261 43264.0
262 49920.0
263 56576.0
264 36608.0
265 50752.0
266 53248.0
267 28288.0
268 57408.0
269 64064.0
270 51584.0
271 47424.0
272 24128.0
273 63232.0
274 53248.0
275 45760.0
276 46592.0
277 49088.0
278 48256.0
279 49088.0
280 54912.0
281 20800.0
282 54080.0
283 56576.0
284 35776.0
285 34112.0
286 37440.0
287 64064.0
288 35776.0
289 46592.0
290 23296.0
291 70720.0
292 34944.0
293 52416.0
294 52416.0
295 7488.0
296 83200.0
297 45760.0
298 39104.0
299 44096.0
300 41600.0
301 61568.0
302 54080.0
303 52416.0
304 40768.0
305 63232.0
306 31616.0
307 62400.0
308 49088.0
309 19968.0
310 68224.0
311 57408.0
312 39104.0
313 44096.0
314 35776.0
315 54080.0
316 41600.0
317 44096.0
318 33280.0
319 62400.0
320 36608.0
321 42432.0
322 43264.0
323 14976.0
324 74048.0
325 45760.0
326 39104.0
327 47424.0
328 26624.0
329 76544.0
330 35776.0
331 49088.0
332 34112.0
333 63232.0
334 49088.0
335 63232.0
336 49088.0
337 27456.0
338 69888.0
339 41600.0
340 47424.0
341 44096.0
342 38272.0
343 66560.0
344 29120.0
345 59904.0
346 35776.0
347 66560.0
348 34112.0
349 53248.0
350 37440.0
351 19136.0
352 59904.0
353 51584.0
354 39104.0
355 36608.0
356 26624.0
357 71552.0
358 39104.0
359 49920.0
360 32448.0
361 59904.0
362 50752.0
363 43264.0
364 43264.0
365 22464.0
366 73216.0
367 54912.0
368 32448.0
369 60736.0
370 38272.0
371 74048.0
372 35776.0
373 34944.0
374 54080.0
375 67392.0
376 46592.0
377 37440.0
378 52416.0
379 22464.0
380 68224.0
381 46592.0
382 27456.0
383 54912.0
384 26624.0
385 60736.0
386 42432.0
387 42432.0
388 31616.0
389 62400.0
390 48256.0
391 44928.0
392 42432.0
393 21632.0
394 70720.0
395 48256.0
396 39104.0
397 38272.0
398 54912.0
399 50752.0
400 53248.0
401 44096.0
402 41600.0
403 71552.0
404 45760.0
405 51584.0
406 24960.0
407 38272.0
408 78208.0
409 48256.0
410 34112.0
411 49920.0
412 52416.0
413 47424.0
414 40768.0
415 42432.0
416 39936.0
417 59072.0
418 35776.0
419 48256.0
420 34944.0
421 12480.0
422 73216.0
423 35776.0
424 55744.0
425 39936.0
426 54912.0
427 44096.0
428 30784.0
429 59904.0
430 29120.0
431 66560.0
432 44928.0
433 58240.0
434 39936.0
435 31616.0
436 73216.0
437 49088.0
438 41600.0
439 42432.0
440 66560.0
441 50752.0
442 44096.0
443 49920.0
444 28288.0
445 59904.0
446 49088.0
447 52416.0
448 30784.0
449 27456.0
450 71552.0
451 34944.0
452 28288.0
453 49088.0
454 51584.0
455 39104.0
456 44096.0
457 59072.0
458 20800.0
459 61568.0
460 46592.0
461 38272.0
462 49920.0
463 19136.0
464 80704.0
465 42432.0
466 45760.0
467 50752.0
468 41600.0
469 62400.0
470 51584.0
471 56576.0
472 20800.0
473 75712.0
474 44928.0
475 52416.0
476 37440.0
477 7488.0
478 86528.0
479 43264.0
480 46592.0
481 41600.0
482 63232.0
483 31616.0
484 39104.0
485 40768.0
486 28288.0
487 62400.0
488 47424.0
489 40768.0
490 44096.0
491 16640.0
492 79040.0
493 37440.0
494 44096.0
495 44096.0
496 59072.0
497 39936.0
498 54080.0
499 53248.0
500 22464.0
501 59072.0
502 63232.0
503 47424.0
504 52416.0
505 34112.0
506 53248.0
507 54080.0
508 50752.0
509 41600.0
510 45760.0
511 44928.0
512 58240.0
513 51584.0
514 19136.0
515 54080.0
516 59904.0
517 32448.0
518 34112.0
519 31616.0
520 67392.0
521 36608.0
522 48256.0
523 21632.0
524 72384.0
525 34944.0
526 52416.0
527 46592.0
528 9984.0
529 84864.0
530 47424.0
531 37440.0
532 45760.0
533 41600.0
534 61568.0
535 49088.0
536 53248.0
537 43264.0
538 64896.0
539 29952.0
540 64064.0
541 49088.0
542 19968.0
543 64064.0
544 57408.0
545 41600.0
546 48256.0
547 31616.0
548 55744.0
549 45760.0
550 44928.0
551 24128.0
552 65728.0
553 40768.0
554 42432.0
555 40768.0
556 14144.0
557 75712.0
558 44096.0
559 37440.0
560 48256.0
561 24960.0
562 79040.0
563 38272.0
564 51584.0
565 29120.0
566 69056.0
567 44096.0
568 62400.0
569 45760.0
570 30784.0
571 68224.0
572 43264.0
573 47424.0
574 44096.0
575 34112.0
576 68224.0
577 27456.0
578 64064.0
579 34112.0
580 68224.0
581 34112.0
582 53248.0
583 33280.0
584 20800.0
585 58240.0
586 54912.0
587 38272.0
588 38272.0
589 26624.0
590 71552.0
591 35776.0
592 49920.0
593 32448.0
594 61568.0
595 50752.0
596 44928.0
597 45760.0
598 22464.0
599 73216.0
600 51584.0
601 32448.0
602 65728.0
603 61568.0
604 49088.0
605 38272.0
606 34944.0
607 46592.0
608 72384.0
609 46592.0
610 36608.0
611 51584.0
612 24128.0
613 70720.0
614 41600.0
615 46592.0
616 35776.0
617 50752.0
618 34944.0
619 49920.0
620 42432.0
621 28288.0
622 59904.0
623 45760.0
624 41600.0
625 45760.0
626 22464.0
627 72384.0
628 46592.0
629 40768.0
630 38272.0
631 54912.0
632 44928.0
633 56576.0
634 44928.0
635 43264.0
636 69888.0
637 47424.0
638 51584.0
639 24960.0
640 32448.0
641 80704.0
642 49920.0
643 35776.0
644 48256.0
645 54080.0
646 47424.0
647 40768.0
648 37440.0
649 40768.0
650 61568.0
651 40768.0
652 43264.0
653 36608.0
654 14976.0
655 76544.0
656 25792.0
657 59904.0
658 38272.0
659 60736.0
660 42432.0
661 33280.0
662 60736.0
663 23296.0
664 62400.0
665 50752.0
666 57408.0
667 39104.0
668 29952.0
669 80704.0
670 43264.0
671 45760.0
672 34112.0
673 70720.0
674 48256.0
675 46592.0
676 48256.0
677 29952.0
678 59904.0
679 49088.0
680 48256.0
681 31616.0
682 27456.0
683 74880.0
684 33280.0
685 29952.0
686 49088.0
687 51584.0
688 34944.0
689 45760.0
690 57408.0
691 24960.0
692 59904.0
693 48256.0
694 38272.0
695 49920.0
696 14976.0
697 82368.0
698 40768.0
699 49088.0
700 49920.0
701 69888.0
702 39936.0
703 54912.0
704 49088.0
705 17472.0
706 77376.0
707 50752.0
708 46592.0
709 40768.0
710 19136.0
711 76544.0
712 39104.0
713 51584.0
714 34944.0
715 65728.0
716 31616.0
717 46592.0
718 36608.0
719 24960.0
720 64064.0
721 45760.0
722 38272.0
723 46592.0
724 30784.0
725 68224.0
726 34112.0
727 44096.0
728 41600.0
729 58240.0
730 40768.0
731 54912.0
732 53248.0
733 22464.0
734 60736.0
735 63232.0
736 44928.0
737 49088.0
738 37440.0
739 54080.0
740 55744.0
741 49088.0
742 43264.0
743 45760.0
744 44928.0
745 52416.0
746 54912.0
747 19968.0
748 55744.0
749 58240.0
750 34112.0
751 34112.0
752 31616.0
753 61568.0
754 43264.0
755 50752.0
756 18304.0
757 74048.0
758 40768.0
759 50752.0
760 40768.0
761 24960.0
762 69888.0
763 45760.0
764 39104.0
765 46592.0
766 43264.0
767 59072.0
768 53248.0
769 52416.0
770 38272.0
771 70720.0
772 30784.0
773 60736.0
774 47424.0
775 22464.0
776 63232.0
777 51584.0
778 41600.0
779 50752.0
780 33280.0
781 54080.0
782 47424.0
783 44928.0
784 24128.0
785 61568.0
786 40768.0
787 44096.0
788 43264.0
789 12480.0
790 77376.0
791 44096.0
792 37440.0
793 44096.0
794 25792.0
795 79040.0
796 41600.0
797 49920.0
798 30784.0
799 69056.0
800 44096.0
801 58240.0
802 47424.0
803 29120.0
804 72384.0
805 41600.0
806 50752.0
807 48256.0
808 54912.0
809 39936.0
810 31616.0
811 64896.0
812 32448.0
813 70720.0
814 34944.0
815 51584.0
816 32448.0
817 17472.0
818 60736.0
819 49920.0
820 41600.0
821 39936.0
822 51584.0
823 47424.0
824 40768.0
825 44928.0
826 26624.0
827 65728.0
828 55744.0
829 40768.0
830 44096.0
831 22464.0
832 73216.0
833 49088.0
834 31616.0
835 66560.0
836 62400.0
837 49088.0
838 39936.0
839 34944.0
840 46592.0
841 69888.0
842 45760.0
843 37440.0
844 52416.0
845 24128.0
846 70720.0
847 43264.0
848 46592.0
849 33280.0
850 47424.0
851 38272.0
852 50752.0
853 44096.0
854 26624.0
855 61568.0
856 45760.0
857 41600.0
858 42432.0
859 23296.0
860 76544.0
861 44928.0
862 40768.0
863 38272.0
864 59072.0
865 44928.0
866 51584.0
867 45760.0
868 41600.0
869 71552.0
870 51584.0
871 47424.0
872 24960.0
873 34944.0
874 79040.0
875 47424.0
876 37440.0
877 48256.0
878 56576.0
879 46592.0
880 44096.0
881 35776.0
882 33280.0
883 61568.0
884 43264.0
885 44928.0
886 34944.0
887 16640.0
888 76544.0
889 25792.0
890 55744.0
891 38272.0
892 63232.0
893 44096.0
894 31616.0
895 62400.0
896 23296.0
897 62400.0
898 46592.0
899 57408.0
900 40768.0
901 32448.0
902 79040.0
903 44928.0
904 45760.0
905 34112.0
906 66560.0
907 49088.0
908 46592.0
909 54912.0
910 24960.0
911 65728.0
912 50752.0
913 42432.0
914 29120.0
915 40768.0
916 65728.0
917 33280.0
918 46592.0
919 33280.0
920 50752.0
921 34944.0
922 44928.0
923 57408.0
924 19968.0
925 64896.0
926 51584.0
927 34112.0
928 51584.0
929 29120.0
930 69056.0
931 36608.0
932 54912.0
933 44096.0
934 69888.0
935 41600.0
936 54912.0
937 49088.0
938 14976.0
939 76544.0
940 51584.0
941 47424.0
942 40768.0
943 20800.0
944 76544.0
945 39104.0
946 49088.0
947 34112.0
948 66560.0
949 32448.0
950 46592.0
951 38272.0
952 24960.0
953 64064.0
954 43264.0
955 37440.0
956 47424.0
957 31616.0
958 68224.0
959 34112.0
960 45760.0
961 44096.0
962 56576.0
963 41600.0
964 56576.0
965 48256.0
966 26624.0
967 58240.0
968 65728.0
969 44928.0
970 49088.0
971 29120.0
972 57408.0
973 60736.0
974 54080.0
975 34112.0
976 50752.0
977 49088.0
978 50752.0
979 43264.0
980 24960.0
981 56576.0
982 58240.0
983 32448.0
984 35776.0
985 34112.0
986 59072.0
987 38272.0
988 51584.0
989 20800.0
990 75712.0
991 39104.0
992 52416.0
993 40768.0
994 24960.0
995 65728.0
996 45760.0
997 41600.0
998 48256.0
999 41600.0
