0 0
1 50240
2 16640
3 41600
4 58240
5 49920
6 0
7 16640
8 33280
9 0
10 0
11 0
12 0
13 16640
14 16640
15 24960
16 8320
17 0
18 0
19 0
20 0
21 0
22 0
23 16640
24 16640
25 0
26 0
27 0
28 0
29 0
30 0
31 0
32 0
33 0
34 0
35 0
36 0
37 0
38 0
39 0
40 0
41 0
42 0
43 0
44 0
45 0
46 0
47 0
48 0
49 8320
50 16640
51 16640
52 8320
53 0
54 0
55 0
56 0
57 0
58 16640
59 16640
60 0
61 0
62 0
63 0
64 0
65 0
66 0
67 0
68 8320
69 0
70 0
71 0
72 0
73 0
74 0
75 0
76 0
77 0
78 0
79 0
80 0
81 0
82 0
83 0
84 33280
85 41600
86 16640
87 0
88 16640
89 0
90 0
91 0
92 41600
93 41600
94 16640
95 0
96 16640
97 0
98 0
99 0
100 41600
101 33280
102 24960
103 0
104 16640
105 0
106 0
107 0
108 41600
109 33280
110 24960
111 0
112 16640
113 0
114 0
115 0
116 41600
117 24960
118 33280
119 0
120 16640
121 0
122 0
123 0
124 41600
125 16640
126 41600
127 0
128 16640
129 0
130 0
131 0
132 33280
133 24960
134 33280
135 8320
136 16640
137 0
138 0
139 0
140 24960
141 33280
142 24960
143 16640
144 16640
145 0
146 0
147 0
148 24960
149 33280
150 24960
151 16640
152 16640
153 0
154 0
155 0
156 24960
157 33280
158 24960
159 16640
160 0
161 16640
162 0
163 0
164 24960
165 33280
166 24960
167 16640
168 0
169 16640
170 0
171 0
172 0
173 58240
174 24960
175 16640
176 0
177 16640
178 0
179 0
180 0
181 58240
182 24960
183 16640
184 0
185 16640
186 0
187 0
188 0
189 49920
190 33280
191 16640
192 0
193 16640
194 0
195 0
196 0
197 41600
198 41600
199 16640
200 0
201 16640
202 0
203 0
204 0
205 41600
206 41600
207 16640
208 0
209 16640
210 0
211 0
212 0
213 41600
214 33280
215 24960
216 0
217 16640
218 0
219 0
220 0
221 41600
222 33280
223 24960
224 0
225 16640
226 0
227 0
228 0
229 41600
230 24960
231 33280
232 0
233 16640
234 0
235 0
236 0
237 41600
238 16640
239 41600
240 0
241 16640
242 0
243 0
244 0
245 33280
246 24960
247 33280
248 8320
249 16640
250 0
251 0
252 0
253 24960
254 33280
255 24960
256 16640
257 16640
258 0
259 0
260 0
261 24960
262 33280
263 24960
264 16640
265 16640
266 0
267 0
268 0
269 24960
270 33280
271 24960
272 16640
273 16640
274 0
275 0
276 0
277 24960
278 33280
279 24960
280 16640
281 0
282 16640
283 0
284 0
285 0
286 58240
287 24960
288 16640
289 0
290 16640
291 0
292 0
293 0
294 58240
295 24960
296 16640
297 0
298 16640
299 0
300 0
301 0
302 49920
303 33280
304 16640
305 0
306 16640
307 0
308 0
309 0
310 41600
311 41600
312 16640
313 0
314 16640
315 0
316 0
317 0
318 41600
319 41600
320 16640
321 0
322 16640
323 0
324 0
325 0
326 41600
327 33280
328 24960
329 0
330 16640
331 0
332 0
333 0
334 41600
335 33280
336 24960
337 0
338 16640
339 0
340 0
341 0
342 41600
343 24960
344 33280
345 0
346 16640
347 0
348 0
349 0
350 41600
351 16640
352 41600
353 0
354 16640
355 0
356 0
357 0
358 33280
359 24960
360 33280
361 8320
362 16640
363 0
364 0
365 0
366 24960
367 33280
368 24960
369 16640
370 16640
371 0
372 0
373 0
374 24960
375 33280
376 24960
377 16640
378 16640
379 0
380 0
381 0
382 24960
383 33280
384 24960
385 16640
386 16640
387 0
388 0
389 0
390 24960
391 33280
392 24960
393 16640
394 0
395 16640
396 0
397 0
398 0
399 58240
400 24960
401 16640
402 0
403 16640
404 0
405 0
406 0
407 58240
408 24960
409 16640
410 0
411 16640
412 0
413 0
414 0
415 49920
416 33280
417 16640
418 0
419 16640
420 0
421 0
422 0
423 41600
424 41600
425 16640
426 0
427 16640
428 0
429 0
430 0
431 41600
432 41600
433 16640
434 0
435 16640
436 0
437 0
438 0
439 41600
440 41600
441 16640
442 0
443 16640
444 0
445 0
446 0
447 41600
448 33280
449 24960
450 0
451 16640
452 0
453 0
454 0
455 41600
456 24960
457 33280
458 0
459 16640
460 0
461 0
462 0
463 41600
464 16640
465 41600
466 0
467 16640
468 0
469 0
470 0
471 33280
472 24960
473 33280
474 8320
475 16640
476 0
477 0
478 0
479 24960
480 33280
481 24960
482 16640
483 16640
484 0
485 0
486 0
487 24960
488 33280
489 24960
490 16640
491 16640
492 0
493 0
494 0
495 24960
496 33280
497 24960
498 16640
499 16640
500 0
501 0
502 0
503 24960
504 33280
505 24960
506 16640
507 0
508 16640
509 0
510 0
511 0
512 58240
513 24960
514 16640
515 0
516 16640
517 0
518 0
519 0
520 58240
521 24960
522 16640
523 0
524 16640
525 0
526 0
527 0
528 49920
529 33280
530 16640
531 0
532 16640
533 0
534 0
535 0
536 41600
537 41600
538 16640
539 0
540 16640
541 0
542 0
543 0
544 41600
545 41600
546 16640
547 0
548 16640
549 0
550 0
551 0
552 41600
553 41600
554 16640
555 0
556 16640
557 0
558 0
559 0
560 41600
561 33280
562 24960
563 0
564 16640
565 0
566 0
567 0
568 41600
569 24960
570 33280
571 0
572 16640
573 0
574 0
575 0
576 41600
577 16640
578 41600
579 0
580 16640
581 0
582 0
583 0
584 33280
585 24960
586 33280
587 8320
588 16640
589 0
590 0
591 0
592 24960
593 33280
594 24960
595 16640
596 16640
597 0
598 0
599 0
600 24960
601 33280
602 24960
603 16640
604 16640
605 0
606 0
607 0
608 24960
609 33280
610 24960
611 16640
612 16640
613 0
614 0
615 0
616 24960
617 33280
618 24960
619 16640
620 0
621 16640
622 0
623 0
624 0
625 58240
626 24960
627 16640
628 0
629 16640
630 0
631 0
632 0
633 58240
634 24960
635 16640
636 0
637 16640
638 0
639 0
640 0
641 49920
642 33280
643 16640
644 0
645 16640
646 0
647 0
648 0
649 41600
650 41600
651 16640
652 0
653 16640
654 0
655 0
656 0
657 41600
658 41600
659 16640
660 0
661 16640
662 0
663 0
664 0
665 41600
666 41600
667 16640
668 0
669 16640
670 0
671 0
672 0
673 41600
674 33280
675 24960
676 0
677 16640
678 0
679 0
680 0
681 41600
682 24960
683 33280
684 0
685 16640
686 0
687 0
688 0
689 41600
690 16640
691 41600
692 0
693 16640
694 0
695 0
696 0
697 33280
698 24960
699 33280
700 8320
701 16640
702 0
703 0
704 0
705 24960
706 33280
707 24960
708 16640
709 16640
710 0
711 0
712 0
713 24960
714 33280
715 24960
716 16640
717 16640
718 0
719 0
720 0
721 24960
722 33280
723 24960
724 16640
725 16640
726 0
727 0
728 0
729 24960
730 33280
731 24960
732 16640
733 0
734 16640
735 0
736 0
737 0
738 58240
739 24960
740 16640
741 0
742 16640
743 0
744 0
745 0
746 58240
747 24960
748 16640
749 0
750 16640
751 0
752 0
753 0
754 49920
755 33280
756 16640
757 0
758 16640
759 0
760 0
761 0
762 41600
763 41600
764 16640
765 0
766 16640
767 0
768 0
769 0
770 41600
771 41600
772 16640
773 0
774 16640
775 0
776 0
777 0
778 41600
779 41600
780 16640
781 0
782 16640
783 0
784 0
785 0
786 41600
787 33280
788 24960
789 0
790 16640
791 0
792 0
793 0
794 41600
795 24960
796 33280
797 0
798 16640
799 0
800 0
801 0
802 41600
803 16640
804 41600
805 0
806 16640
807 0
808 0
809 0
810 33280
811 24960
812 33280
813 8320
814 16640
815 0
816 0
817 0
818 24960
819 33280
820 24960
821 16640
822 16640
823 0
824 0
825 0
826 24960
827 33280
828 24960
829 16640
830 16640
831 0
832 0
833 0
834 24960
835 33280
836 24960
837 16640
838 16640
839 0
840 0
841 0
842 24960
843 33280
844 24960
845 16640
846 0
847 16640
848 0
849 0
850 0
851 58240
852 24960
853 16640
854 0
855 16640
856 0
857 0
858 0
859 58240
860 24960
861 16640
862 0
863 16640
864 0
865 0
866 0
867 49920
868 33280
869 16640
870 0
871 16640
872 0
873 0
874 0
875 41600
876 41600
877 16640
878 0
879 16640
880 0
881 0
882 0
883 41600
884 41600
885 16640
886 0
887 16640
888 0
889 0
890 0
891 41600
892 41600
893 16640
894 0
895 16640
896 0
897 0
898 0
899 41600
900 33280
901 24960
902 0
903 16640
904 0
905 0
906 0
907 41600
908 24960
909 33280
910 0
911 16640
912 0
913 0
914 0
915 41600
916 16640
917 41600
918 0
919 16640
920 0
921 0
922 0
923 33280
924 24960
925 33280
926 8320
927 16640
928 0
929 0
930 0
931 24960
932 33280
933 24960
934 16640
935 16640
936 0
937 0
938 0
939 24960
940 33280
941 24960
942 16640
943 16640
944 0
945 0
946 0
947 24960
948 33280
949 24960
950 16640
951 16640
952 0
953 0
954 0
955 24960
956 33280
957 24960
958 16640
959 0
960 16640
961 0
962 0
963 0
964 58240
965 24960
966 16640
967 0
968 16640
969 0
970 0
971 0
972 58240
973 24960
974 16640
975 0
976 16640
977 0
978 0
979 0
980 49920
981 33280
982 16640
983 0
984 16640
985 0
986 0
987 0
988 41600
989 41600
990 16640
991 0
992 16640
993 0
994 0
995 0
996 41600
997 41600
998 16640
999 0
