0 0
1 50240
2 16640
3 58240
4 66560
5 66560
6 41600
7 0
8 116480
9 66560
10 49920
11 8320
12 83200
13 58240
14 41600
15 49920
16 66560
17 16640
18 24960
19 24960
20 66560
21 24960
22 49920
23 33280
24 58240
25 33280
26 58240
27 41600
28 41600
29 66560
30 41600
31 33280
32 58240
33 66560
34 66560
35 24960
36 99840
37 66560
38 66560
39 58240
40 0
41 99840
42 58240
43 66560
44 16640
45 66560
46 49920
47 66560
48 41600
49 8320
50 83200
51 24960
52 24960
53 49920
54 33280
55 33280
56 49920
57 8320
58 91520
59 24960
60 58240
61 58240
62 0
63 91520
64 49920
65 41600
66 49920
67 83200
68 41600
69 83200
70 58240
71 66560
72 58240
73 24960
74 83200
75 66560
76 41600
77 49920
78 66560
79 41600
80 58240
81 58240
82 8320
83 66560
84 41600
85 24960
86 49920
87 33280
88 24960
89 33280
90 33280
91 74880
92 41600
93 33280
94 58240
95 24960
96 83200
97 41600
98 58240
99 41600
100 66560
101 66560
102 83200
103 49920
104 66560
105 58240
106 33280
107 74880
108 49920
109 66560
110 41600
111 8320
112 83200
113 58240
114 58240
115 33280
116 66560
117 16640
118 33280
119 16640
120 66560
121 41600
122 33280
123 33280
124 58240
125 41600
126 49920
127 41600
128 41600
129 74880
130 33280
131 49920
132 58240
133 58240
134 66560
135 16640
136 108160
137 66560
138 74880
139 41600
140 0
141 116480
142 58240
143 58240
144 8320
145 74880
146 58240
147 49920
148 49920
149 0
150 83200
151 24960
152 24960
153 58240
154 24960
155 49920
156 41600
157 0
158 91520
159 41600
160 58240
161 41600
162 66560
163 41600
164 33280
165 41600
166 66560
167 83200
168 24960
169 99840
170 58240
171 58240
172 66560
173 8320
174 91520
175 58240
176 58240
177 33280
178 66560
179 41600
180 66560
181 49920
182 8320
183 83200
184 24960
185 24960
186 49920
187 33280
188 24960
189 49920
190 16640
191 83200
192 33280
193 49920
194 58240
195 8320
196 83200
197 58240
198 41600
199 41600
200 83200
201 49920
202 83200
203 49920
204 74880
205 49920
206 33280
207 74880
208 66560
209 49920
210 49920
211 0
212 91520
213 58240
214 66560
215 16640
216 66560
217 24960
218 41600
219 0
220 66560
221 41600
222 33280
223 33280
224 74880
225 41600
226 33280
227 41600
228 41600
229 83200
230 24960
231 58240
232 58240
233 58240
234 74880
235 0
236 124800
237 66560
238 66560
239 33280
240 74880
241 41600
242 74880
243 41600
244 8320
245 83200
246 58240
247 49920
248 41600
249 66560
250 16640
251 24960
252 24960
253 66560
254 33280
255 41600
256 33280
257 58240
258 33280
259 58240
260 41600
261 41600
262 66560
263 41600
264 33280
265 58240
266 66560
267 66560
268 24960
269 99840
270 66560
271 66560
272 58240
273 0
274 99840
275 58240
276 66560
277 16640
278 66560
279 49920
280 66560
281 41600
282 8320
283 83200
284 24960
285 24960
286 49920
287 33280
288 41600
289 49920
290 0
291 91520
292 33280
293 58240
294 49920
295 0
296 99840
297 41600
298 41600
299 58240
300 83200
301 33280
302 91520
303 58240
304 58240
305 66560
306 16640
307 91520
308 58240
309 49920
310 41600
311 66560
312 41600
313 58240
314 58240
315 8320
316 66560
317 41600
318 24960
319 49920
320 33280
321 24960
322 33280
323 33280
324 74880
325 41600
326 33280
327 58240
328 24960
329 83200
330 41600
331 58240
332 41600
333 66560
334 66560
335 83200
336 49920
337 74880
338 49920
339 33280
340 74880
341 58240
342 58240
343 41600
344 8320
345 83200
346 58240
347 66560
348 24960
349 66560
350 16640
351 41600
352 8320
353 66560
354 41600
355 33280
356 33280
357 66560
358 41600
359 41600
360 41600
361 41600
362 74880
363 33280
364 49920
365 58240
366 58240
367 66560
368 16640
369 108160
370 66560
371 74880
372 41600
373 0
374 116480
375 58240
376 58240
377 8320
378 74880
379 58240
380 49920
381 49920
382 0
383 83200
384 24960
385 24960
386 58240
387 24960
388 49920
389 41600
390 58240
391 33280
392 49920
393 49920
394 41600
395 66560
396 41600
397 33280
398 49920
399 66560
400 74880
401 24960
402 99840
403 66560
404 58240
405 66560
406 0
407 91520
408 58240
409 66560
410 24960
411 66560
412 41600
413 74880
414 41600
415 8320
416 83200
417 24960
418 24960
419 49920
420 33280
421 24960
422 49920
423 16640
424 83200
425 33280
426 49920
427 58240
428 8320
429 83200
430 58240
431 41600
432 41600
433 83200
434 49920
435 83200
436 49920
437 74880
438 49920
439 33280
440 74880
441 74880
442 41600
443 49920
444 66560
445 33280
446 58240
447 66560
448 8320
449 66560
450 33280
451 33280
452 0
453 74880
454 33280
455 33280
456 33280
457 74880
458 41600
459 33280
460 49920
461 33280
462 83200
463 33280
464 58240
465 49920
466 58240
467 74880
468 0
469 124800
470 66560
471 66560
472 33280
473 74880
474 41600
475 74880
476 41600
477 8320
478 83200
479 58240
480 49920
481 41600
482 66560
483 16640
484 24960
485 24960
486 66560
487 33280
488 41600
489 33280
490 58240
491 33280
492 58240
493 41600
494 41600
495 66560
496 41600
497 41600
498 58240
499 66560
500 58240
501 24960
502 99840
503 66560
504 74880
505 49920
506 0
507 108160
508 58240
509 66560
510 8320
511 66560
512 58240
513 58240
514 41600
515 8320
516 83200
517 24960
518 24960
519 49920
520 33280
521 41600
522 49920
523 0
524 91520
525 33280
526 58240
527 49920
528 0
529 99840
530 41600
531 41600
532 58240
533 83200
534 33280
535 91520
536 58240
537 58240
538 66560
539 16640
540 91520
541 58240
542 49920
543 41600
544 66560
545 41600
546 66560
547 49920
548 8320
549 74880
550 33280
551 24960
552 49920
553 33280
554 24960
555 41600
556 24960
557 74880
558 41600
559 41600
560 58240
561 16640
562 83200
563 49920
564 49920
565 41600
566 74880
567 58240
568 83200
569 49920
570 74880
571 49920
572 33280
573 74880
574 58240
575 58240
576 41600
577 8320
578 83200
579 58240
580 66560
581 24960
582 66560
583 16640
584 41600
585 8320
586 66560
587 41600
588 33280
589 33280
590 66560
591 41600
592 41600
593 41600
594 41600
595 74880
596 33280
597 58240
598 58240
599 49920
600 74880
601 8320
602 116480
603 66560
604 74880
605 33280
606 0
607 116480
608 66560
609 49920
610 8320
611 83200
612 58240
613 41600
614 49920
615 66560
616 16640
617 24960
618 24960
619 66560
620 24960
621 49920
622 33280
623 58240
624 33280
625 49920
626 49920
627 41600
628 66560
629 41600
630 33280
631 49920
632 66560
633 74880
634 24960
635 99840
636 66560
637 58240
638 66560
639 0
640 91520
641 58240
642 66560
643 24960
644 66560
645 41600
646 74880
647 41600
648 8320
649 83200
650 24960
651 24960
652 49920
653 33280
654 33280
655 49920
656 8320
657 91520
658 24960
659 58240
660 58240
661 0
662 91520
663 49920
664 41600
665 49920
666 83200
667 41600
668 83200
669 58240
670 66560
671 58240
672 24960
673 83200
674 66560
675 41600
676 49920
677 66560
678 33280
679 58240
680 66560
681 8320
682 66560
683 33280
684 33280
685 0
686 74880
687 33280
688 33280
689 33280
690 74880
691 41600
692 33280
693 49920
694 33280
695 83200
696 33280
697 58240
698 49920
699 58240
700 74880
701 83200
702 49920
703 66560
704 58240
705 33280
706 74880
707 49920
708 66560
709 41600
710 8320
711 83200
712 58240
713 58240
714 33280
715 66560
716 16640
717 33280
718 16640
719 66560
720 41600
721 33280
722 33280
723 58240
724 41600
725 49920
726 41600
727 41600
728 66560
729 41600
730 41600
731 58240
732 66560
733 58240
734 24960
735 99840
736 66560
737 74880
738 49920
739 0
740 108160
741 58240
742 66560
743 8320
744 66560
745 58240
746 58240
747 41600
748 8320
749 83200
750 24960
751 24960
752 49920
753 33280
754 49920
755 41600
756 0
757 91520
758 41600
759 58240
760 41600
761 66560
762 41600
763 33280
764 41600
765 66560
766 83200
767 24960
768 99840
769 58240
770 58240
771 66560
772 8320
773 91520
774 58240
775 58240
776 33280
777 66560
778 41600
779 66560
780 49920
781 8320
782 74880
783 33280
784 24960
785 49920
786 33280
787 24960
788 41600
789 24960
790 74880
791 41600
792 41600
793 58240
794 16640
795 83200
796 49920
797 49920
798 41600
799 74880
800 58240
801 83200
802 49920
803 74880
804 49920
805 33280
806 74880
807 66560
808 49920
809 49920
810 0
811 91520
812 58240
813 66560
814 16640
815 66560
816 24960
817 41600
818 0
819 66560
820 41600
821 33280
822 33280
823 74880
824 41600
825 33280
826 41600
827 41600
828 83200
829 24960
830 58240
831 58240
832 49920
833 74880
834 8320
835 116480
836 66560
837 74880
838 33280
839 0
840 116480
841 66560
842 49920
843 8320
844 83200
845 58240
846 41600
847 49920
848 66560
849 16640
850 24960
851 24960
852 66560
853 24960
854 49920
855 33280
856 58240
857 33280
858 58240
859 41600
860 41600
861 66560
862 41600
863 33280
864 58240
865 66560
866 66560
867 24960
868 99840
869 66560
870 66560
871 58240
872 0
873 99840
874 58240
875 66560
876 16640
877 66560
878 49920
879 66560
880 41600
881 8320
882 83200
883 24960
884 24960
885 49920
886 33280
887 33280
888 49920
889 8320
890 91520
891 24960
892 58240
893 58240
894 0
895 91520
896 49920
897 41600
898 49920
899 83200
900 41600
901 83200
902 58240
903 66560
904 58240
905 24960
906 83200
907 66560
908 41600
909 49920
910 66560
911 41600
912 58240
913 58240
914 8320
915 66560
916 41600
917 24960
918 49920
919 33280
920 24960
921 33280
922 33280
923 74880
924 41600
925 33280
926 58240
927 24960
928 83200
929 41600
930 58240
931 41600
932 66560
933 66560
934 83200
935 49920
936 66560
937 58240
938 33280
939 74880
940 49920
941 66560
942 41600
943 8320
944 83200
945 58240
946 58240
947 33280
948 66560
949 16640
950 33280
951 16640
952 66560
953 41600
954 33280
955 33280
956 58240
957 41600
958 49920
959 41600
960 41600
961 74880
962 33280
963 49920
964 58240
965 58240
966 66560
967 16640
968 108160
969 66560
970 74880
971 41600
972 0
973 116480
974 58240
975 58240
976 8320
977 74880
978 58240
979 49920
980 49920
981 0
982 83200
983 24960
984 24960
985 58240
986 24960
987 49920
988 41600
989 0
990 91520
991 41600
992 58240
993 41600
994 66560
995 41600
996 33280
997 41600
998 66560
999 83200
