0 0
1 50240
2 16640
3 41600
4 66560
5 41600
6 16640
7 83200
8 58240
9 41600
10 41600
11 8320
12 108160
13 33280
14 49920
15 41600
16 66560
17 41600
18 58240
19 58240
20 8320
21 83200
22 58240
23 41600
24 41600
25 8320
26 108160
27 33280
28 58240
29 33280
30 74880
31 41600
32 58240
33 49920
34 8320
35 83200
36 58240
37 41600
38 41600
39 8320
40 108160
41 33280
42 58240
43 33280
44 74880
45 41600
46 58240
47 49920
48 8320
49 83200
50 58240
51 41600
52 41600
53 8320
54 108160
55 33280
56 58240
57 33280
58 74880
59 41600
60 58240
61 49920
62 8320
63 83200
64 58240
65 41600
66 41600
67 8320
68 108160
69 33280
70 58240
71 33280
72 74880
73 41600
74 58240
75 49920
76 8320
77 91520
78 49920
79 41600
80 49920
81 66560
82 41600
83 41600
84 58240
85 24960
86 83200
87 41600
88 58240
89 41600
90 8320
91 91520
92 49920
93 41600
94 49920
95 66560
96 41600
97 41600
98 58240
99 24960
100 83200
101 41600
102 58240
103 41600
104 8320
105 91520
106 49920
107 41600
108 49920
109 66560
110 41600
111 41600
112 58240
113 24960
114 83200
115 41600
116 58240
117 41600
118 8320
119 91520
120 49920
121 41600
122 49920
123 66560
124 41600
125 41600
126 58240
127 24960
128 83200
129 49920
130 49920
131 41600
132 8320
133 99840
134 41600
135 41600
136 49920
137 66560
138 41600
139 49920
140 58240
141 16640
142 83200
143 49920
144 49920
145 41600
146 8320
147 99840
148 41600
149 41600
150 49920
151 66560
152 41600
153 49920
154 58240
155 16640
156 83200
157 49920
158 49920
159 41600
160 8320
161 99840
162 41600
163 41600
164 49920
165 66560
166 41600
167 49920
168 58240
169 16640
170 83200
171 49920
172 49920
173 41600
174 8320
175 99840
176 41600
177 41600
178 49920
179 66560
180 41600
181 58240
182 58240
183 8320
184 83200
185 58240
186 41600
187 41600
188 8320
189 108160
190 33280
191 49920
192 41600
193 66560
194 41600
195 58240
196 58240
197 8320
198 83200
199 58240
200 41600
201 41600
202 8320
203 108160
204 33280
205 49920
206 41600
207 66560
208 41600
209 58240
210 58240
211 8320
212 83200
213 58240
214 41600
215 41600
216 8320
217 108160
218 33280
219 49920
220 41600
221 66560
222 41600
223 58240
224 58240
225 8320
226 83200
227 58240
228 41600
229 41600
230 8320
231 108160
232 33280
233 58240
234 33280
235 74880
236 41600
237 58240
238 49920
239 8320
240 83200
241 58240
242 41600
243 41600
244 8320
245 108160
246 33280
247 58240
248 33280
249 74880
250 41600
251 58240
252 49920
253 8320
254 83200
255 58240
256 41600
257 41600
258 8320
259 108160
260 33280
261 58240
262 33280
263 74880
264 41600
265 58240
266 49920
267 8320
268 83200
269 58240
270 41600
271 41600
272 8320
273 108160
274 33280
275 58240
276 33280
277 74880
278 41600
279 58240
280 49920
281 8320
282 83200
283 58240
284 41600
285 49920
286 66560
287 41600
288 41600
289 58240
290 24960
291 83200
292 41600
293 58240
294 41600
295 8320
296 91520
297 49920
298 41600
299 49920
300 66560
301 41600
302 41600
303 58240
304 24960
305 83200
306 41600
307 58240
308 41600
309 8320
310 91520
311 49920
312 41600
313 49920
314 66560
315 41600
316 41600
317 58240
318 24960
319 83200
320 41600
321 58240
322 41600
323 8320
324 91520
325 49920
326 41600
327 49920
328 66560
329 41600
330 41600
331 58240
332 24960
333 83200
334 41600
335 58240
336 41600
337 8320
338 99840
339 41600
340 41600
341 49920
342 66560
343 41600
344 49920
345 58240
346 16640
347 83200
348 49920
349 49920
350 41600
351 8320
352 99840
353 41600
354 41600
355 49920
356 66560
357 41600
358 49920
359 58240
360 16640
361 83200
362 49920
363 49920
364 41600
365 8320
366 99840
367 41600
368 41600
369 49920
370 66560
371 41600
372 49920
373 58240
374 16640
375 83200
376 49920
377 49920
378 41600
379 8320
380 99840
381 41600
382 41600
383 49920
384 66560
385 41600
386 49920
387 58240
388 16640
389 83200
390 58240
391 41600
392 41600
393 8320
394 108160
395 33280
396 49920
397 41600
398 66560
399 41600
400 58240
401 58240
402 8320
403 83200
404 58240
405 41600
406 41600
407 8320
408 108160
409 33280
410 49920
411 41600
412 66560
413 41600
414 58240
415 58240
416 8320
417 83200
418 58240
419 41600
420 41600
421 8320
422 108160
423 33280
424 49920
425 41600
426 66560
427 41600
428 58240
429 58240
430 8320
431 83200
432 58240
433 41600
434 41600
435 8320
436 108160
437 33280
438 49920
439 41600
440 66560
441 49920
442 58240
443 49920
444 8320
445 83200
446 58240
447 41600
448 41600
449 8320
450 108160
451 33280
452 58240
453 33280
454 74880
455 41600
456 58240
457 49920
458 8320
459 83200
460 58240
461 41600
462 41600
463 8320
464 108160
465 33280
466 58240
467 33280
468 74880
469 41600
470 58240
471 49920
472 8320
473 83200
474 58240
475 41600
476 41600
477 8320
478 108160
479 33280
480 58240
481 33280
482 74880
483 41600
484 58240
485 49920
486 8320
487 83200
488 58240
489 41600
490 41600
491 8320
492 108160
493 41600
494 58240
495 24960
496 83200
497 41600
498 58240
499 41600
500 8320
501 91520
502 49920
503 41600
504 49920
505 66560
506 41600
507 41600
508 58240
509 24960
510 83200
511 41600
512 58240
513 41600
514 8320
515 91520
516 49920
517 41600
518 49920
519 66560
520 41600
521 41600
522 58240
523 24960
524 83200
525 41600
526 58240
527 41600
528 8320
529 91520
530 49920
531 41600
532 49920
533 66560
534 41600
535 41600
536 58240
537 24960
538 83200
539 41600
540 58240
541 41600
542 8320
543 91520
544 49920
545 41600
546 49920
547 66560
548 41600
549 49920
550 58240
551 16640
552 83200
553 49920
554 49920
555 41600
556 8320
557 99840
558 41600
559 41600
560 49920
561 66560
562 41600
563 49920
564 58240
565 16640
566 83200
567 49920
568 49920
569 41600
570 8320
571 99840
572 41600
573 41600
574 49920
575 66560
576 41600
577 49920
578 58240
579 16640
580 83200
581 49920
582 49920
583 41600
584 8320
585 99840
586 41600
587 41600
588 49920
589 66560
590 41600
591 49920
592 58240
593 16640
594 83200
595 49920
596 49920
597 41600
598 8320
599 108160
600 33280
601 49920
602 41600
603 66560
604 41600
605 58240
606 58240
607 8320
608 83200
609 58240
610 41600
611 41600
612 8320
613 108160
614 33280
615 49920
616 41600
617 66560
618 41600
619 58240
620 58240
621 8320
622 83200
623 58240
624 41600
625 41600
626 8320
627 108160
628 33280
629 49920
630 41600
631 66560
632 41600
633 58240
634 58240
635 8320
636 83200
637 58240
638 41600
639 41600
640 8320
641 108160
642 33280
643 49920
644 41600
645 66560
646 41600
647 58240
648 58240
649 8320
650 83200
651 58240
652 41600
653 41600
654 8320
655 108160
656 33280
657 58240
658 33280
659 74880
660 41600
661 58240
662 49920
663 8320
664 83200
665 58240
666 41600
667 41600
668 8320
669 108160
670 33280
671 58240
672 33280
673 74880
674 41600
675 58240
676 49920
677 8320
678 83200
679 58240
680 41600
681 41600
682 8320
683 108160
684 33280
685 58240
686 33280
687 74880
688 41600
689 58240
690 49920
691 8320
692 83200
693 58240
694 41600
695 41600
696 8320
697 108160
698 33280
699 58240
700 33280
701 83200
702 41600
703 58240
704 41600
705 8320
706 91520
707 49920
708 41600
709 49920
710 66560
711 41600
712 41600
713 58240
714 24960
715 83200
716 41600
717 58240
718 41600
719 8320
720 91520
721 49920
722 41600
723 49920
724 66560
725 41600
726 41600
727 58240
728 24960
729 83200
730 41600
731 58240
732 41600
733 8320
734 91520
735 49920
736 41600
737 49920
738 66560
739 41600
740 41600
741 58240
742 24960
743 83200
744 41600
745 58240
746 41600
747 8320
748 91520
749 49920
750 41600
751 49920
752 66560
753 41600
754 49920
755 58240
756 16640
757 83200
758 49920
759 49920
760 41600
761 8320
762 99840
763 41600
764 41600
765 49920
766 66560
767 41600
768 49920
769 58240
770 16640
771 83200
772 49920
773 49920
774 41600
775 8320
776 99840
777 41600
778 41600
779 49920
780 66560
781 41600
782 49920
783 58240
784 16640
785 83200
786 49920
787 49920
788 41600
789 8320
790 99840
791 41600
792 41600
793 49920
794 66560
795 41600
796 49920
797 58240
798 16640
799 83200
800 49920
801 49920
802 41600
803 8320
804 99840
805 41600
806 49920
807 41600
808 66560
809 41600
810 58240
811 58240
812 8320
813 83200
814 58240
815 41600
816 41600
817 8320
818 108160
819 33280
820 49920
821 41600
822 66560
823 41600
824 58240
825 58240
826 8320
827 83200
828 58240
829 41600
830 41600
831 8320
832 108160
833 33280
834 49920
835 41600
836 66560
837 41600
838 58240
839 58240
840 8320
841 83200
842 58240
843 41600
844 41600
845 8320
846 108160
847 33280
848 49920
849 41600
850 66560
851 41600
852 58240
853 58240
854 8320
855 83200
856 58240
857 41600
858 41600
859 8320
860 108160
861 33280
862 58240
863 33280
864 74880
865 41600
866 58240
867 49920
868 8320
869 83200
870 58240
871 41600
872 41600
873 8320
874 108160
875 33280
876 58240
877 33280
878 74880
879 41600
880 58240
881 49920
882 8320
883 83200
884 58240
885 41600
886 41600
887 8320
888 108160
889 33280
890 58240
891 33280
892 74880
893 41600
894 58240
895 49920
896 8320
897 83200
898 58240
899 41600
900 41600
901 8320
902 108160
903 33280
904 58240
905 33280
906 74880
907 41600
908 58240
909 49920
910 8320
911 91520
912 49920
913 41600
914 49920
915 66560
916 41600
917 41600
918 58240
919 24960
920 83200
921 41600
922 58240
923 41600
924 8320
925 91520
926 49920
927 41600
928 49920
929 66560
930 41600
931 41600
932 58240
933 24960
934 83200
935 41600
936 58240
937 41600
938 8320
939 91520
940 49920
941 41600
942 49920
943 66560
944 41600
945 41600
946 58240
947 24960
948 83200
949 41600
950 58240
951 41600
952 8320
953 91520
954 49920
955 41600
956 49920
957 66560
958 41600
959 41600
960 58240
961 24960
962 83200
963 49920
964 49920
965 41600
966 8320
967 99840
968 41600
969 41600
970 49920
971 66560
972 41600
973 49920
974 58240
975 16640
976 83200
977 49920
978 49920
979 41600
980 8320
981 99840
982 41600
983 41600
984 49920
985 66560
986 41600
987 49920
988 58240
989 16640
990 83200
991 49920
992 49920
993 41600
994 8320
995 99840
996 41600
997 41600
998 49920
999 66560
