0 0
1 50240
2 16640
3 58240
4 41600
5 41600
6 33280
7 83200
8 41600
9 58240
10 41600
11 8320
12 91520
13 49920
14 41600
15 49920
16 66560
17 41600
18 41600
19 58240
20 24960
21 83200
22 41600
23 58240
24 41600
25 8320
26 99840
27 41600
28 41600
29 49920
30 66560
31 41600
32 49920
33 58240
34 16640
35 83200
36 49920
37 49920
38 41600
39 8320
40 99840
41 41600
42 41600
43 49920
44 66560
45 41600
46 49920
47 58240
48 16640
49 83200
50 49920
51 49920
52 41600
53 8320
54 99840
55 41600
56 41600
57 49920
58 66560
59 41600
60 49920
61 58240
62 16640
63 83200
64 49920
65 49920
66 41600
67 8320
68 99840
69 41600
70 41600
71 49920
72 66560
73 41600
74 49920
75 58240
76 16640
77 83200
78 58240
79 41600
80 41600
81 8320
82 108160
83 33280
84 49920
85 41600
86 66560
87 41600
88 58240
89 58240
90 8320
91 83200
92 58240
93 41600
94 41600
95 8320
96 108160
97 33280
98 49920
99 41600
100 66560
101 41600
102 58240
103 58240
104 8320
105 83200
106 58240
107 41600
108 41600
109 8320
110 108160
111 33280
112 49920
113 41600
114 66560
115 41600
116 58240
117 58240
118 8320
119 83200
120 58240
121 41600
122 41600
123 8320
124 108160
125 33280
126 49920
127 41600
128 66560
129 49920
130 58240
131 49920
132 8320
133 83200
134 58240
135 41600
136 41600
137 8320
138 108160
139 33280
140 58240
141 33280
142 74880
143 41600
144 58240
145 49920
146 8320
147 83200
148 58240
149 41600
150 41600
151 8320
152 108160
153 33280
154 58240
155 33280
156 74880
157 41600
158 58240
159 49920
160 8320
161 83200
162 58240
163 41600
164 41600
165 8320
166 108160
167 33280
168 58240
169 33280
170 74880
171 41600
172 58240
173 49920
174 8320
175 83200
176 58240
177 41600
178 41600
179 8320
180 108160
181 41600
182 58240
183 24960
184 83200
185 41600
186 58240
187 41600
188 8320
189 91520
190 49920
191 41600
192 49920
193 66560
194 41600
195 41600
196 58240
197 24960
198 83200
199 41600
200 58240
201 41600
202 8320
203 91520
204 49920
205 41600
206 49920
207 66560
208 41600
209 41600
210 58240
211 24960
212 83200
213 41600
214 58240
215 41600
216 8320
217 91520
218 49920
219 41600
220 49920
221 66560
222 41600
223 41600
224 58240
225 24960
226 83200
227 41600
228 58240
229 41600
230 8320
231 91520
232 49920
233 41600
234 49920
235 66560
236 41600
237 49920
238 58240
239 16640
240 83200
241 49920
242 49920
243 41600
244 8320
245 99840
246 41600
247 41600
248 49920
249 66560
250 41600
251 49920
252 58240
253 16640
254 83200
255 49920
256 49920
257 41600
258 8320
259 99840
260 41600
261 41600
262 49920
263 66560
264 41600
265 49920
266 58240
267 16640
268 83200
269 49920
270 49920
271 41600
272 8320
273 99840
274 41600
275 41600
276 49920
277 66560
278 41600
279 49920
280 58240
281 16640
282 83200
283 49920
284 49920
285 41600
286 8320
287 108160
288 33280
289 49920
290 41600
291 66560
292 41600
293 58240
294 58240
295 8320
296 83200
297 58240
298 41600
299 41600
300 8320
301 108160
302 33280
303 49920
304 41600
305 66560
306 41600
307 58240
308 58240
309 8320
310 83200
311 58240
312 41600
313 41600
314 8320
315 108160
316 33280
317 49920
318 41600
319 66560
320 41600
321 58240
322 58240
323 8320
324 83200
325 58240
326 41600
327 41600
328 8320
329 108160
330 33280
331 49920
332 41600
333 66560
334 41600
335 58240
336 58240
337 8320
338 83200
339 58240
340 41600
341 41600
342 8320
343 108160
344 33280
345 58240
346 33280
347 74880
348 41600
349 58240
350 49920
351 8320
352 83200
353 58240
354 41600
355 41600
356 8320
357 108160
358 33280
359 58240
360 33280
361 74880
362 41600
363 58240
364 49920
365 8320
366 83200
367 58240
368 41600
369 41600
370 8320
371 108160
372 33280
373 58240
374 33280
375 74880
376 41600
377 58240
378 49920
379 8320
380 83200
381 58240
382 41600
383 41600
384 8320
385 108160
386 33280
387 58240
388 33280
389 83200
390 41600
391 58240
392 41600
393 8320
394 91520
395 49920
396 41600
397 49920
398 66560
399 41600
400 41600
401 58240
402 24960
403 83200
404 41600
405 58240
406 41600
407 8320
408 91520
409 49920
410 41600
411 49920
412 66560
413 41600
414 41600
415 58240
416 24960
417 83200
418 41600
419 58240
420 41600
421 8320
422 91520
423 49920
424 41600
425 49920
426 66560
427 41600
428 41600
429 58240
430 24960
431 83200
432 41600
433 58240
434 41600
435 8320
436 91520
437 49920
438 41600
439 49920
440 66560
441 41600
442 49920
443 58240
444 16640
445 83200
446 49920
447 49920
448 41600
449 8320
450 99840
451 41600
452 41600
453 49920
454 66560
455 41600
456 49920
457 58240
458 16640
459 83200
460 49920
461 49920
462 41600
463 8320
464 99840
465 41600
466 41600
467 49920
468 66560
469 41600
470 49920
471 58240
472 16640
473 83200
474 49920
475 49920
476 41600
477 8320
478 99840
479 41600
480 41600
481 49920
482 66560
483 41600
484 49920
485 58240
486 16640
487 83200
488 49920
489 49920
490 41600
491 8320
492 99840
493 41600
494 49920
495 41600
496 66560
497 41600
498 58240
499 58240
500 8320
501 83200
502 58240
503 41600
504 41600
505 8320
506 108160
507 33280
508 49920
509 41600
510 66560
511 41600
512 58240
513 58240
514 8320
515 83200
516 58240
517 41600
518 41600
519 8320
520 108160
521 33280
522 49920
523 41600
524 66560
525 41600
526 58240
527 58240
528 8320
529 83200
530 58240
531 41600
532 41600
533 8320
534 108160
535 33280
536 49920
537 41600
538 66560
539 41600
540 58240
541 58240
542 8320
543 83200
544 58240
545 41600
546 41600
547 8320
548 108160
549 33280
550 58240
551 33280
552 74880
553 41600
554 58240
555 49920
556 8320
557 83200
558 58240
559 41600
560 41600
561 8320
562 108160
563 33280
564 58240
565 33280
566 74880
567 41600
568 58240
569 49920
570 8320
571 83200
572 58240
573 41600
574 41600
575 8320
576 108160
577 33280
578 58240
579 33280
580 74880
581 41600
582 58240
583 49920
584 8320
585 83200
586 58240
587 41600
588 41600
589 8320
590 108160
591 33280
592 58240
593 33280
594 74880
595 41600
596 58240
597 49920
598 8320
599 91520
600 49920
601 41600
602 49920
603 66560
604 41600
605 41600
606 58240
607 24960
608 83200
609 41600
610 58240
611 41600
612 8320
613 91520
614 49920
615 41600
616 49920
617 66560
618 41600
619 41600
620 58240
621 24960
622 83200
623 41600
624 58240
625 41600
626 8320
627 91520
628 49920
629 41600
630 49920
631 66560
632 41600
633 41600
634 58240
635 24960
636 83200
637 41600
638 58240
639 41600
640 8320
641 91520
642 49920
643 41600
644 49920
645 66560
646 41600
647 41600
648 58240
649 24960
650 83200
651 49920
652 49920
653 41600
654 8320
655 99840
656 41600
657 41600
658 49920
659 66560
660 41600
661 49920
662 58240
663 16640
664 83200
665 49920
666 49920
667 41600
668 8320
669 99840
670 41600
671 41600
672 49920
673 66560
674 41600
675 49920
676 58240
677 16640
678 83200
679 49920
680 49920
681 41600
682 8320
683 99840
684 41600
685 41600
686 49920
687 66560
688 41600
689 49920
690 58240
691 16640
692 83200
693 49920
694 49920
695 41600
696 8320
697 99840
698 41600
699 41600
700 49920
701 66560
702 41600
703 58240
704 58240
705 8320
706 83200
707 58240
708 41600
709 41600
710 8320
711 108160
712 33280
713 49920
714 41600
715 66560
716 41600
717 58240
718 58240
719 8320
720 83200
721 58240
722 41600
723 41600
724 8320
725 108160
726 33280
727 49920
728 41600
729 66560
730 41600
731 58240
732 58240
733 8320
734 83200
735 58240
736 41600
737 41600
738 8320
739 108160
740 33280
741 49920
742 41600
743 66560
744 41600
745 58240
746 58240
747 8320
748 83200
749 58240
750 41600
751 41600
752 8320
753 108160
754 33280
755 58240
756 33280
757 74880
758 41600
759 58240
760 49920
761 8320
762 83200
763 58240
764 41600
765 41600
766 8320
767 108160
768 33280
769 58240
770 33280
771 74880
772 41600
773 58240
774 49920
775 8320
776 83200
777 58240
778 41600
779 41600
780 8320
781 108160
782 33280
783 58240
784 33280
785 74880
786 41600
787 58240
788 49920
789 8320
790 83200
791 58240
792 41600
793 41600
794 8320
795 108160
796 33280
797 58240
798 33280
799 74880
800 41600
801 58240
802 49920
803 8320
804 83200
805 58240
806 41600
807 49920
808 66560
809 41600
810 41600
811 58240
812 24960
813 83200
814 41600
815 58240
816 41600
817 8320
818 91520
819 49920
820 41600
821 49920
822 66560
823 41600
824 41600
825 58240
826 24960
827 83200
828 41600
829 58240
830 41600
831 8320
832 91520
833 49920
834 41600
835 49920
836 66560
837 41600
838 41600
839 58240
840 24960
841 83200
842 41600
843 58240
844 41600
845 8320
846 91520
847 49920
848 41600
849 49920
850 66560
851 41600
852 41600
853 58240
854 24960
855 83200
856 41600
857 58240
858 41600
859 8320
860 99840
861 41600
862 41600
863 49920
864 66560
865 41600
866 49920
867 58240
868 16640
869 83200
870 49920
871 49920
872 41600
873 8320
874 99840
875 41600
876 41600
877 49920
878 66560
879 41600
880 49920
881 58240
882 16640
883 83200
884 49920
885 49920
886 41600
887 8320
888 99840
889 41600
890 41600
891 49920
892 66560
893 41600
894 49920
895 58240
896 16640
897 83200
898 49920
899 49920
900 41600
901 8320
902 99840
903 41600
904 41600
905 49920
906 66560
907 41600
908 49920
909 66560
910 8320
911 83200
912 58240
913 41600
914 41600
915 8320
916 108160
917 33280
918 49920
919 41600
920 66560
921 41600
922 58240
923 58240
924 8320
925 83200
926 58240
927 41600
928 41600
929 8320
930 108160
931 33280
932 49920
933 41600
934 66560
935 41600
936 58240
937 58240
938 8320
939 83200
940 58240
941 41600
942 41600
943 8320
944 108160
945 33280
946 49920
947 41600
948 66560
949 41600
950 58240
951 58240
952 8320
953 83200
954 58240
955 41600
956 41600
957 8320
958 108160
959 33280
960 49920
961 41600
962 74880
963 41600
964 58240
965 49920
966 8320
967 83200
968 58240
969 41600
970 41600
971 8320
972 108160
973 33280
974 58240
975 33280
976 74880
977 41600
978 58240
979 49920
980 8320
981 83200
982 58240
983 41600
984 41600
985 8320
986 108160
987 33280
988 58240
989 33280
990 74880
991 41600
992 58240
993 49920
994 8320
995 83200
996 58240
997 41600
998 41600
999 8320
