0 0.0
1 50240.0
2 16640.0
3 53701.818181818184
4 65047.27272727273
5 58240.0
6 38574.545454545456
7 31010.909090909092
8 86225.45454545454
9 52189.09090909091
10 50676.36363636364
11 31767.272727272728
12 78661.81818181818
13 42356.36363636364
14 38574.545454545456
15 23447.272727272728
16 70341.81818181818
17 52945.454545454544
18 35549.09090909091
19 23447.272727272728
20 72610.90909090909
21 47650.90909090909
22 39330.90909090909
23 32523.636363636364
24 73367.27272727272
25 48407.27272727273
26 36305.454545454544
27 22690.909090909092
28 74123.63636363637
29 53701.818181818184
30 29498.18181818182
31 25716.363636363636
32 70341.81818181818
33 49920.0
34 34036.36363636364
35 26472.727272727272
36 77149.09090909091
37 44625.454545454544
38 36305.454545454544
39 22690.909090909092
40 74123.63636363637
41 53701.818181818184
42 29498.18181818182
43 25716.363636363636
44 70341.81818181818
45 49920.0
46 34036.36363636364
47 26472.727272727272
48 77149.09090909091
49 44625.454545454544
50 36305.454545454544
51 22690.909090909092
52 74123.63636363637
53 53701.818181818184
54 29498.18181818182
55 25716.363636363636
56 70341.81818181818
57 49920.0
58 34036.36363636364
59 26472.727272727272
60 77149.09090909091
61 44625.454545454544
62 36305.454545454544
63 22690.909090909092
64 74880.0
65 53701.818181818184
66 29498.18181818182
67 25716.363636363636
68 70341.81818181818
69 49920.0
70 34036.36363636364
71 26472.727272727272
72 77149.09090909091
73 44625.454545454544
74 36305.454545454544
75 22690.909090909092
76 74123.63636363637
77 57483.63636363636
78 27229.090909090908
79 24960.0
80 72610.90909090909
81 52945.454545454544
82 29498.18181818182
83 27229.090909090908
84 78661.81818181818
85 43869.09090909091
86 33280.0
87 22690.909090909092
88 80174.54545454546
89 51432.72727272727
90 27229.090909090908
91 24960.0
92 72610.90909090909
93 52945.454545454544
94 29498.18181818182
95 27229.090909090908
96 78661.81818181818
97 43869.09090909091
98 33280.0
99 22690.909090909092
100 80174.54545454546
101 51432.72727272727
102 27229.090909090908
103 24960.0
104 72610.90909090909
105 52945.454545454544
106 29498.18181818182
107 27229.090909090908
108 78661.81818181818
109 43869.09090909091
110 33280.0
111 22690.909090909092
112 80174.54545454546
113 51432.72727272727
114 27229.090909090908
115 24960.0
116 72610.90909090909
117 52945.454545454544
118 29498.18181818182
119 27229.090909090908
120 78661.81818181818
121 44625.454545454544
122 33280.0
123 22690.909090909092
124 80174.54545454546
125 51432.72727272727
126 27229.090909090908
127 24960.0
128 72610.90909090909
129 60509.09090909091
130 23447.272727272728
131 26472.727272727272
132 79418.18181818182
133 45381.818181818184
134 30254.545454545456
135 54458.181818181816
136 54458.181818181816
137 47650.90909090909
138 24960.0
139 24960.0
140 79418.18181818182
141 53701.818181818184
142 23447.272727272728
143 26472.727272727272
144 79418.18181818182
145 45381.818181818184
146 30254.545454545456
147 54458.181818181816
148 54458.181818181816
149 47650.90909090909
150 24960.0
151 24960.0
152 79418.18181818182
153 53701.818181818184
154 23447.272727272728
155 26472.727272727272
156 79418.18181818182
157 45381.818181818184
158 30254.545454545456
159 54458.181818181816
160 54458.181818181816
161 47650.90909090909
162 24960.0
163 24960.0
164 79418.18181818182
165 53701.818181818184
166 23447.272727272728
167 26472.727272727272
168 79418.18181818182
169 45381.818181818184
170 30254.545454545456
171 54458.181818181816
172 54458.181818181816
173 47650.90909090909
174 24960.0
175 24960.0
176 79418.18181818182
177 53701.818181818184
178 23447.272727272728
179 26472.727272727272
180 79418.18181818182
181 47650.90909090909
182 30254.545454545456
183 55970.90909090909
184 58996.36363636364
185 43869.09090909091
186 22690.909090909092
187 55214.545454545456
188 55214.545454545456
189 49920.0
190 21178.18181818182
191 28741.81818181818
192 81687.27272727272
193 44625.454545454544
194 27985.454545454544
195 55970.90909090909
196 58996.36363636364
197 43869.09090909091
198 22690.909090909092
199 55214.545454545456
200 55214.545454545456
201 50676.36363636364
202 21178.18181818182
203 27229.090909090908
204 81687.27272727272
205 44625.454545454544
206 27985.454545454544
207 55970.90909090909
208 58996.36363636364
209 43869.09090909091
210 22690.909090909092
211 55214.545454545456
212 55214.545454545456
213 49920.0
214 21178.18181818182
215 27229.090909090908
216 81687.27272727272
217 44625.454545454544
218 27985.454545454544
219 55970.90909090909
220 58996.36363636364
221 43869.09090909091
222 22690.909090909092
223 55214.545454545456
224 55214.545454545456
225 49920.0
226 21178.18181818182
227 27229.090909090908
228 81687.27272727272
229 44625.454545454544
230 27985.454545454544
231 55970.90909090909
232 58996.36363636364
233 45381.818181818184
234 21178.18181818182
235 60509.09090909091
236 55970.90909090909
237 46138.181818181816
238 18909.090909090908
239 57483.63636363636
240 54458.181818181816
241 46138.181818181816
242 23447.272727272728
243 58240.0
244 58996.36363636364
245 43112.72727272727
246 21178.18181818182
247 60509.09090909091
248 55970.90909090909
249 46138.181818181816
250 18909.090909090908
251 57483.63636363636
252 54458.181818181816
253 46138.181818181816
254 23447.272727272728
255 58240.0
256 58996.36363636364
257 43112.72727272727
258 21178.18181818182
259 60509.09090909091
260 55970.90909090909
261 46138.181818181816
262 21178.18181818182
263 58996.36363636364
264 54458.181818181816
265 46138.181818181816
266 23447.272727272728
267 58240.0
268 58996.36363636364
269 43112.72727272727
270 21934.545454545456
271 62021.818181818184
272 55970.90909090909
273 46138.181818181816
274 18909.090909090908
275 57483.63636363636
276 54458.181818181816
277 46138.181818181816
278 23447.272727272728
279 58240.0
280 58996.36363636364
281 43112.72727272727
282 21178.18181818182
283 60509.09090909091
284 55970.90909090909
285 47650.90909090909
286 17396.363636363636
287 61265.454545454544
288 54458.181818181816
289 46894.545454545456
290 18909.090909090908
291 60509.09090909091
292 58996.36363636364
293 40843.63636363636
294 33280.0
295 50676.36363636364
296 61265.454545454544
297 41600.0
298 17396.363636363636
299 61265.454545454544
300 54458.181818181816
301 46894.545454545456
302 18909.090909090908
303 60509.09090909091
304 58996.36363636364
305 40843.63636363636
306 33280.0
307 49920.0
308 60509.09090909091
309 41600.0
310 17396.363636363636
311 61265.454545454544
312 54458.181818181816
313 46894.545454545456
314 18909.090909090908
315 60509.09090909091
316 58996.36363636364
317 40843.63636363636
318 33280.0
319 49920.0
320 60509.09090909091
321 41600.0
322 17396.363636363636
323 61265.454545454544
324 54458.181818181816
325 46894.545454545456
326 18909.090909090908
327 60509.09090909091
328 59752.72727272727
329 40843.63636363636
330 33280.0
331 49920.0
332 60509.09090909091
333 41600.0
334 17396.363636363636
335 61265.454545454544
336 54458.181818181816
337 50676.36363636364
338 15127.272727272728
339 77149.09090909091
340 43869.09090909091
341 43112.72727272727
342 29498.18181818182
343 52189.09090909091
344 60509.09090909091
345 40843.63636363636
346 27985.454545454544
347 54458.181818181816
348 55214.545454545456
349 44625.454545454544
350 15127.272727272728
351 77149.09090909091
352 43869.09090909091
353 43112.72727272727
354 29498.18181818182
355 52189.09090909091
356 60509.09090909091
357 40843.63636363636
358 27985.454545454544
359 54458.181818181816
360 55214.545454545456
361 44625.454545454544
362 15127.272727272728
363 77149.09090909091
364 43869.09090909091
365 43112.72727272727
366 29498.18181818182
367 52189.09090909091
368 60509.09090909091
369 40843.63636363636
370 27985.454545454544
371 54458.181818181816
372 55214.545454545456
373 44625.454545454544
374 15127.272727272728
375 77149.09090909091
376 43869.09090909091
377 43112.72727272727
378 29498.18181818182
379 52189.09090909091
380 60509.09090909091
381 40843.63636363636
382 27985.454545454544
383 54458.181818181816
384 55214.545454545456
385 44625.454545454544
386 15127.272727272728
387 77149.09090909091
388 43869.09090909091
389 47650.90909090909
390 31767.272727272728
391 60509.09090909091
392 48407.27272727273
393 38574.545454545456
394 29498.18181818182
395 54458.181818181816
396 59752.72727272727
397 42356.36363636364
398 23447.272727272728
399 69585.45454545454
400 40843.63636363636
401 45381.818181818184
402 31767.272727272728
403 60509.09090909091
404 48407.27272727273
405 38574.545454545456
406 29498.18181818182
407 54458.181818181816
408 59752.72727272727
409 42356.36363636364
410 23447.272727272728
411 69585.45454545454
412 40843.63636363636
413 45381.818181818184
414 31767.272727272728
415 60509.09090909091
416 48407.27272727273
417 38574.545454545456
418 29498.18181818182
419 54458.181818181816
420 59752.72727272727
421 42356.36363636364
422 23447.272727272728
423 69585.45454545454
424 40843.63636363636
425 45381.818181818184
426 31767.272727272728
427 60509.09090909091
428 48407.27272727273
429 38574.545454545456
430 29498.18181818182
431 54458.181818181816
432 59752.72727272727
433 42356.36363636364
434 23447.272727272728
435 69585.45454545454
436 40843.63636363636
437 45381.818181818184
438 31767.272727272728
439 60509.09090909091
440 48407.27272727273
441 42356.36363636364
442 31767.272727272728
443 62778.181818181816
444 49920.0
445 43112.72727272727
446 19665.454545454544
447 71854.54545454546
448 40843.63636363636
449 46138.181818181816
450 29498.18181818182
451 68072.72727272728
452 43869.09090909091
453 40843.63636363636
454 31767.272727272728
455 62778.181818181816
456 49920.0
457 43112.72727272727
458 21934.545454545456
459 71854.54545454546
460 40843.63636363636
461 45381.818181818184
462 27985.454545454544
463 66560.0
464 43869.09090909091
465 40843.63636363636
466 31767.272727272728
467 62778.181818181816
468 49920.0
469 43112.72727272727
470 19665.454545454544
471 71854.54545454546
472 40843.63636363636
473 45381.818181818184
474 27985.454545454544
475 66560.0
476 43869.09090909091
477 40843.63636363636
478 31767.272727272728
479 62778.181818181816
480 49920.0
481 43112.72727272727
482 19665.454545454544
483 73367.27272727272
484 40843.63636363636
485 45381.818181818184
486 27985.454545454544
487 66560.0
488 43869.09090909091
489 40843.63636363636
490 31767.272727272728
491 62778.181818181816
492 49920.0
493 44625.454545454544
494 25716.363636363636
495 64290.90909090909
496 46138.181818181816
497 43869.09090909091
498 25716.363636363636
499 69585.45454545454
500 40843.63636363636
501 43112.72727272727
502 28741.81818181818
503 65803.63636363637
504 50676.36363636364
505 40087.27272727273
506 25716.363636363636
507 64290.90909090909
508 46138.181818181816
509 43869.09090909091
510 25716.363636363636
511 69585.45454545454
512 40843.63636363636
513 43112.72727272727
514 28741.81818181818
515 65803.63636363637
516 51432.72727272727
517 40087.27272727273
518 25716.363636363636
519 64290.90909090909
520 46138.181818181816
521 43869.09090909091
522 25716.363636363636
523 69585.45454545454
524 40843.63636363636
525 43112.72727272727
526 28741.81818181818
527 65803.63636363637
528 50676.36363636364
529 40087.27272727273
530 25716.363636363636
531 64290.90909090909
532 46138.181818181816
533 43869.09090909091
534 25716.363636363636
535 69585.45454545454
536 40843.63636363636
537 43112.72727272727
538 28741.81818181818
539 65803.63636363637
540 50676.36363636364
541 40087.27272727273
542 25716.363636363636
543 64290.90909090909
544 46138.181818181816
545 45381.818181818184
546 25716.363636363636
547 71854.54545454546
548 40843.63636363636
549 43112.72727272727
550 24960.0
551 71854.54545454546
552 49920.0
553 36305.454545454544
554 24960.0
555 65047.27272727273
556 49920.0
557 40087.27272727273
558 25716.363636363636
559 71854.54545454546
560 40843.63636363636
561 43112.72727272727
562 24960.0
563 71854.54545454546
564 49920.0
565 36305.454545454544
566 24960.0
567 65047.27272727273
568 49920.0
569 40087.27272727273
570 25716.363636363636
571 71854.54545454546
572 40843.63636363636
573 43112.72727272727
574 24960.0
575 71854.54545454546
576 50676.36363636364
577 36305.454545454544
578 24960.0
579 65047.27272727273
580 49920.0
581 40087.27272727273
582 25716.363636363636
583 71854.54545454546
584 40843.63636363636
585 43112.72727272727
586 24960.0
587 71854.54545454546
588 49920.0
589 36305.454545454544
590 24960.0
591 65047.27272727273
592 49920.0
593 40087.27272727273
594 25716.363636363636
595 71854.54545454546
596 40843.63636363636
597 43112.72727272727
598 26472.727272727272
599 74880.0
600 46894.545454545456
601 36305.454545454544
602 24203.636363636364
603 67316.36363636363
604 52945.454545454544
605 35549.09090909091
606 26472.727272727272
607 69585.45454545454
608 46138.181818181816
609 37818.181818181816
610 26472.727272727272
611 74880.0
612 46894.545454545456
613 36305.454545454544
614 24203.636363636364
615 67316.36363636363
616 52945.454545454544
617 35549.09090909091
618 26472.727272727272
619 69585.45454545454
620 46138.181818181816
621 37818.181818181816
622 26472.727272727272
623 74880.0
624 46894.545454545456
625 36305.454545454544
626 24203.636363636364
627 67316.36363636363
628 52945.454545454544
629 35549.09090909091
630 26472.727272727272
631 69585.45454545454
632 46138.181818181816
633 37818.181818181816
634 26472.727272727272
635 74880.0
636 46894.545454545456
637 37061.818181818184
638 27229.090909090908
639 67316.36363636363
640 52945.454545454544
641 35549.09090909091
642 26472.727272727272
643 69585.45454545454
644 46138.181818181816
645 38574.545454545456
646 26472.727272727272
647 74880.0
648 46894.545454545456
649 37818.181818181816
650 22690.909090909092
651 74123.63636363637
652 53701.818181818184
653 29498.18181818182
654 25716.363636363636
655 70341.81818181818
656 49920.0
657 34036.36363636364
658 26472.727272727272
659 77149.09090909091
660 44625.454545454544
661 36305.454545454544
662 22690.909090909092
663 74123.63636363637
664 53701.818181818184
665 29498.18181818182
666 25716.363636363636
667 70341.81818181818
668 49920.0
669 35549.09090909091
670 27229.090909090908
671 77149.09090909091
672 44625.454545454544
673 36305.454545454544
674 22690.909090909092
675 74123.63636363637
676 53701.818181818184
677 29498.18181818182
678 25716.363636363636
679 70341.81818181818
680 49920.0
681 34036.36363636364
682 26472.727272727272
683 77149.09090909091
684 44625.454545454544
685 36305.454545454544
686 22690.909090909092
687 74123.63636363637
688 53701.818181818184
689 29498.18181818182
690 25716.363636363636
691 70341.81818181818
692 49920.0
693 34036.36363636364
694 26472.727272727272
695 77149.09090909091
696 44625.454545454544
697 36305.454545454544
698 22690.909090909092
699 74123.63636363637
700 53701.818181818184
701 31010.909090909092
702 24960.0
703 73367.27272727272
704 52945.454545454544
705 29498.18181818182
706 27229.090909090908
707 78661.81818181818
708 43869.09090909091
709 33280.0
710 22690.909090909092
711 80174.54545454546
712 51432.72727272727
713 27229.090909090908
714 24960.0
715 72610.90909090909
716 52945.454545454544
717 29498.18181818182
718 27229.090909090908
719 78661.81818181818
720 43869.09090909091
721 33280.0
722 22690.909090909092
723 80174.54545454546
724 51432.72727272727
725 27229.090909090908
726 24960.0
727 72610.90909090909
728 52945.454545454544
729 29498.18181818182
730 27229.090909090908
731 78661.81818181818
732 43869.09090909091
733 33280.0
734 22690.909090909092
735 80174.54545454546
736 51432.72727272727
737 27229.090909090908
738 24960.0
739 72610.90909090909
740 52945.454545454544
741 29498.18181818182
742 27229.090909090908
743 78661.81818181818
744 43869.09090909091
745 33280.0
746 22690.909090909092
747 80174.54545454546
748 51432.72727272727
749 27229.090909090908
750 24960.0
751 72610.90909090909
752 52945.454545454544
753 31010.909090909092
754 26472.727272727272
755 79418.18181818182
756 45381.818181818184
757 30254.545454545456
758 54458.181818181816
759 54458.181818181816
760 47650.90909090909
761 24960.0
762 24960.0
763 80174.54545454546
764 53701.818181818184
765 23447.272727272728
766 26472.727272727272
767 79418.18181818182
768 45381.818181818184
769 30254.545454545456
770 54458.181818181816
771 54458.181818181816
772 47650.90909090909
773 24960.0
774 24960.0
775 79418.18181818182
776 53701.818181818184
777 23447.272727272728
778 26472.727272727272
779 79418.18181818182
780 45381.818181818184
781 30254.545454545456
782 54458.181818181816
783 54458.181818181816
784 47650.90909090909
785 24960.0
786 24960.0
787 79418.18181818182
788 53701.818181818184
789 23447.272727272728
790 26472.727272727272
791 79418.18181818182
792 45381.818181818184
793 30254.545454545456
794 54458.181818181816
795 54458.181818181816
796 47650.90909090909
797 24960.0
798 24960.0
799 79418.18181818182
800 53701.818181818184
801 23447.272727272728
802 26472.727272727272
803 79418.18181818182
804 45381.818181818184
805 30254.545454545456
806 55970.90909090909
807 58996.36363636364
808 43869.09090909091
809 22690.909090909092
810 55214.545454545456
811 55214.545454545456
812 49920.0
813 21178.18181818182
814 27229.090909090908
815 81687.27272727272
816 44625.454545454544
817 27985.454545454544
818 55970.90909090909
819 58996.36363636364
820 43869.09090909091
821 22690.909090909092
822 55214.545454545456
823 55214.545454545456
824 51432.72727272727
825 23447.272727272728
826 27229.090909090908
827 81687.27272727272
828 44625.454545454544
829 27985.454545454544
830 55970.90909090909
831 58996.36363636364
832 44625.454545454544
833 24203.636363636364
834 55214.545454545456
835 55214.545454545456
836 49920.0
837 21178.18181818182
838 27229.090909090908
839 81687.27272727272
840 44625.454545454544
841 27985.454545454544
842 55970.90909090909
843 58996.36363636364
844 43869.09090909091
845 22690.909090909092
846 55214.545454545456
847 55214.545454545456
848 49920.0
849 21178.18181818182
850 27229.090909090908
851 81687.27272727272
852 44625.454545454544
853 27985.454545454544
854 55970.90909090909
855 58996.36363636364
856 43869.09090909091
857 23447.272727272728
858 61265.454545454544
859 55970.90909090909
860 46138.181818181816
861 18909.090909090908
862 57483.63636363636
863 54458.181818181816
864 46138.181818181816
865 23447.272727272728
866 58240.0
867 58996.36363636364
868 43112.72727272727
869 21178.18181818182
870 60509.09090909091
871 55970.90909090909
872 46138.181818181816
873 18909.090909090908
874 57483.63636363636
875 54458.181818181816
876 46138.181818181816
877 23447.272727272728
878 58240.0
879 58996.36363636364
880 43112.72727272727
881 21178.18181818182
882 60509.09090909091
883 55970.90909090909
884 46138.181818181816
885 18909.090909090908
886 57483.63636363636
887 54458.181818181816
888 46138.181818181816
889 23447.272727272728
890 58996.36363636364
891 58996.36363636364
892 43112.72727272727
893 21178.18181818182
894 60509.09090909091
895 55970.90909090909
896 46138.181818181816
897 18909.090909090908
898 57483.63636363636
899 54458.181818181816
900 46138.181818181816
901 23447.272727272728
902 58240.0
903 58996.36363636364
904 43112.72727272727
905 21178.18181818182
906 60509.09090909091
907 55970.90909090909
908 46138.181818181816
909 18909.090909090908
910 61265.454545454544
911 54458.181818181816
912 46894.545454545456
913 18909.090909090908
914 60509.09090909091
915 58996.36363636364
916 40843.63636363636
917 33280.0
918 49920.0
919 60509.09090909091
920 41600.0
921 17396.363636363636
922 61265.454545454544
923 54458.181818181816
924 46894.545454545456
925 18909.090909090908
926 60509.09090909091
927 58996.36363636364
928 40843.63636363636
929 33280.0
930 49920.0
931 60509.09090909091
932 41600.0
933 17396.363636363636
934 61265.454545454544
935 54458.181818181816
936 46894.545454545456
937 18909.090909090908
938 60509.09090909091
939 58996.36363636364
940 40843.63636363636
941 33280.0
942 49920.0
943 60509.09090909091
944 41600.0
945 17396.363636363636
946 61265.454545454544
947 54458.181818181816
948 46894.545454545456
949 18909.090909090908
950 60509.09090909091
951 59752.72727272727
952 40843.63636363636
953 33280.0
954 49920.0
955 60509.09090909091
956 41600.0
957 17396.363636363636
958 61265.454545454544
959 54458.181818181816
960 46894.545454545456
961 18909.090909090908
962 77149.09090909091
963 43869.09090909091
964 43112.72727272727
965 29498.18181818182
966 52189.09090909091
967 60509.09090909091
968 40843.63636363636
969 27985.454545454544
970 54458.181818181816
971 55214.545454545456
972 44625.454545454544
973 15127.272727272728
974 77149.09090909091
975 43869.09090909091
976 43112.72727272727
977 29498.18181818182
978 52189.09090909091
979 60509.09090909091
980 40843.63636363636
981 27985.454545454544
982 54458.181818181816
983 55214.545454545456
984 44625.454545454544
985 15127.272727272728
986 77149.09090909091
987 43869.09090909091
988 43112.72727272727
989 29498.18181818182
990 52189.09090909091
991 60509.09090909091
992 40843.63636363636
993 27985.454545454544
994 54458.181818181816
995 55214.545454545456
996 44625.454545454544
997 15127.272727272728
998 77149.09090909091
999 43869.09090909091
