0 0
1 50240
2 16640
3 41600
4 66560
5 41600
6 16640
7 91520
8 33280
9 49920
10 24960
11 83200
12 49920
13 41600
14 24960
15 83200
16 41600
17 58240
18 16640
19 91520
20 33280
21 49920
22 24960
23 83200
24 49920
25 41600
26 24960
27 83200
28 49920
29 58240
30 8320
31 91520
32 33280
33 58240
34 16640
35 91520
36 41600
37 41600
38 24960
39 83200
40 49920
41 58240
42 8320
43 91520
44 33280
45 58240
46 16640
47 91520
48 41600
49 41600
50 24960
51 83200
52 49920
53 58240
54 8320
55 91520
56 33280
57 58240
58 16640
59 91520
60 41600
61 41600
62 24960
63 83200
64 49920
65 58240
66 8320
67 91520
68 33280
69 58240
70 16640
71 91520
72 41600
73 41600
74 24960
75 83200
76 49920
77 66560
78 0
79 91520
80 41600
81 58240
82 8320
83 99840
84 33280
85 49920
86 16640
87 83200
88 58240
89 58240
90 0
91 91520
92 41600
93 58240
94 8320
95 99840
96 33280
97 49920
98 16640
99 83200
100 58240
101 58240
102 0
103 91520
104 41600
105 58240
106 8320
107 99840
108 33280
109 49920
110 16640
111 83200
112 58240
113 58240
114 0
115 91520
116 41600
117 58240
118 8320
119 99840
120 33280
121 49920
122 16640
123 83200
124 58240
125 58240
126 0
127 91520
128 41600
129 66560
130 0
131 99840
132 33280
133 58240
134 8320
135 91520
136 58240
137 49920
138 0
139 91520
140 49920
141 58240
142 0
143 99840
144 33280
145 58240
146 8320
147 91520
148 58240
149 49920
150 0
151 91520
152 49920
153 58240
154 0
155 99840
156 33280
157 58240
158 8320
159 91520
160 58240
161 49920
162 0
163 91520
164 49920
165 58240
166 0
167 99840
168 33280
169 58240
170 8320
171 91520
172 58240
173 49920
174 0
175 91520
176 49920
177 58240
178 0
179 99840
180 33280
181 66560
182 0
183 99840
184 58240
185 41600
186 0
187 91520
188 58240
189 49920
190 0
191 99840
192 41600
193 58240
194 0
195 99840
196 58240
197 41600
198 0
199 91520
200 58240
201 49920
202 0
203 99840
204 41600
205 58240
206 0
207 99840
208 58240
209 41600
210 0
211 91520
212 58240
213 49920
214 0
215 99840
216 41600
217 58240
218 0
219 99840
220 58240
221 41600
222 0
223 91520
224 58240
225 49920
226 0
227 99840
228 41600
229 58240
230 0
231 99840
232 58240
233 41600
234 0
235 99840
236 58240
237 41600
238 0
239 99840
240 49920
241 49920
242 0
243 108160
244 49920
245 41600
246 0
247 99840
248 58240
249 41600
250 0
251 99840
252 49920
253 49920
254 0
255 108160
256 49920
257 41600
258 0
259 99840
260 58240
261 41600
262 0
263 99840
264 49920
265 49920
266 0
267 108160
268 49920
269 41600
270 0
271 99840
272 58240
273 41600
274 0
275 99840
276 49920
277 49920
278 0
279 108160
280 49920
281 41600
282 0
283 99840
284 58240
285 41600
286 0
287 99840
288 58240
289 41600
290 0
291 116480
292 41600
293 41600
294 66560
295 41600
296 58240
297 33280
298 0
299 99840
300 58240
301 41600
302 0
303 116480
304 41600
305 41600
306 66560
307 41600
308 58240
309 33280
310 0
311 99840
312 58240
313 41600
314 0
315 116480
316 41600
317 41600
318 66560
319 41600
320 58240
321 33280
322 0
323 99840
324 58240
325 41600
326 0
327 116480
328 41600
329 41600
330 66560
331 41600
332 58240
333 33280
334 0
335 99840
336 58240
337 41600
338 0
339 116480
340 41600
341 41600
342 66560
343 49920
344 49920
345 33280
346 66560
347 41600
348 58240
349 33280
350 0
351 116480
352 41600
353 41600
354 66560
355 49920
356 49920
357 33280
358 66560
359 41600
360 58240
361 33280
362 0
363 116480
364 41600
365 41600
366 66560
367 49920
368 49920
369 33280
370 66560
371 41600
372 58240
373 33280
374 0
375 116480
376 41600
377 41600
378 66560
379 49920
380 49920
381 33280
382 66560
383 41600
384 58240
385 33280
386 0
387 116480
388 41600
389 41600
390 66560
391 58240
392 41600
393 33280
394 74880
395 41600
396 58240
397 24960
398 66560
399 49920
400 41600
401 41600
402 66560
403 58240
404 41600
405 33280
406 74880
407 41600
408 58240
409 24960
410 66560
411 49920
412 41600
413 41600
414 66560
415 58240
416 41600
417 33280
418 74880
419 41600
420 58240
421 24960
422 66560
423 49920
424 41600
425 41600
426 66560
427 58240
428 41600
429 33280
430 74880
431 41600
432 58240
433 24960
434 66560
435 49920
436 41600
437 41600
438 66560
439 58240
440 41600
441 33280
442 74880
443 49920
444 49920
445 24960
446 74880
447 41600
448 41600
449 41600
450 66560
451 58240
452 41600
453 33280
454 74880
455 49920
456 49920
457 24960
458 74880
459 41600
460 41600
461 41600
462 66560
463 58240
464 41600
465 33280
466 74880
467 49920
468 49920
469 24960
470 74880
471 41600
472 41600
473 41600
474 66560
475 58240
476 41600
477 33280
478 74880
479 49920
480 49920
481 24960
482 74880
483 41600
484 41600
485 41600
486 66560
487 58240
488 41600
489 33280
490 74880
491 49920
492 49920
493 24960
494 83200
495 33280
496 49920
497 33280
498 74880
499 49920
500 41600
501 33280
502 74880
503 58240
504 41600
505 24960
506 83200
507 33280
508 49920
509 33280
510 74880
511 49920
512 41600
513 33280
514 74880
515 58240
516 41600
517 24960
518 83200
519 33280
520 49920
521 33280
522 74880
523 49920
524 41600
525 33280
526 74880
527 58240
528 41600
529 24960
530 83200
531 33280
532 49920
533 33280
534 74880
535 49920
536 41600
537 33280
538 74880
539 58240
540 41600
541 24960
542 83200
543 33280
544 49920
545 33280
546 83200
547 41600
548 41600
549 33280
550 74880
551 58240
552 41600
553 24960
554 83200
555 33280
556 58240
557 24960
558 83200
559 41600
560 41600
561 33280
562 74880
563 58240
564 41600
565 24960
566 83200
567 33280
568 58240
569 24960
570 83200
571 41600
572 41600
573 33280
574 74880
575 58240
576 41600
577 24960
578 83200
579 33280
580 58240
581 24960
582 83200
583 41600
584 41600
585 33280
586 74880
587 58240
588 41600
589 24960
590 83200
591 33280
592 58240
593 24960
594 83200
595 41600
596 41600
597 33280
598 83200
599 49920
600 41600
601 24960
602 83200
603 41600
604 58240
605 16640
606 91520
607 33280
608 49920
609 24960
610 83200
611 49920
612 41600
613 24960
614 83200
615 41600
616 58240
617 16640
618 91520
619 33280
620 49920
621 24960
622 83200
623 49920
624 41600
625 24960
626 83200
627 41600
628 58240
629 16640
630 91520
631 33280
632 49920
633 24960
634 83200
635 49920
636 41600
637 24960
638 83200
639 41600
640 58240
641 16640
642 91520
643 33280
644 49920
645 24960
646 83200
647 49920
648 41600
649 24960
650 83200
651 49920
652 58240
653 8320
654 91520
655 33280
656 58240
657 16640
658 91520
659 41600
660 41600
661 24960
662 83200
663 49920
664 58240
665 8320
666 91520
667 33280
668 58240
669 16640
670 91520
671 41600
672 41600
673 24960
674 83200
675 49920
676 58240
677 8320
678 91520
679 33280
680 58240
681 16640
682 91520
683 41600
684 41600
685 24960
686 83200
687 49920
688 58240
689 8320
690 91520
691 33280
692 58240
693 16640
694 91520
695 41600
696 41600
697 24960
698 83200
699 49920
700 58240
701 8320
702 91520
703 41600
704 58240
705 8320
706 99840
707 33280
708 49920
709 16640
710 83200
711 58240
712 58240
713 0
714 91520
715 41600
716 58240
717 8320
718 99840
719 33280
720 49920
721 16640
722 83200
723 58240
724 58240
725 0
726 91520
727 41600
728 58240
729 8320
730 99840
731 33280
732 49920
733 16640
734 83200
735 58240
736 58240
737 0
738 91520
739 41600
740 58240
741 8320
742 99840
743 33280
744 49920
745 16640
746 83200
747 58240
748 58240
749 0
750 91520
751 41600
752 58240
753 8320
754 99840
755 33280
756 58240
757 8320
758 91520
759 58240
760 49920
761 0
762 91520
763 49920
764 58240
765 0
766 99840
767 33280
768 58240
769 8320
770 91520
771 58240
772 49920
773 0
774 91520
775 49920
776 58240
777 0
778 99840
779 33280
780 58240
781 8320
782 91520
783 58240
784 49920
785 0
786 91520
787 49920
788 58240
789 0
790 99840
791 33280
792 58240
793 8320
794 91520
795 58240
796 49920
797 0
798 91520
799 49920
800 58240
801 0
802 99840
803 33280
804 58240
805 8320
806 99840
807 58240
808 41600
809 0
810 91520
811 58240
812 49920
813 0
814 99840
815 41600
816 58240
817 0
818 99840
819 58240
820 41600
821 0
822 91520
823 58240
824 49920
825 0
826 99840
827 41600
828 58240
829 0
830 99840
831 58240
832 41600
833 0
834 91520
835 58240
836 49920
837 0
838 99840
839 41600
840 58240
841 0
842 99840
843 58240
844 41600
845 0
846 91520
847 58240
848 49920
849 0
850 99840
851 41600
852 58240
853 0
854 99840
855 58240
856 41600
857 0
858 99840
859 58240
860 41600
861 0
862 99840
863 49920
864 49920
865 0
866 108160
867 49920
868 41600
869 0
870 99840
871 58240
872 41600
873 0
874 99840
875 49920
876 49920
877 0
878 108160
879 49920
880 41600
881 0
882 99840
883 58240
884 41600
885 0
886 99840
887 49920
888 49920
889 0
890 108160
891 49920
892 41600
893 0
894 99840
895 58240
896 41600
897 0
898 99840
899 49920
900 49920
901 0
902 108160
903 49920
904 41600
905 0
906 99840
907 58240
908 41600
909 0
910 99840
911 58240
912 41600
913 0
914 116480
915 41600
916 41600
917 66560
918 41600
919 58240
920 33280
921 0
922 99840
923 58240
924 41600
925 0
926 116480
927 41600
928 41600
929 66560
930 41600
931 58240
932 33280
933 0
934 99840
935 58240
936 41600
937 0
938 116480
939 41600
940 41600
941 66560
942 41600
943 58240
944 33280
945 0
946 99840
947 58240
948 41600
949 0
950 116480
951 41600
952 41600
953 66560
954 41600
955 58240
956 33280
957 0
958 99840
959 58240
960 41600
961 0
962 116480
963 41600
964 41600
965 66560
966 49920
967 49920
968 33280
969 66560
970 41600
971 58240
972 33280
973 0
974 116480
975 41600
976 41600
977 66560
978 49920
979 49920
980 33280
981 66560
982 41600
983 58240
984 33280
985 0
986 116480
987 41600
988 41600
989 66560
990 49920
991 49920
992 33280
993 66560
994 41600
995 58240
996 33280
997 0
998 116480
999 41600
