0 0
1 50240
2 16640
3 58240
4 74880
5 66560
6 74880
7 33280
8 108160
9 49920
10 58240
11 33280
12 83200
13 66560
14 41600
15 0
16 99840
17 41600
18 58240
19 0
20 91520
21 66560
22 49920
23 58240
24 74880
25 58240
26 58240
27 0
28 91520
29 41600
30 58240
31 8320
32 83200
33 49920
34 49920
35 16640
36 83200
37 58240
38 58240
39 0
40 91520
41 41600
42 58240
43 8320
44 83200
45 49920
46 49920
47 16640
48 83200
49 58240
50 58240
51 0
52 91520
53 41600
54 58240
55 8320
56 83200
57 49920
58 49920
59 16640
60 83200
61 58240
62 58240
63 0
64 91520
65 41600
66 58240
67 8320
68 83200
69 49920
70 49920
71 16640
72 83200
73 58240
74 58240
75 0
76 91520
77 49920
78 58240
79 0
80 91520
81 41600
82 58240
83 8320
84 83200
85 66560
86 49920
87 0
88 91520
89 49920
90 58240
91 0
92 91520
93 41600
94 58240
95 8320
96 83200
97 66560
98 49920
99 0
100 91520
101 49920
102 58240
103 0
104 91520
105 41600
106 58240
107 8320
108 83200
109 66560
110 49920
111 0
112 91520
113 49920
114 58240
115 0
116 91520
117 41600
118 58240
119 8320
120 83200
121 66560
122 49920
123 0
124 91520
125 49920
126 58240
127 0
128 91520
129 49920
130 58240
131 0
132 91520
133 66560
134 41600
135 0
136 91520
137 58240
138 49920
139 0
140 99840
141 41600
142 58240
143 0
144 91520
145 66560
146 41600
147 0
148 91520
149 58240
150 49920
151 0
152 99840
153 41600
154 58240
155 0
156 91520
157 66560
158 41600
159 0
160 91520
161 58240
162 49920
163 0
164 99840
165 41600
166 58240
167 0
168 91520
169 66560
170 41600
171 0
172 91520
173 58240
174 49920
175 0
176 99840
177 41600
178 58240
179 0
180 91520
181 66560
182 41600
183 0
184 91520
185 66560
186 41600
187 0
188 99840
189 49920
190 49920
191 0
192 99840
193 58240
194 41600
195 0
196 91520
197 66560
198 41600
199 0
200 99840
201 49920
202 49920
203 0
204 99840
205 58240
206 41600
207 0
208 91520
209 66560
210 41600
211 0
212 99840
213 49920
214 49920
215 0
216 99840
217 58240
218 41600
219 0
220 91520
221 66560
222 41600
223 0
224 99840
225 49920
226 49920
227 0
228 99840
229 58240
230 41600
231 0
232 91520
233 74880
234 33280
235 0
236 99840
237 58240
238 41600
239 0
240 108160
241 49920
242 41600
243 0
244 99840
245 66560
246 33280
247 0
248 99840
249 58240
250 41600
251 0
252 108160
253 49920
254 41600
255 0
256 99840
257 66560
258 33280
259 0
260 99840
261 58240
262 41600
263 0
264 108160
265 49920
266 41600
267 0
268 99840
269 66560
270 33280
271 0
272 99840
273 58240
274 41600
275 0
276 108160
277 49920
278 41600
279 0
280 99840
281 66560
282 33280
283 0
284 99840
285 66560
286 33280
287 0
288 116480
289 41600
290 41600
291 0
292 108160
293 58240
294 33280
295 0
296 99840
297 66560
298 33280
299 0
300 116480
301 41600
302 41600
303 0
304 108160
305 58240
306 33280
307 0
308 99840
309 66560
310 33280
311 0
312 116480
313 41600
314 41600
315 0
316 108160
317 58240
318 33280
319 0
320 99840
321 66560
322 33280
323 0
324 116480
325 41600
326 41600
327 0
328 108160
329 58240
330 33280
331 0
332 99840
333 66560
334 33280
335 0
336 116480
337 41600
338 41600
339 66560
340 49920
341 49920
342 33280
343 0
344 108160
345 66560
346 24960
347 0
348 116480
349 41600
350 41600
351 66560
352 49920
353 49920
354 33280
355 0
356 108160
357 66560
358 24960
359 0
360 116480
361 41600
362 41600
363 66560
364 49920
365 49920
366 33280
367 0
368 108160
369 66560
370 24960
371 0
372 116480
373 41600
374 41600
375 66560
376 49920
377 49920
378 33280
379 0
380 108160
381 66560
382 24960
383 0
384 116480
385 41600
386 41600
387 66560
388 49920
389 49920
390 33280
391 66560
392 49920
393 58240
394 24960
395 0
396 116480
397 41600
398 41600
399 66560
400 58240
401 41600
402 33280
403 66560
404 49920
405 58240
406 24960
407 0
408 116480
409 41600
410 41600
411 66560
412 58240
413 41600
414 33280
415 66560
416 49920
417 58240
418 24960
419 0
420 116480
421 41600
422 41600
423 66560
424 58240
425 41600
426 33280
427 66560
428 49920
429 58240
430 24960
431 0
432 116480
433 41600
434 41600
435 66560
436 58240
437 41600
438 33280
439 66560
440 49920
441 58240
442 24960
443 66560
444 49920
445 49920
446 33280
447 66560
448 58240
449 41600
450 33280
451 74880
452 49920
453 49920
454 24960
455 66560
456 49920
457 49920
458 33280
459 66560
460 58240
461 41600
462 33280
463 74880
464 49920
465 49920
466 24960
467 66560
468 49920
469 49920
470 33280
471 66560
472 58240
473 41600
474 33280
475 74880
476 49920
477 49920
478 24960
479 66560
480 49920
481 49920
482 33280
483 66560
484 58240
485 41600
486 33280
487 74880
488 49920
489 49920
490 24960
491 66560
492 49920
493 58240
494 24960
495 66560
496 58240
497 41600
498 33280
499 74880
500 58240
501 41600
502 24960
503 74880
504 41600
505 58240
506 24960
507 66560
508 58240
509 41600
510 33280
511 74880
512 58240
513 41600
514 24960
515 74880
516 41600
517 58240
518 24960
519 66560
520 58240
521 41600
522 33280
523 74880
524 58240
525 41600
526 24960
527 74880
528 41600
529 58240
530 24960
531 66560
532 58240
533 41600
534 33280
535 74880
536 58240
537 41600
538 24960
539 74880
540 41600
541 58240
542 24960
543 66560
544 58240
545 49920
546 24960
547 74880
548 58240
549 41600
550 24960
551 83200
552 41600
553 58240
554 16640
555 74880
556 49920
557 49920
558 24960
559 74880
560 58240
561 41600
562 24960
563 83200
564 41600
565 58240
566 16640
567 74880
568 49920
569 49920
570 24960
571 74880
572 58240
573 41600
574 24960
575 83200
576 41600
577 58240
578 16640
579 74880
580 49920
581 49920
582 24960
583 74880
584 58240
585 41600
586 24960
587 83200
588 41600
589 58240
590 16640
591 74880
592 49920
593 49920
594 24960
595 74880
596 58240
597 41600
598 24960
599 83200
600 49920
601 58240
602 8320
603 83200
604 41600
605 58240
606 16640
607 74880
608 58240
609 41600
610 24960
611 83200
612 49920
613 58240
614 8320
615 83200
616 41600
617 58240
618 16640
619 74880
620 58240
621 41600
622 24960
623 83200
624 49920
625 58240
626 8320
627 83200
628 41600
629 58240
630 16640
631 74880
632 58240
633 41600
634 24960
635 83200
636 49920
637 58240
638 8320
639 83200
640 41600
641 58240
642 16640
643 74880
644 58240
645 41600
646 24960
647 83200
648 49920
649 66560
650 0
651 91520
652 41600
653 58240
654 8320
655 83200
656 49920
657 49920
658 16640
659 83200
660 58240
661 58240
662 0
663 91520
664 41600
665 58240
666 8320
667 83200
668 49920
669 49920
670 16640
671 83200
672 58240
673 58240
674 0
675 91520
676 41600
677 58240
678 8320
679 83200
680 49920
681 49920
682 16640
683 83200
684 58240
685 58240
686 0
687 91520
688 41600
689 58240
690 8320
691 83200
692 49920
693 49920
694 16640
695 83200
696 58240
697 58240
698 0
699 91520
700 41600
701 66560
702 0
703 91520
704 41600
705 58240
706 8320
707 83200
708 66560
709 49920
710 0
711 91520
712 49920
713 58240
714 0
715 91520
716 41600
717 58240
718 8320
719 83200
720 66560
721 49920
722 0
723 91520
724 49920
725 58240
726 0
727 91520
728 41600
729 58240
730 8320
731 83200
732 66560
733 49920
734 0
735 91520
736 49920
737 58240
738 0
739 91520
740 41600
741 58240
742 8320
743 83200
744 66560
745 49920
746 0
747 91520
748 49920
749 58240
750 0
751 91520
752 41600
753 66560
754 0
755 91520
756 66560
757 41600
758 0
759 91520
760 58240
761 49920
762 0
763 99840
764 41600
765 58240
766 0
767 91520
768 66560
769 41600
770 0
771 91520
772 58240
773 49920
774 0
775 99840
776 41600
777 58240
778 0
779 91520
780 66560
781 41600
782 0
783 91520
784 58240
785 49920
786 0
787 99840
788 41600
789 58240
790 0
791 91520
792 66560
793 41600
794 0
795 91520
796 58240
797 49920
798 0
799 99840
800 41600
801 58240
802 0
803 91520
804 66560
805 41600
806 0
807 91520
808 66560
809 41600
810 0
811 99840
812 49920
813 49920
814 0
815 99840
816 58240
817 41600
818 0
819 91520
820 66560
821 41600
822 0
823 99840
824 49920
825 49920
826 0
827 99840
828 58240
829 41600
830 0
831 91520
832 66560
833 41600
834 0
835 99840
836 49920
837 49920
838 0
839 99840
840 58240
841 41600
842 0
843 91520
844 66560
845 41600
846 0
847 99840
848 49920
849 49920
850 0
851 99840
852 58240
853 41600
854 0
855 91520
856 66560
857 41600
858 0
859 99840
860 58240
861 41600
862 0
863 108160
864 49920
865 41600
866 0
867 99840
868 66560
869 33280
870 0
871 99840
872 58240
873 41600
874 0
875 108160
876 49920
877 41600
878 0
879 99840
880 66560
881 33280
882 0
883 99840
884 58240
885 41600
886 0
887 108160
888 49920
889 41600
890 0
891 99840
892 66560
893 33280
894 0
895 99840
896 58240
897 41600
898 0
899 108160
900 49920
901 41600
902 0
903 99840
904 66560
905 33280
906 0
907 99840
908 58240
909 41600
910 0
911 116480
912 41600
913 41600
914 0
915 108160
916 58240
917 33280
918 0
919 99840
920 66560
921 33280
922 0
923 116480
924 41600
925 41600
926 0
927 108160
928 58240
929 33280
930 0
931 99840
932 66560
933 33280
934 0
935 116480
936 41600
937 41600
938 0
939 108160
940 58240
941 33280
942 0
943 99840
944 66560
945 33280
946 0
947 116480
948 41600
949 41600
950 0
951 108160
952 58240
953 33280
954 0
955 99840
956 66560
957 33280
958 0
959 116480
960 41600
961 41600
962 66560
963 49920
964 49920
965 33280
966 0
967 108160
968 66560
969 24960
970 0
971 116480
972 41600
973 41600
974 66560
975 49920
976 49920
977 33280
978 0
979 108160
980 66560
981 24960
982 0
983 116480
984 41600
985 41600
986 66560
987 49920
988 49920
989 33280
990 0
991 108160
992 66560
993 24960
994 0
995 116480
996 41600
997 41600
998 66560
999 49920
