0 0
1 50240
2 16640
3 58240
4 66560
5 66560
6 41600
7 0
8 116480
9 66560
10 66560
11 8320
12 108160
13 41600
14 49920
15 0
16 91520
17 66560
18 41600
19 0
20 99840
21 49920
22 49920
23 0
24 99840
25 58240
26 41600
27 0
28 99840
29 66560
30 33280
31 0
32 99840
33 58240
34 41600
35 0
36 108160
37 49920
38 41600
39 0
40 99840
41 66560
42 33280
43 0
44 99840
45 58240
46 41600
47 0
48 108160
49 49920
50 41600
51 0
52 99840
53 66560
54 33280
55 0
56 99840
57 58240
58 41600
59 0
60 108160
61 49920
62 41600
63 0
64 99840
65 66560
66 33280
67 0
68 99840
69 58240
70 41600
71 0
72 108160
73 49920
74 41600
75 0
76 99840
77 66560
78 33280
79 0
80 99840
81 66560
82 33280
83 0
84 116480
85 41600
86 41600
87 0
88 108160
89 58240
90 33280
91 0
92 99840
93 66560
94 33280
95 0
96 116480
97 41600
98 41600
99 0
100 108160
101 58240
102 33280
103 0
104 99840
105 66560
106 33280
107 0
108 116480
109 41600
110 41600
111 0
112 108160
113 58240
114 33280
115 0
116 99840
117 66560
118 33280
119 0
120 116480
121 41600
122 41600
123 0
124 108160
125 58240
126 33280
127 0
128 99840
129 74880
130 24960
131 0
132 116480
133 41600
134 41600
135 66560
136 49920
137 49920
138 33280
139 0
140 108160
141 66560
142 24960
143 0
144 116480
145 41600
146 41600
147 66560
148 49920
149 49920
150 33280
151 0
152 108160
153 66560
154 24960
155 0
156 116480
157 41600
158 41600
159 66560
160 49920
161 49920
162 33280
163 0
164 108160
165 66560
166 24960
167 0
168 116480
169 41600
170 41600
171 66560
172 49920
173 49920
174 33280
175 0
176 108160
177 66560
178 24960
179 0
180 116480
181 41600
182 41600
183 66560
184 58240
185 41600
186 33280
187 66560
188 49920
189 58240
190 24960
191 0
192 116480
193 41600
194 41600
195 66560
196 58240
197 41600
198 33280
199 66560
200 49920
201 58240
202 24960
203 0
204 116480
205 41600
206 41600
207 66560
208 58240
209 41600
210 33280
211 66560
212 49920
213 58240
214 24960
215 0
216 116480
217 41600
218 41600
219 66560
220 58240
221 41600
222 33280
223 66560
224 49920
225 58240
226 24960
227 0
228 116480
229 41600
230 41600
231 66560
232 58240
233 41600
234 33280
235 74880
236 49920
237 49920
238 24960
239 66560
240 49920
241 49920
242 33280
243 66560
244 58240
245 41600
246 33280
247 74880
248 49920
249 49920
250 24960
251 66560
252 49920
253 49920
254 33280
255 66560
256 58240
257 41600
258 33280
259 74880
260 49920
261 49920
262 24960
263 66560
264 49920
265 49920
266 33280
267 66560
268 58240
269 41600
270 33280
271 74880
272 49920
273 49920
274 24960
275 66560
276 49920
277 49920
278 33280
279 66560
280 58240
281 41600
282 33280
283 74880
284 49920
285 49920
286 24960
287 74880
288 41600
289 58240
290 24960
291 66560
292 58240
293 41600
294 33280
295 74880
296 58240
297 41600
298 24960
299 74880
300 41600
301 58240
302 24960
303 66560
304 58240
305 41600
306 33280
307 74880
308 58240
309 41600
310 24960
311 74880
312 41600
313 58240
314 24960
315 66560
316 58240
317 41600
318 33280
319 74880
320 58240
321 41600
322 24960
323 74880
324 41600
325 58240
326 24960
327 66560
328 58240
329 41600
330 33280
331 74880
332 58240
333 41600
334 24960
335 74880
336 41600
337 66560
338 16640
339 74880
340 49920
341 49920
342 24960
343 74880
344 58240
345 41600
346 24960
347 83200
348 41600
349 58240
350 16640
351 74880
352 49920
353 49920
354 24960
355 74880
356 58240
357 41600
358 24960
359 83200
360 41600
361 58240
362 16640
363 74880
364 49920
365 49920
366 24960
367 74880
368 58240
369 41600
370 24960
371 83200
372 41600
373 58240
374 16640
375 74880
376 49920
377 49920
378 24960
379 74880
380 58240
381 41600
382 24960
383 83200
384 41600
385 58240
386 16640
387 74880
388 49920
389 58240
390 16640
391 74880
392 58240
393 41600
394 24960
395 83200
396 49920
397 58240
398 8320
399 83200
400 41600
401 58240
402 16640
403 74880
404 58240
405 41600
406 24960
407 83200
408 49920
409 58240
410 8320
411 83200
412 41600
413 58240
414 16640
415 74880
416 58240
417 41600
418 24960
419 83200
420 49920
421 58240
422 8320
423 83200
424 41600
425 58240
426 16640
427 74880
428 58240
429 41600
430 24960
431 83200
432 49920
433 58240
434 8320
435 83200
436 41600
437 58240
438 16640
439 74880
440 58240
441 49920
442 16640
443 83200
444 58240
445 58240
446 0
447 91520
448 41600
449 58240
450 8320
451 83200
452 49920
453 49920
454 16640
455 83200
456 58240
457 58240
458 0
459 91520
460 41600
461 58240
462 8320
463 83200
464 49920
465 49920
466 16640
467 83200
468 58240
469 58240
470 0
471 91520
472 41600
473 58240
474 8320
475 83200
476 49920
477 49920
478 16640
479 83200
480 58240
481 58240
482 0
483 91520
484 41600
485 58240
486 8320
487 83200
488 49920
489 49920
490 16640
491 83200
492 58240
493 58240
494 0
495 91520
496 49920
497 58240
498 0
499 91520
500 41600
501 58240
502 8320
503 83200
504 66560
505 49920
506 0
507 91520
508 49920
509 58240
510 0
511 91520
512 41600
513 58240
514 8320
515 83200
516 66560
517 49920
518 0
519 91520
520 49920
521 58240
522 0
523 91520
524 41600
525 58240
526 8320
527 83200
528 66560
529 49920
530 0
531 91520
532 49920
533 58240
534 0
535 91520
536 41600
537 58240
538 8320
539 83200
540 66560
541 49920
542 0
543 91520
544 49920
545 58240
546 0
547 99840
548 41600
549 58240
550 0
551 91520
552 66560
553 41600
554 0
555 91520
556 58240
557 49920
558 0
559 99840
560 41600
561 58240
562 0
563 91520
564 66560
565 41600
566 0
567 91520
568 58240
569 49920
570 0
571 99840
572 41600
573 58240
574 0
575 91520
576 66560
577 41600
578 0
579 91520
580 58240
581 49920
582 0
583 99840
584 41600
585 58240
586 0
587 91520
588 66560
589 41600
590 0
591 91520
592 58240
593 49920
594 0
595 99840
596 41600
597 58240
598 0
599 99840
600 58240
601 41600
602 0
603 91520
604 66560
605 41600
606 0
607 99840
608 49920
609 49920
610 0
611 99840
612 58240
613 41600
614 0
615 91520
616 66560
617 41600
618 0
619 99840
620 49920
621 49920
622 0
623 99840
624 58240
625 41600
626 0
627 91520
628 66560
629 41600
630 0
631 99840
632 49920
633 49920
634 0
635 99840
636 58240
637 41600
638 0
639 91520
640 66560
641 41600
642 0
643 99840
644 49920
645 49920
646 0
647 99840
648 58240
649 41600
650 0
651 99840
652 66560
653 33280
654 0
655 99840
656 58240
657 41600
658 0
659 108160
660 49920
661 41600
662 0
663 99840
664 66560
665 33280
666 0
667 99840
668 58240
669 41600
670 0
671 108160
672 49920
673 41600
674 0
675 99840
676 66560
677 33280
678 0
679 99840
680 58240
681 41600
682 0
683 108160
684 49920
685 41600
686 0
687 99840
688 66560
689 33280
690 0
691 99840
692 58240
693 41600
694 0
695 108160
696 49920
697 41600
698 0
699 99840
700 66560
701 33280
702 0
703 99840
704 66560
705 33280
706 0
707 116480
708 41600
709 41600
710 0
711 108160
712 58240
713 33280
714 0
715 99840
716 66560
717 33280
718 0
719 116480
720 41600
721 41600
722 0
723 108160
724 58240
725 33280
726 0
727 99840
728 66560
729 33280
730 0
731 116480
732 41600
733 41600
734 0
735 108160
736 58240
737 33280
738 0
739 99840
740 66560
741 33280
742 0
743 116480
744 41600
745 41600
746 0
747 108160
748 58240
749 33280
750 0
751 99840
752 66560
753 33280
754 0
755 116480
756 41600
757 41600
758 66560
759 49920
760 49920
761 33280
762 0
763 108160
764 66560
765 24960
766 0
767 116480
768 41600
769 41600
770 66560
771 49920
772 49920
773 33280
774 0
775 108160
776 66560
777 24960
778 0
779 116480
780 41600
781 41600
782 66560
783 49920
784 49920
785 33280
786 0
787 108160
788 66560
789 24960
790 0
791 116480
792 41600
793 41600
794 66560
795 49920
796 49920
797 33280
798 0
799 108160
800 66560
801 24960
802 0
803 116480
804 41600
805 41600
806 66560
807 58240
808 41600
809 33280
810 66560
811 49920
812 58240
813 24960
814 0
815 116480
816 41600
817 41600
818 66560
819 58240
820 41600
821 33280
822 66560
823 49920
824 58240
825 24960
826 0
827 116480
828 41600
829 41600
830 66560
831 58240
832 41600
833 33280
834 66560
835 49920
836 58240
837 24960
838 0
839 116480
840 41600
841 41600
842 66560
843 58240
844 41600
845 33280
846 66560
847 49920
848 58240
849 24960
850 0
851 116480
852 41600
853 41600
854 66560
855 58240
856 41600
857 33280
858 74880
859 49920
860 49920
861 24960
862 66560
863 49920
864 49920
865 33280
866 66560
867 58240
868 41600
869 33280
870 74880
871 49920
872 49920
873 24960
874 66560
875 49920
876 49920
877 33280
878 66560
879 58240
880 41600
881 33280
882 74880
883 49920
884 49920
885 24960
886 66560
887 49920
888 49920
889 33280
890 66560
891 58240
892 41600
893 33280
894 74880
895 49920
896 49920
897 24960
898 66560
899 49920
900 49920
901 33280
902 66560
903 58240
904 41600
905 33280
906 74880
907 49920
908 49920
909 24960
910 74880
911 41600
912 58240
913 24960
914 66560
915 58240
916 41600
917 33280
918 74880
919 58240
920 41600
921 24960
922 74880
923 41600
924 58240
925 24960
926 66560
927 58240
928 41600
929 33280
930 74880
931 58240
932 41600
933 24960
934 74880
935 41600
936 58240
937 24960
938 66560
939 58240
940 41600
941 33280
942 74880
943 58240
944 41600
945 24960
946 74880
947 41600
948 58240
949 24960
950 66560
951 58240
952 41600
953 33280
954 74880
955 58240
956 41600
957 24960
958 74880
959 41600
960 58240
961 24960
962 74880
963 49920
964 49920
965 24960
966 74880
967 58240
968 41600
969 24960
970 83200
971 41600
972 58240
973 16640
974 74880
975 49920
976 49920
977 24960
978 74880
979 58240
980 41600
981 24960
982 83200
983 41600
984 58240
985 16640
986 74880
987 49920
988 49920
989 24960
990 74880
991 58240
992 41600
993 24960
994 83200
995 41600
996 58240
997 16640
998 74880
999 49920
