0 0
1 50240
2 16640
3 58240
4 41600
5 41600
6 33280
7 74880
8 49920
9 41600
10 33280
11 74880
12 58240
13 41600
14 24960
15 83200
16 33280
17 49920
18 33280
19 74880
20 49920
21 41600
22 33280
23 74880
24 58240
25 41600
26 24960
27 83200
28 33280
29 58240
30 24960
31 83200
32 41600
33 41600
34 33280
35 74880
36 58240
37 41600
38 24960
39 83200
40 33280
41 58240
42 24960
43 83200
44 41600
45 41600
46 33280
47 74880
48 58240
49 41600
50 24960
51 83200
52 33280
53 58240
54 24960
55 83200
56 41600
57 41600
58 33280
59 74880
60 58240
61 41600
62 24960
63 83200
64 33280
65 58240
66 24960
67 83200
68 41600
69 41600
70 33280
71 74880
72 58240
73 41600
74 24960
75 83200
76 33280
77 66560
78 16640
79 91520
80 33280
81 49920
82 24960
83 83200
84 49920
85 41600
86 24960
87 83200
88 41600
89 58240
90 16640
91 91520
92 33280
93 49920
94 24960
95 83200
96 49920
97 41600
98 24960
99 83200
100 41600
101 58240
102 16640
103 91520
104 33280
105 49920
106 24960
107 83200
108 49920
109 41600
110 24960
111 83200
112 41600
113 58240
114 16640
115 91520
116 33280
117 49920
118 24960
119 83200
120 49920
121 41600
122 24960
123 83200
124 41600
125 58240
126 16640
127 91520
128 33280
129 58240
130 16640
131 91520
132 41600
133 41600
134 24960
135 83200
136 49920
137 58240
138 8320
139 91520
140 33280
141 58240
142 16640
143 91520
144 41600
145 41600
146 24960
147 83200
148 49920
149 58240
150 8320
151 91520
152 33280
153 58240
154 16640
155 91520
156 41600
157 41600
158 24960
159 83200
160 49920
161 58240
162 8320
163 91520
164 33280
165 58240
166 16640
167 91520
168 41600
169 41600
170 24960
171 83200
172 49920
173 58240
174 8320
175 91520
176 33280
177 58240
178 16640
179 91520
180 41600
181 49920
182 16640
183 83200
184 58240
185 58240
186 0
187 91520
188 41600
189 58240
190 8320
191 99840
192 33280
193 49920
194 16640
195 83200
196 58240
197 58240
198 0
199 91520
200 41600
201 58240
202 8320
203 99840
204 33280
205 49920
206 16640
207 83200
208 58240
209 58240
210 0
211 91520
212 41600
213 58240
214 8320
215 99840
216 33280
217 49920
218 16640
219 83200
220 58240
221 58240
222 0
223 91520
224 41600
225 58240
226 8320
227 99840
228 33280
229 49920
230 16640
231 83200
232 58240
233 58240
234 0
235 91520
236 49920
237 58240
238 0
239 99840
240 33280
241 58240
242 8320
243 91520
244 58240
245 49920
246 0
247 91520
248 49920
249 58240
250 0
251 99840
252 33280
253 58240
254 8320
255 91520
256 58240
257 49920
258 0
259 91520
260 49920
261 58240
262 0
263 99840
264 33280
265 58240
266 8320
267 91520
268 58240
269 49920
270 0
271 91520
272 49920
273 58240
274 0
275 99840
276 33280
277 58240
278 8320
279 91520
280 58240
281 49920
282 0
283 91520
284 49920
285 58240
286 0
287 99840
288 41600
289 58240
290 0
291 99840
292 58240
293 41600
294 0
295 91520
296 58240
297 49920
298 0
299 99840
300 41600
301 58240
302 0
303 99840
304 58240
305 41600
306 0
307 91520
308 58240
309 49920
310 0
311 99840
312 41600
313 58240
314 0
315 99840
316 58240
317 41600
318 0
319 91520
320 58240
321 49920
322 0
323 99840
324 41600
325 58240
326 0
327 99840
328 58240
329 41600
330 0
331 91520
332 58240
333 49920
334 0
335 99840
336 41600
337 58240
338 0
339 108160
340 49920
341 41600
342 0
343 99840
344 58240
345 41600
346 0
347 99840
348 49920
349 49920
350 0
351 108160
352 49920
353 41600
354 0
355 99840
356 58240
357 41600
358 0
359 99840
360 49920
361 49920
362 0
363 108160
364 49920
365 41600
366 0
367 99840
368 58240
369 41600
370 0
371 99840
372 49920
373 49920
374 0
375 108160
376 49920
377 41600
378 0
379 99840
380 58240
381 41600
382 0
383 99840
384 49920
385 49920
386 0
387 108160
388 49920
389 41600
390 66560
391 41600
392 58240
393 33280
394 0
395 99840
396 58240
397 41600
398 0
399 116480
400 41600
401 41600
402 66560
403 41600
404 58240
405 33280
406 0
407 99840
408 58240
409 41600
410 0
411 116480
412 41600
413 41600
414 66560
415 41600
416 58240
417 33280
418 0
419 99840
420 58240
421 41600
422 0
423 116480
424 41600
425 41600
426 66560
427 41600
428 58240
429 33280
430 0
431 99840
432 58240
433 41600
434 0
435 116480
436 41600
437 41600
438 66560
439 41600
440 58240
441 33280
442 66560
443 41600
444 58240
445 33280
446 0
447 116480
448 41600
449 41600
450 66560
451 49920
452 49920
453 33280
454 66560
455 41600
456 58240
457 33280
458 0
459 116480
460 41600
461 41600
462 66560
463 49920
464 49920
465 33280
466 66560
467 41600
468 58240
469 33280
470 0
471 116480
472 41600
473 41600
474 66560
475 49920
476 49920
477 33280
478 66560
479 41600
480 58240
481 33280
482 0
483 116480
484 41600
485 41600
486 66560
487 49920
488 49920
489 33280
490 66560
491 41600
492 58240
493 33280
494 66560
495 49920
496 41600
497 41600
498 66560
499 58240
500 41600
501 33280
502 74880
503 41600
504 58240
505 24960
506 66560
507 49920
508 41600
509 41600
510 66560
511 58240
512 41600
513 33280
514 74880
515 41600
516 58240
517 24960
518 66560
519 49920
520 41600
521 41600
522 66560
523 58240
524 41600
525 33280
526 74880
527 41600
528 58240
529 24960
530 66560
531 49920
532 41600
533 41600
534 66560
535 58240
536 41600
537 33280
538 74880
539 41600
540 58240
541 24960
542 66560
543 49920
544 41600
545 41600
546 66560
547 58240
548 41600
549 33280
550 74880
551 49920
552 49920
553 24960
554 74880
555 41600
556 41600
557 41600
558 66560
559 58240
560 41600
561 33280
562 74880
563 49920
564 49920
565 24960
566 74880
567 41600
568 41600
569 41600
570 66560
571 58240
572 41600
573 33280
574 74880
575 49920
576 49920
577 24960
578 74880
579 41600
580 41600
581 41600
582 66560
583 58240
584 41600
585 33280
586 74880
587 49920
588 49920
589 24960
590 74880
591 41600
592 41600
593 41600
594 66560
595 58240
596 41600
597 33280
598 74880
599 58240
600 41600
601 24960
602 83200
603 33280
604 49920
605 33280
606 74880
607 49920
608 41600
609 33280
610 74880
611 58240
612 41600
613 24960
614 83200
615 33280
616 49920
617 33280
618 74880
619 49920
620 41600
621 33280
622 74880
623 58240
624 41600
625 24960
626 83200
627 33280
628 49920
629 33280
630 74880
631 49920
632 41600
633 33280
634 74880
635 58240
636 41600
637 24960
638 83200
639 33280
640 49920
641 33280
642 74880
643 49920
644 41600
645 33280
646 74880
647 58240
648 41600
649 24960
650 83200
651 33280
652 58240
653 24960
654 83200
655 41600
656 41600
657 33280
658 74880
659 58240
660 41600
661 24960
662 83200
663 33280
664 58240
665 24960
666 83200
667 41600
668 41600
669 33280
670 74880
671 58240
672 41600
673 24960
674 83200
675 33280
676 58240
677 24960
678 83200
679 41600
680 41600
681 33280
682 74880
683 58240
684 41600
685 24960
686 83200
687 33280
688 58240
689 24960
690 83200
691 41600
692 41600
693 33280
694 74880
695 58240
696 41600
697 24960
698 83200
699 33280
700 58240
701 24960
702 91520
703 33280
704 49920
705 24960
706 83200
707 49920
708 41600
709 24960
710 83200
711 41600
712 58240
713 16640
714 91520
715 33280
716 49920
717 24960
718 83200
719 49920
720 41600
721 24960
722 83200
723 41600
724 58240
725 16640
726 91520
727 33280
728 49920
729 24960
730 83200
731 49920
732 41600
733 24960
734 83200
735 41600
736 58240
737 16640
738 91520
739 33280
740 49920
741 24960
742 83200
743 49920
744 41600
745 24960
746 83200
747 41600
748 58240
749 16640
750 91520
751 33280
752 49920
753 24960
754 91520
755 41600
756 41600
757 24960
758 83200
759 49920
760 58240
761 8320
762 91520
763 33280
764 58240
765 16640
766 91520
767 41600
768 41600
769 24960
770 83200
771 49920
772 58240
773 8320
774 91520
775 33280
776 58240
777 16640
778 91520
779 41600
780 41600
781 24960
782 83200
783 49920
784 58240
785 8320
786 91520
787 33280
788 58240
789 16640
790 91520
791 41600
792 41600
793 24960
794 83200
795 49920
796 58240
797 8320
798 91520
799 33280
800 58240
801 16640
802 91520
803 41600
804 41600
805 24960
806 83200
807 58240
808 58240
809 0
810 91520
811 41600
812 58240
813 8320
814 99840
815 33280
816 49920
817 16640
818 83200
819 58240
820 58240
821 0
822 91520
823 41600
824 58240
825 8320
826 99840
827 33280
828 49920
829 16640
830 83200
831 58240
832 58240
833 0
834 91520
835 41600
836 58240
837 8320
838 99840
839 33280
840 49920
841 16640
842 83200
843 58240
844 58240
845 0
846 91520
847 41600
848 58240
849 8320
850 99840
851 33280
852 49920
853 16640
854 83200
855 58240
856 58240
857 0
858 91520
859 49920
860 58240
861 0
862 99840
863 33280
864 58240
865 8320
866 91520
867 58240
868 49920
869 0
870 91520
871 49920
872 58240
873 0
874 99840
875 33280
876 58240
877 8320
878 91520
879 58240
880 49920
881 0
882 91520
883 49920
884 58240
885 0
886 99840
887 33280
888 58240
889 8320
890 91520
891 58240
892 49920
893 0
894 91520
895 49920
896 58240
897 0
898 99840
899 33280
900 58240
901 8320
902 91520
903 58240
904 49920
905 0
906 91520
907 49920
908 58240
909 0
910 99840
911 41600
912 58240
913 0
914 99840
915 58240
916 41600
917 0
918 91520
919 58240
920 49920
921 0
922 99840
923 41600
924 58240
925 0
926 99840
927 58240
928 41600
929 0
930 91520
931 58240
932 49920
933 0
934 99840
935 41600
936 58240
937 0
938 99840
939 58240
940 41600
941 0
942 91520
943 58240
944 49920
945 0
946 99840
947 41600
948 58240
949 0
950 99840
951 58240
952 41600
953 0
954 91520
955 58240
956 49920
957 0
958 99840
959 41600
960 58240
961 0
962 108160
963 49920
964 41600
965 0
966 99840
967 58240
968 41600
969 0
970 99840
971 49920
972 49920
973 0
974 108160
975 49920
976 41600
977 0
978 99840
979 58240
980 41600
981 0
982 99840
983 49920
984 49920
985 0
986 108160
987 49920
988 41600
989 0
990 99840
991 58240
992 41600
993 0
994 99840
995 49920
996 49920
997 0
998 108160
999 49920
