0 0.0
1 56000.0
2 56000.0
3 88000.0
4 64000.0
5 64000.0
6 64000.0
7 64000.0
8 64000.0
9 72000.0
10 64000.0
11 72000.0
12 64000.0
13 72000.0
14 64000.0
15 72000.0
16 64000.0
17 64000.0
18 64000.0
19 64000.0
20 64000.0
21 72000.0
22 64000.0
23 72000.0
24 64000.0
25 72000.0
26 64000.0
27 72000.0
28 64000.0
29 64000.0
30 64000.0
31 64000.0
32 64000.0
33 72000.0
34 64000.0
35 72000.0
36 64000.0
37 72000.0
38 64000.0
39 72000.0
40 64000.0
41 64000.0
42 64000.0
43 64000.0
44 64000.0
45 72000.0
46 64000.0
47 72000.0
48 64000.0
49 72000.0
50 64000.0
51 72000.0
52 64000.0
53 64000.0
54 64000.0
55 64000.0
56 64000.0
57 72000.0
58 64000.0
59 72000.0
60 64000.0
61 72000.0
62 64000.0
63 72000.0
64 64000.0
65 64000.0
66 64000.0
67 64000.0
68 64000.0
69 72000.0
70 64000.0
71 72000.0
72 64000.0
73 72000.0
74 64000.0
75 72000.0
76 64000.0
77 64000.0
78 64000.0
79 64000.0
80 64000.0
81 72000.0
82 64000.0
83 72000.0
84 64000.0
85 72000.0
86 64000.0
87 72000.0
88 64000.0
89 64000.0
90 64000.0
91 64000.0
92 64000.0
93 72000.0
94 64000.0
95 72000.0
96 64000.0
97 72000.0
98 64000.0
99 72000.0
100 64000.0
101 64000.0
102 64000.0
103 64000.0
104 64000.0
105 72000.0
106 64000.0
107 72000.0
108 64000.0
109 72000.0
110 64000.0
111 72000.0
112 64000.0
113 64000.0
114 64000.0
115 64000.0
116 64000.0
117 72000.0
118 64000.0
119 72000.0
120 64000.0
121 72000.0
122 64000.0
123 72000.0
124 64000.0
125 64000.0
126 64000.0
127 64000.0
128 64000.0
129 72000.0
130 64000.0
131 72000.0
132 64000.0
133 72000.0
134 64000.0
135 72000.0
136 64000.0
137 64000.0
138 64000.0
139 64000.0
140 64000.0
141 72000.0
142 64000.0
143 72000.0
144 64000.0
145 72000.0
146 64000.0
147 72000.0
148 64000.0
149 64000.0
150 64000.0
151 64000.0
152 64000.0
153 72000.0
154 64000.0
155 72000.0
156 64000.0
157 72000.0
158 64000.0
159 72000.0
160 64000.0
161 64000.0
162 64000.0
163 64000.0
164 64000.0
165 72000.0
166 64000.0
167 72000.0
168 64000.0
169 72000.0
170 64000.0
171 72000.0
172 64000.0
173 64000.0
174 64000.0
175 64000.0
176 64000.0
177 72000.0
178 64000.0
179 72000.0
180 64000.0
181 72000.0
182 64000.0
183 72000.0
184 64000.0
185 64000.0
186 64000.0
187 64000.0
188 64000.0
189 72000.0
190 64000.0
191 72000.0
192 64000.0
193 72000.0
194 64000.0
195 72000.0
196 64000.0
197 64000.0
198 64000.0
199 64000.0
200 64000.0
201 72000.0
202 64000.0
203 72000.0
204 64000.0
205 72000.0
206 64000.0
207 72000.0
208 64000.0
209 64000.0
210 64000.0
211 64000.0
212 64000.0
213 72000.0
214 64000.0
215 72000.0
216 64000.0
217 72000.0
218 64000.0
219 72000.0
220 64000.0
221 64000.0
222 64000.0
223 64000.0
224 64000.0
225 72000.0
226 64000.0
227 72000.0
228 64000.0
229 72000.0
230 64000.0
231 72000.0
232 64000.0
233 64000.0
234 64000.0
235 64000.0
236 64000.0
237 72000.0
238 64000.0
239 72000.0
240 64000.0
241 72000.0
242 64000.0
243 72000.0
244 64000.0
245 64000.0
246 64000.0
247 64000.0
248 64000.0
249 72000.0
250 64000.0
251 72000.0
252 64000.0
253 72000.0
254 64000.0
255 72000.0
256 64000.0
257 64000.0
258 64000.0
259 64000.0
260 64000.0
261 72000.0
262 64000.0
263 72000.0
264 64000.0
265 72000.0
266 64000.0
267 72000.0
268 64000.0
269 64000.0
270 64000.0
271 64000.0
272 64000.0
273 72000.0
274 64000.0
275 72000.0
276 64000.0
277 72000.0
278 64000.0
279 72000.0
280 64000.0
281 64000.0
282 64000.0
283 64000.0
284 64000.0
285 72000.0
286 64000.0
287 72000.0
288 64000.0
289 72000.0
290 64000.0
291 72000.0
292 64000.0
293 64000.0
294 64000.0
295 64000.0
296 64000.0
297 72000.0
298 64000.0
299 72000.0
300 64000.0
301 72000.0
302 64000.0
303 72000.0
304 64000.0
305 64000.0
306 64000.0
307 64000.0
308 64000.0
309 72000.0
310 64000.0
311 72000.0
312 64000.0
313 72000.0
314 64000.0
315 72000.0
316 64000.0
317 64000.0
318 64000.0
319 64000.0
320 64000.0
321 72000.0
322 64000.0
323 72000.0
324 64000.0
325 72000.0
326 64000.0
327 72000.0
328 64000.0
329 64000.0
330 64000.0
331 64000.0
332 64000.0
333 72000.0
334 64000.0
335 72000.0
336 64000.0
337 72000.0
338 64000.0
339 72000.0
340 64000.0
341 64000.0
342 64000.0
343 64000.0
344 64000.0
345 72000.0
346 64000.0
347 72000.0
348 64000.0
349 72000.0
350 64000.0
351 72000.0
352 64000.0
353 64000.0
354 64000.0
355 64000.0
356 64000.0
357 72000.0
358 64000.0
359 72000.0
360 64000.0
361 72000.0
362 64000.0
363 72000.0
364 64000.0
365 64000.0
366 64000.0
367 64000.0
368 64000.0
369 72000.0
370 64000.0
371 72000.0
372 64000.0
373 72000.0
374 64000.0
375 72000.0
376 64000.0
377 64000.0
378 64000.0
379 64000.0
380 64000.0
381 72000.0
382 64000.0
383 72000.0
384 64000.0
385 72000.0
386 64000.0
387 72000.0
388 64000.0
389 64000.0
390 64000.0
391 64000.0
392 64000.0
393 72000.0
394 64000.0
395 72000.0
396 64000.0
397 72000.0
398 64000.0
399 72000.0
400 64000.0
401 64000.0
402 64000.0
403 64000.0
404 64000.0
405 72000.0
406 64000.0
407 72000.0
408 64000.0
409 72000.0
410 64000.0
411 72000.0
412 64000.0
413 64000.0
414 64000.0
415 64000.0
416 64000.0
417 72000.0
418 64000.0
419 72000.0
420 64000.0
421 72000.0
422 64000.0
423 72000.0
424 64000.0
425 64000.0
426 64000.0
427 64000.0
428 64000.0
429 72000.0
430 64000.0
431 72000.0
432 64000.0
433 72000.0
434 64000.0
435 72000.0
436 64000.0
437 64000.0
438 64000.0
439 64000.0
440 64000.0
441 72000.0
442 64000.0
443 72000.0
444 64000.0
445 72000.0
446 64000.0
447 72000.0
448 64000.0
449 64000.0
450 64000.0
451 64000.0
452 64000.0
453 72000.0
454 64000.0
455 72000.0
456 64000.0
457 72000.0
458 64000.0
459 72000.0
460 64000.0
461 64000.0
462 64000.0
463 64000.0
464 64000.0
465 72000.0
466 64000.0
467 72000.0
468 64000.0
469 72000.0
470 64000.0
471 72000.0
472 64000.0
473 64000.0
474 64000.0
475 64000.0
476 64000.0
477 72000.0
478 64000.0
479 72000.0
480 64000.0
481 72000.0
482 64000.0
483 72000.0
484 64000.0
485 64000.0
486 64000.0
487 64000.0
488 64000.0
489 72000.0
490 64000.0
491 72000.0
492 64000.0
493 72000.0
494 64000.0
495 72000.0
496 64000.0
497 64000.0
498 64000.0
499 64000.0
500 64000.0
501 72000.0
502 64000.0
503 72000.0
504 64000.0
505 72000.0
506 64000.0
507 72000.0
508 64000.0
509 64000.0
510 64000.0
511 64000.0
512 64000.0
513 72000.0
514 64000.0
515 72000.0
516 64000.0
517 72000.0
518 64000.0
519 72000.0
520 64000.0
521 64000.0
522 64000.0
523 64000.0
524 64000.0
525 72000.0
526 64000.0
527 72000.0
528 64000.0
529 72000.0
530 64000.0
531 72000.0
532 64000.0
533 64000.0
534 64000.0
535 64000.0
536 64000.0
537 72000.0
538 64000.0
539 72000.0
540 64000.0
541 72000.0
542 64000.0
543 72000.0
544 64000.0
545 64000.0
546 64000.0
547 64000.0
548 64000.0
549 72000.0
550 64000.0
551 72000.0
552 64000.0
553 72000.0
554 64000.0
555 72000.0
556 64000.0
557 64000.0
558 64000.0
559 64000.0
560 64000.0
561 72000.0
562 64000.0
563 72000.0
564 64000.0
565 72000.0
566 64000.0
567 72000.0
568 64000.0
569 64000.0
570 64000.0
571 64000.0
572 64000.0
573 72000.0
574 64000.0
575 72000.0
576 64000.0
577 72000.0
578 64000.0
579 72000.0
580 64000.0
581 64000.0
582 64000.0
583 64000.0
584 64000.0
585 72000.0
586 64000.0
587 72000.0
588 64000.0
589 72000.0
590 64000.0
591 72000.0
592 64000.0
593 64000.0
594 64000.0
595 64000.0
596 64000.0
597 72000.0
598 64000.0
599 72000.0
600 64000.0
601 72000.0
602 64000.0
603 72000.0
604 64000.0
605 64000.0
606 64000.0
607 64000.0
608 64000.0
609 72000.0
610 64000.0
611 72000.0
612 64000.0
613 72000.0
614 64000.0
615 72000.0
616 64000.0
617 64000.0
618 64000.0
619 64000.0
620 64000.0
621 72000.0
622 64000.0
623 72000.0
624 64000.0
625 72000.0
626 64000.0
627 72000.0
628 64000.0
629 64000.0
630 64000.0
631 64000.0
632 64000.0
633 72000.0
634 64000.0
635 72000.0
636 64000.0
637 72000.0
638 64000.0
639 72000.0
640 64000.0
641 64000.0
642 64000.0
643 64000.0
644 64000.0
645 72000.0
646 64000.0
647 72000.0
648 64000.0
649 72000.0
650 64000.0
651 72000.0
652 64000.0
653 64000.0
654 64000.0
655 64000.0
656 64000.0
657 72000.0
658 64000.0
659 72000.0
660 64000.0
661 72000.0
662 64000.0
663 72000.0
664 64000.0
665 64000.0
666 64000.0
667 64000.0
668 64000.0
669 72000.0
670 64000.0
671 72000.0
672 64000.0
673 72000.0
674 64000.0
675 72000.0
676 64000.0
677 64000.0
678 64000.0
679 64000.0
680 64000.0
681 72000.0
682 64000.0
683 72000.0
684 64000.0
685 72000.0
686 64000.0
687 72000.0
688 64000.0
689 64000.0
690 64000.0
691 64000.0
692 64000.0
693 72000.0
694 64000.0
695 72000.0
696 64000.0
697 72000.0
698 64000.0
699 72000.0
700 64000.0
701 64000.0
702 64000.0
703 64000.0
704 64000.0
705 72000.0
706 64000.0
707 72000.0
708 64000.0
709 72000.0
710 64000.0
711 72000.0
712 64000.0
713 64000.0
714 64000.0
715 64000.0
716 64000.0
717 72000.0
718 64000.0
719 72000.0
720 64000.0
721 72000.0
722 64000.0
723 72000.0
724 64000.0
725 64000.0
726 64000.0
727 64000.0
728 64000.0
729 72000.0
730 64000.0
731 72000.0
732 64000.0
733 72000.0
734 64000.0
735 72000.0
736 64000.0
737 64000.0
738 64000.0
739 64000.0
740 64000.0
741 72000.0
742 64000.0
743 72000.0
744 64000.0
745 72000.0
746 64000.0
747 72000.0
748 64000.0
749 64000.0
750 64000.0
751 64000.0
752 64000.0
753 72000.0
754 64000.0
755 72000.0
756 64000.0
757 72000.0
758 64000.0
759 72000.0
760 64000.0
761 64000.0
762 64000.0
763 64000.0
764 64000.0
765 72000.0
766 64000.0
767 72000.0
768 64000.0
769 72000.0
770 64000.0
771 72000.0
772 64000.0
773 64000.0
774 64000.0
775 64000.0
776 64000.0
777 72000.0
778 64000.0
779 72000.0
780 64000.0
781 72000.0
782 64000.0
783 72000.0
784 64000.0
785 64000.0
786 64000.0
787 64000.0
788 64000.0
789 72000.0
790 64000.0
791 72000.0
792 64000.0
793 72000.0
794 64000.0
795 72000.0
796 64000.0
797 64000.0
798 64000.0
799 64000.0
800 64000.0
801 72000.0
802 64000.0
803 72000.0
804 64000.0
805 72000.0
806 64000.0
807 72000.0
808 64000.0
809 64000.0
810 64000.0
811 64000.0
812 64000.0
813 72000.0
814 64000.0
815 72000.0
816 64000.0
817 72000.0
818 64000.0
819 72000.0
820 64000.0
821 64000.0
822 64000.0
823 64000.0
824 64000.0
825 72000.0
826 64000.0
827 72000.0
828 64000.0
829 72000.0
830 64000.0
831 72000.0
832 64000.0
833 64000.0
834 64000.0
835 64000.0
836 64000.0
837 72000.0
838 64000.0
839 72000.0
840 64000.0
841 72000.0
842 64000.0
843 72000.0
844 64000.0
845 64000.0
846 64000.0
847 64000.0
848 64000.0
849 72000.0
850 64000.0
851 72000.0
852 64000.0
853 72000.0
854 64000.0
855 72000.0
856 64000.0
857 64000.0
858 64000.0
859 64000.0
860 64000.0
861 72000.0
862 64000.0
863 72000.0
864 64000.0
865 72000.0
866 64000.0
867 72000.0
868 64000.0
869 64000.0
870 64000.0
871 64000.0
872 64000.0
873 72000.0
874 64000.0
875 72000.0
876 64000.0
877 72000.0
878 64000.0
879 72000.0
880 64000.0
881 64000.0
882 64000.0
883 64000.0
884 64000.0
885 72000.0
886 64000.0
887 72000.0
888 64000.0
889 72000.0
890 64000.0
891 72000.0
892 64000.0
893 64000.0
894 64000.0
895 64000.0
896 64000.0
897 72000.0
898 64000.0
899 72000.0
900 64000.0
901 72000.0
902 64000.0
903 72000.0
904 64000.0
905 64000.0
906 64000.0
907 64000.0
908 64000.0
909 72000.0
910 64000.0
911 72000.0
912 64000.0
913 72000.0
914 64000.0
915 72000.0
916 64000.0
917 64000.0
918 64000.0
919 64000.0
920 64000.0
921 72000.0
922 64000.0
923 72000.0
924 64000.0
925 72000.0
926 64000.0
927 72000.0
928 64000.0
929 64000.0
930 64000.0
931 64000.0
932 64000.0
933 72000.0
934 64000.0
935 72000.0
936 64000.0
937 72000.0
938 64000.0
939 72000.0
940 64000.0
941 64000.0
942 64000.0
943 64000.0
944 64000.0
945 72000.0
946 64000.0
947 72000.0
948 64000.0
949 72000.0
950 64000.0
951 72000.0
952 64000.0
953 64000.0
954 64000.0
955 64000.0
956 64000.0
957 72000.0
958 64000.0
959 72000.0
960 64000.0
961 72000.0
962 64000.0
963 72000.0
964 64000.0
965 64000.0
966 64000.0
967 64000.0
968 64000.0
969 72000.0
970 64000.0
971 72000.0
972 64000.0
973 72000.0
974 64000.0
975 72000.0
976 64000.0
977 64000.0
978 64000.0
979 64000.0
980 64000.0
981 72000.0
982 64000.0
983 72000.0
984 64000.0
985 72000.0
986 64000.0
987 72000.0
988 64000.0
989 64000.0
990 64000.0
991 64000.0
992 64000.0
993 72000.0
994 64000.0
995 72000.0
996 64000.0
997 72000.0
998 64000.0
999 72000.0
