0 0
1 56000
2 56000
3 88000
4 64000
5 64000
6 64000
7 64000
8 64000
9 72000
10 64000
11 72000
12 64000
13 72000
14 64000
15 72000
16 64000
17 64000
18 64000
19 64000
20 64000
21 72000
22 64000
23 72000
24 64000
25 72000
26 64000
27 72000
28 64000
29 64000
30 64000
31 64000
32 64000
33 72000
34 64000
35 72000
36 64000
37 72000
38 64000
39 72000
40 64000
41 64000
42 64000
43 64000
44 64000
45 72000
46 64000
47 72000
48 64000
49 72000
50 64000
51 72000
52 64000
53 64000
54 64000
55 64000
56 64000
57 72000
58 64000
59 72000
60 64000
61 72000
62 64000
63 72000
64 64000
65 64000
66 64000
67 64000
68 64000
69 72000
70 64000
71 72000
72 64000
73 72000
74 64000
75 72000
76 64000
77 64000
78 64000
79 64000
80 64000
81 72000
82 64000
83 72000
84 64000
85 72000
86 64000
87 72000
88 64000
89 64000
90 64000
91 64000
92 64000
93 72000
94 64000
95 72000
96 64000
97 72000
98 64000
99 72000
100 64000
101 64000
102 64000
103 64000
104 64000
105 72000
106 64000
107 72000
108 64000
109 72000
110 64000
111 72000
112 64000
113 64000
114 64000
115 64000
116 64000
117 72000
118 64000
119 72000
120 64000
121 72000
122 64000
123 72000
124 64000
125 64000
126 64000
127 64000
128 64000
129 72000
130 64000
131 72000
132 64000
133 72000
134 64000
135 72000
136 64000
137 64000
138 64000
139 64000
140 64000
141 72000
142 64000
143 72000
144 64000
145 72000
146 64000
147 72000
148 64000
149 64000
150 64000
151 64000
152 64000
153 72000
154 64000
155 72000
156 64000
157 72000
158 64000
159 72000
160 64000
161 64000
162 64000
163 64000
164 64000
165 72000
166 64000
167 72000
168 64000
169 72000
170 64000
171 72000
172 64000
173 64000
174 64000
175 64000
176 64000
177 72000
178 64000
179 72000
180 64000
181 72000
182 64000
183 72000
184 64000
185 64000
186 64000
187 64000
188 64000
189 72000
190 64000
191 72000
192 64000
193 72000
194 64000
195 72000
196 64000
197 64000
198 64000
199 64000
200 64000
201 72000
202 64000
203 72000
204 64000
205 72000
206 64000
207 72000
208 64000
209 64000
210 64000
211 64000
212 64000
213 72000
214 64000
215 72000
216 64000
217 72000
218 64000
219 72000
220 64000
221 64000
222 64000
223 64000
224 64000
225 72000
226 64000
227 72000
228 64000
229 72000
230 64000
231 72000
232 64000
233 64000
234 64000
235 64000
236 64000
237 72000
238 64000
239 72000
240 64000
241 72000
242 64000
243 72000
244 64000
245 64000
246 64000
247 64000
248 64000
249 72000
250 64000
251 72000
252 64000
253 72000
254 64000
255 72000
256 64000
257 64000
258 64000
259 64000
260 64000
261 72000
262 64000
263 72000
264 64000
265 72000
266 64000
267 72000
268 64000
269 64000
270 64000
271 64000
272 64000
273 72000
274 64000
275 72000
276 64000
277 72000
278 64000
279 72000
280 64000
281 64000
282 64000
283 64000
284 64000
285 72000
286 64000
287 72000
288 64000
289 72000
290 64000
291 72000
292 64000
293 64000
294 64000
295 64000
296 64000
297 72000
298 64000
299 72000
300 64000
301 72000
302 64000
303 72000
304 64000
305 64000
306 64000
307 64000
308 64000
309 72000
310 64000
311 72000
312 64000
313 72000
314 64000
315 72000
316 64000
317 64000
318 64000
319 64000
320 64000
321 72000
322 64000
323 72000
324 64000
325 72000
326 64000
327 72000
328 64000
329 64000
330 64000
331 64000
332 64000
333 72000
334 64000
335 72000
336 64000
337 72000
338 64000
339 72000
340 64000
341 64000
342 64000
343 64000
344 64000
345 72000
346 64000
347 72000
348 64000
349 72000
350 64000
351 72000
352 64000
353 64000
354 64000
355 64000
356 64000
357 72000
358 64000
359 72000
360 64000
361 72000
362 64000
363 72000
364 64000
365 64000
366 64000
367 64000
368 64000
369 72000
370 64000
371 72000
372 64000
373 72000
374 64000
375 72000
376 64000
377 64000
378 64000
379 64000
380 64000
381 72000
382 64000
383 72000
384 64000
385 72000
386 64000
387 72000
388 64000
389 64000
390 64000
391 64000
392 64000
393 72000
394 64000
395 72000
396 64000
397 72000
398 64000
399 72000
400 64000
401 64000
402 64000
403 64000
404 64000
405 72000
406 64000
407 72000
408 64000
409 72000
410 64000
411 72000
412 64000
413 64000
414 64000
415 64000
416 64000
417 72000
418 64000
419 72000
420 64000
421 72000
422 64000
423 72000
424 64000
425 64000
426 64000
427 64000
428 64000
429 72000
430 64000
431 72000
432 64000
433 72000
434 64000
435 72000
436 64000
437 64000
438 64000
439 64000
440 64000
441 72000
442 64000
443 72000
444 64000
445 72000
446 64000
447 72000
448 64000
449 64000
450 64000
451 64000
452 64000
453 72000
454 64000
455 72000
456 64000
457 72000
458 64000
459 72000
460 64000
461 64000
462 64000
463 64000
464 64000
465 72000
466 64000
467 72000
468 64000
469 72000
470 64000
471 72000
472 64000
473 64000
474 64000
475 64000
476 64000
477 72000
478 64000
479 72000
480 64000
481 72000
482 64000
483 72000
484 64000
485 64000
486 64000
487 64000
488 64000
489 72000
490 64000
491 72000
492 64000
493 72000
494 64000
495 72000
496 64000
497 64000
498 64000
499 64000
500 64000
501 72000
502 64000
503 72000
504 64000
505 72000
506 64000
507 72000
508 64000
509 64000
510 64000
511 64000
512 64000
513 72000
514 64000
515 72000
516 64000
517 72000
518 64000
519 72000
520 64000
521 64000
522 64000
523 64000
524 64000
525 72000
526 64000
527 72000
528 64000
529 72000
530 64000
531 72000
532 64000
533 64000
534 64000
535 64000
536 64000
537 72000
538 64000
539 72000
540 64000
541 72000
542 64000
543 72000
544 64000
545 64000
546 64000
547 64000
548 64000
549 72000
550 64000
551 72000
552 64000
553 72000
554 64000
555 72000
556 64000
557 64000
558 64000
559 64000
560 64000
561 72000
562 64000
563 72000
564 64000
565 72000
566 64000
567 72000
568 64000
569 64000
570 64000
571 64000
572 64000
573 72000
574 64000
575 72000
576 64000
577 72000
578 64000
579 72000
580 64000
581 64000
582 64000
583 64000
584 64000
585 72000
586 64000
587 72000
588 64000
589 72000
590 64000
591 72000
592 64000
593 64000
594 64000
595 64000
596 64000
597 72000
598 64000
599 72000
600 64000
601 72000
602 64000
603 72000
604 64000
605 64000
606 64000
607 64000
608 64000
609 72000
610 64000
611 72000
612 64000
613 72000
614 64000
615 72000
616 64000
617 64000
618 64000
619 64000
620 64000
621 72000
622 64000
623 72000
624 64000
625 72000
626 64000
627 72000
628 64000
629 64000
630 64000
631 64000
632 64000
633 72000
634 64000
635 72000
636 64000
637 72000
638 64000
639 72000
640 64000
641 64000
642 64000
643 64000
644 64000
645 72000
646 64000
647 72000
648 64000
649 72000
650 64000
651 72000
652 64000
653 64000
654 64000
655 64000
656 64000
657 72000
658 64000
659 72000
660 64000
661 72000
662 64000
663 72000
664 64000
665 64000
666 64000
667 64000
668 64000
669 72000
670 64000
671 72000
672 64000
673 72000
674 64000
675 72000
676 64000
677 64000
678 64000
679 64000
680 64000
681 72000
682 64000
683 72000
684 64000
685 72000
686 64000
687 72000
688 64000
689 64000
690 64000
691 64000
692 64000
693 72000
694 64000
695 72000
696 64000
697 72000
698 64000
699 72000
700 64000
701 64000
702 64000
703 64000
704 64000
705 72000
706 64000
707 72000
708 64000
709 72000
710 64000
711 72000
712 64000
713 64000
714 64000
715 64000
716 64000
717 72000
718 64000
719 72000
720 64000
721 72000
722 64000
723 72000
724 64000
725 64000
726 64000
727 64000
728 64000
729 72000
730 64000
731 72000
732 64000
733 72000
734 64000
735 72000
736 64000
737 64000
738 64000
739 64000
740 64000
741 72000
742 64000
743 72000
744 64000
745 72000
746 64000
747 72000
748 64000
749 64000
750 64000
751 64000
752 64000
753 72000
754 64000
755 72000
756 64000
757 72000
758 64000
759 72000
760 64000
761 64000
762 64000
763 64000
764 64000
765 72000
766 64000
767 72000
768 64000
769 72000
770 64000
771 72000
772 64000
773 64000
774 64000
775 64000
776 64000
777 72000
778 64000
779 72000
780 64000
781 72000
782 64000
783 72000
784 64000
785 64000
786 64000
787 64000
788 64000
789 72000
790 64000
791 72000
792 64000
793 72000
794 64000
795 72000
796 64000
797 64000
798 64000
799 64000
800 64000
801 72000
802 64000
803 72000
804 64000
805 72000
806 64000
807 72000
808 64000
809 64000
810 64000
811 64000
812 64000
813 72000
814 64000
815 72000
816 64000
817 72000
818 64000
819 72000
820 64000
821 64000
822 64000
823 64000
824 64000
825 72000
826 64000
827 72000
828 64000
829 72000
830 64000
831 72000
832 64000
833 64000
834 64000
835 64000
836 64000
837 72000
838 64000
839 72000
840 64000
841 72000
842 64000
843 72000
844 64000
845 64000
846 64000
847 64000
848 64000
849 72000
850 64000
851 72000
852 64000
853 72000
854 64000
855 72000
856 64000
857 64000
858 64000
859 64000
860 64000
861 72000
862 64000
863 72000
864 64000
865 72000
866 64000
867 72000
868 64000
869 64000
870 64000
871 64000
872 64000
873 72000
874 64000
875 72000
876 64000
877 72000
878 64000
879 72000
880 64000
881 64000
882 64000
883 64000
884 64000
885 72000
886 64000
887 72000
888 64000
889 72000
890 64000
891 72000
892 64000
893 64000
894 64000
895 64000
896 64000
897 72000
898 64000
899 72000
900 64000
901 72000
902 64000
903 72000
904 64000
905 64000
906 64000
907 64000
908 64000
909 72000
910 64000
911 72000
912 64000
913 72000
914 64000
915 72000
916 64000
917 64000
918 64000
919 64000
920 64000
921 72000
922 64000
923 72000
924 64000
925 72000
926 64000
927 72000
928 64000
929 64000
930 64000
931 64000
932 64000
933 72000
934 64000
935 72000
936 64000
937 72000
938 64000
939 72000
940 64000
941 64000
942 64000
943 64000
944 64000
945 72000
946 64000
947 72000
948 64000
949 72000
950 64000
951 72000
952 64000
953 64000
954 64000
955 64000
956 64000
957 72000
958 64000
959 72000
960 64000
961 72000
962 64000
963 72000
964 64000
965 64000
966 64000
967 64000
968 64000
969 72000
970 64000
971 72000
972 64000
973 72000
974 64000
975 72000
976 64000
977 64000
978 64000
979 64000
980 64000
981 72000
982 64000
983 72000
984 64000
985 72000
986 64000
987 72000
988 64000
989 64000
990 64000
991 64000
992 64000
993 72000
994 64000
995 72000
996 64000
997 72000
998 64000
999 72000
