0 1.0
1 3.24483
2 2.5
3 4.272842727272726
4 5.846677272727272
5 6.947971818181818
6 6.336924545454545
7 4.069710909090909
8 5.102912727272727
9 5.975892727272727
10 6.285471818181818
11 3.8203899999999993
12 4.794208181818182
13 5.638420909090908
14 5.80721909090909
15 3.5720218181818186
16 4.551643636363637
17 5.750238181818181
18 5.498492727272727
19 3.569688181818182
20 4.613425454545455
21 5.6946390909090905
22 5.68718090909091
23 4.20286181818182
24 4.478945454545454
25 5.549276363636364
26 5.628843636363637
27 3.4055290909090914
28 4.308633636363637
29 5.529660909090908
30 5.292225454545454
31 3.4259954545454545
32 4.382871818181818
33 5.457729999999999
34 5.2923800000000005
35 3.4260654545454554
36 4.57743090909091
37 5.583460909090909
38 5.656951818181818
39 3.4059
40 4.488417272727273
41 5.6825518181818175
42 5.320403636363635
43 3.449006363636363
44 4.428804545454545
45 5.564270909090909
46 5.292426363636364
47 3.4260863636363634
48 4.577453636363637
49 5.583474545454545
50 5.656960000000001
51 3.4059063636363636
52 4.48842
53 5.682554545454545
54 5.320404545454546
55 3.44901
56 4.428808181818182
57 5.564272727272727
58 5.292428181818182
59 3.4260881818181814
60 4.57745090909091
61 5.583474545454545
62 5.656960000000001
63 3.405908181818182
64 4.5793290909090905
65 5.773463636363636
66 5.411315454545456
67 3.5399190909090907
68 4.519717272727273
69 5.655181818181818
70 5.383337272727274
71 3.5169972727272723
72 4.668360000000001
73 5.674383636363636
74 5.7478690909090915
75 3.496817272727273
76 4.5793290909090905
77 5.773463636363636
78 5.411315454545456
79 3.5399190909090907
80 4.519717272727273
81 5.655181818181818
82 5.383337272727274
83 3.5169972727272723
84 4.668360000000001
85 5.674383636363636
86 5.4386445454545465
87 3.496817272727273
88 4.727451818181819
89 5.848290909090909
90 5.4386445454545465
91 3.56147
92 4.597162727272727
93 5.773463636363636
94 5.411315454545456
95 3.58073
96 4.761250909090908
97 5.735149090909091
98 5.4386445454545465
99 3.496817272727273
100 4.727451818181819
101 5.848290909090909
102 5.4386445454545465
103 3.56147
104 4.597162727272727
105 5.773463636363636
106 5.411315454545456
107 3.58073
108 4.761250909090908
109 5.735149090909091
110 5.4386445454545465
111 3.496817272727273
112 4.727451818181819
113 5.848290909090909
114 5.4386445454545465
115 3.56147
116 4.597162727272727
117 5.773463636363636
118 5.411315454545456
119 3.58073
120 4.670341818181817
121 5.735149090909091
122 5.4386445454545465
123 3.496817272727273
124 4.727451818181819
125 5.848290909090909
126 5.4386445454545465
127 3.56147
128 4.597162727272727
129 5.773463636363636
130 5.411315454545456
131 3.58073
132 4.761250909090908
133 5.735149090909091
134 5.4386445454545465
135 3.496817272727273
136 4.727451818181819
137 5.848290909090909
138 5.4386445454545465
139 3.56147
140 4.768262727272727
141 5.921854545454545
142 5.4386445454545465
143 3.602280909090909
144 4.804352727272726
145 5.7942527272727276
146 5.4386445454545465
147 3.673550909090909
148 4.869607272727272
149 5.894372727272727
150 5.4386445454545465
151 3.56147
152 4.768262727272727
153 5.921854545454545
154 5.4386445454545465
155 3.602280909090909
156 4.804352727272726
157 5.7942527272727276
158 5.4386445454545465
159 3.673550909090909
160 4.869607272727272
161 5.894372727272727
162 5.4386445454545465
163 3.56147
164 4.768262727272727
165 5.921854545454545
166 5.4386445454545465
167 3.602280909090909
168 4.804352727272726
169 5.7942527272727276
170 5.4386445454545465
171 3.673550909090909
172 4.869607272727272
173 5.894372727272727
174 5.4386445454545465
175 3.56147
176 4.768262727272727
177 5.921854545454545
178 5.4386445454545465
179 3.602280909090909
180 4.804352727272726
181 5.703343636363637
182 5.5204627272727285
183 3.7553690909090904
184 4.951425454545454
185 5.803463636363637
186 5.347735454545456
187 3.470560909090909
188 4.6773536363636365
189 5.830945454545454
190 5.347735454545456
191 3.6226863636363635
192 4.878325454545454
193 5.835918181818183
194 5.4386445454545465
195 3.714361818181818
196 5.006481818181817
197 5.939162727272728
198 5.4386445454545465
199 3.695101818181818
200 4.910418181818181
201 5.967936363636364
202 5.4386445454545465
203 3.6226863636363635
204 4.878325454545454
205 5.835918181818183
206 5.4386445454545465
207 3.714361818181818
208 5.006481818181817
209 5.939162727272728
210 5.4386445454545465
211 3.695101818181818
212 4.910418181818181
213 5.967936363636364
214 5.4386445454545465
215 3.6226863636363635
216 4.878325454545454
217 5.835918181818183
218 5.4386445454545465
219 3.714361818181818
220 5.006481818181817
221 5.848253636363637
222 5.347735454545456
223 3.6041927272727268
224 4.81950909090909
225 5.877027272727273
226 5.347735454545456
227 3.5317772727272727
228 4.787416363636363
229 5.745009090909092
230 5.347735454545456
231 3.6234527272727273
232 4.9155727272727265
233 5.848253636363637
234 5.347735454545456
235 3.6041927272727268
236 4.81950909090909
237 5.877027272727273
238 5.347735454545456
239 3.5317772727272727
240 4.787416363636363
241 5.745009090909092
242 3.8016127272727274
243 3.6838545454545453
244 4.972429999999999
245 5.87849
246 5.347735454545456
247 3.768003636363637
248 4.956383636363636
249 5.921817272727273
250 5.347735454545456
251 3.665409090909091
252 4.858359999999999
253 5.834589090909091
254 3.8016127272727274
255 3.6838545454545453
256 4.972429999999999
257 5.87849
258 5.347735454545456
259 3.768003636363637
260 4.956383636363636
261 5.921817272727273
262 5.5204627272727285
263 3.8975009090909087
264 5.090451818181818
265 5.834589090909091
266 3.8016127272727274
267 3.6838545454545453
268 4.972429999999999
269 5.87849
270 5.4386445454545465
271 3.9043672727272734
272 5.092747272727272
273 6.0581809090909085
274 5.484099090909091
275 3.801772727272727
276 4.994723636363636
277 5.970952727272728
278 3.9379763636363636
279 3.6838545454545453
280 4.972429999999999
281 5.87849
282 5.347735454545456
283 3.768003636363637
284 4.956383636363636
285 5.921817272727273
286 5.347735454545456
287 3.665409090909091
288 4.858359999999999
289 5.834589090909091
290 3.8016127272727274
291 3.6838545454545453
292 4.972429999999999
293 5.87849
294 3.855065454545455
295 3.8977636363636368
296 5.224889090909091
297 6.0884172727272725
298 5.484099090909091
299 3.9247727272727277
300 5.079586363636363
301 6.0581809090909085
302 3.9379763636363636
303 3.87778
304 5.163207272727273
305 6.014853636363637
306 3.991429090909091
307 3.943218181818182
308 5.224889090909091
309 6.0884172727272725
310 5.484099090909091
311 3.9247727272727277
312 5.079586363636363
313 6.0581809090909085
314 3.9379763636363636
315 3.87778
316 5.163207272727273
317 6.014853636363637
318 3.991429090909091
319 3.943218181818182
320 5.224889090909091
321 6.0884172727272725
322 5.484099090909091
323 3.9247727272727277
324 5.079586363636363
325 6.0581809090909085
326 3.9379763636363636
327 3.7414163636363638
328 5.117752727272727
329 5.969399090909092
330 3.9459745454545456
331 3.8977636363636368
332 5.179434545454545
333 6.042962727272727
334 5.4386445454545465
335 3.8793181818181823
336 5.034131818181818
337 6.0127263636363635
338 3.892521818181818
339 3.8323254545454546
340 5.117752727272727
341 5.969399090909092
342 3.9459745454545456
343 3.8977636363636368
344 5.179434545454545
345 6.042962727272727
346 3.9459745454545456
347 4.032778181818181
348 5.169582727272727
349 6.084408181818182
350 3.892521818181818
351 4.028203636363636
352 5.154909090909091
353 6.042962727272727
354 3.9459745454545456
355 3.955325454545455
356 5.233848181818182
357 6.072388181818183
358 3.9459745454545456
359 4.032778181818181
360 5.169582727272727
361 6.084408181818182
362 3.892521818181818
363 4.028203636363636
364 5.154909090909091
365 6.042962727272727
366 3.9459745454545456
367 3.955325454545455
368 5.233848181818182
369 6.072388181818183
370 3.9459745454545456
371 4.032778181818181
372 5.169582727272727
373 6.084408181818182
374 3.892521818181818
375 4.028203636363636
376 5.154909090909091
377 6.042962727272727
378 3.9459745454545456
379 3.955325454545455
380 5.233848181818182
381 6.072388181818183
382 3.9459745454545456
383 4.032778181818181
384 5.169582727272727
385 6.084408181818182
386 3.892521818181818
387 4.028203636363636
388 5.064
389 6.042962727272727
390 3.9459745454545456
391 3.955325454545455
392 5.233848181818182
393 6.072388181818183
394 3.9459745454545456
395 4.032778181818181
396 5.169582727272727
397 6.084408181818182
398 3.9459745454545456
399 4.161390909090908
400 5.190576363636364
401 6.114644545454545
402 3.9727009090909093
403 4.06387090909091
404 5.286122727272727
405 6.072388181818183
406 3.9951745454545455
407 4.069934545454545
408 5.3004299999999995
409 6.154353636363637
410 3.9459745454545456
411 4.161390909090908
412 5.190576363636364
413 6.114644545454545
414 3.9727009090909093
415 4.06387090909091
416 5.286122727272727
417 6.072388181818183
418 3.9951745454545455
419 4.069934545454545
420 5.3004299999999995
421 6.154353636363637
422 3.9459745454545456
423 4.161390909090908
424 5.190576363636364
425 6.114644545454545
426 3.9727009090909093
427 4.06387090909091
428 5.286122727272727
429 6.072388181818183
430 3.9951745454545455
431 4.069934545454545
432 5.3004299999999995
433 6.154353636363637
434 3.9459745454545456
435 4.161390909090908
436 5.190576363636364
437 6.114644545454545
438 3.9727009090909093
439 4.06387090909091
440 5.286122727272727
441 6.072388181818183
442 3.9951745454545455
443 4.069934545454545
444 5.3004299999999995
445 6.154353636363637
446 3.9459745454545456
447 4.161390909090908
448 5.190576363636364
449 6.023735454545454
450 4.054519090909091
451 4.387440909090909
452 5.462972727272727
453 6.053160909090908
454 3.930991818181818
455 4.087570909090909
456 5.3075436363636355
457 6.162003636363637
458 3.42218
459 4.3145999999999995
460 5.32189
461 6.230044545454546
462 4.018155454545455
463 4.291712727272728
464 5.367244545454546
465 6.189524545454545
466 3.930991818181818
467 4.087570909090909
468 5.3075436363636355
469 6.162003636363637
470 3.2858163636363638
471 4.178236363636363
472 5.185526363636364
473 6.093680909090909
474 3.8817918181818185
475 4.155349090909091
476 5.230880909090909
477 6.053160909090908
478 3.930991818181818
479 4.087570909090909
480 5.3075436363636355
481 6.162003636363637
482 3.2858163636363638
483 4.3145999999999995
484 5.32189
485 6.230044545454546
486 4.018155454545455
487 4.291712727272728
488 5.367244545454546
489 6.189524545454545
490 4.067355454545455
491 4.223934545454545
492 5.443907272727272
493 6.2983672727272735
494 3.42218
495 4.3145999999999995
496 5.32189
497 6.230044545454546
498 4.018155454545455
499 4.291712727272728
500 5.367244545454546
501 6.189524545454545
502 4.091955454545455
503 4.326056363636364
504 5.538851818181818
505 6.327792727272728
506 3.4947500000000002
507 4.3145999999999995
508 5.435030909090909
509 5.6799181818181825
510 3.4489063636363637
511 4.417300909090908
512 5.401588181818182
513 6.259469999999999
514 4.091955454545455
515 4.189692727272727
516 5.493397272727272
517 6.282338181818182
518 3.449295454545455
519 4.269145454545454
520 5.389576363636364
521 5.634463636363638
522 3.4034518181818183
523 4.371846363636363
524 5.356133636363636
525 6.2140154545454545
526 4.046500909090909
527 4.280601818181818
528 5.493397272727272
529 6.282338181818182
530 3.449295454545455
531 4.269145454545454
532 5.389576363636364
533 5.634463636363638
534 3.4034518181818183
535 4.371846363636363
536 5.356133636363636
537 6.2140154545454545
538 4.046500909090909
539 4.280601818181818
540 5.493397272727272
541 6.282338181818182
542 3.449295454545455
543 4.269145454545454
544 5.389576363636364
545 5.634463636363638
546 3.4034518181818183
547 4.371846363636363
548 5.356133636363636
549 6.2140154545454545
550 4.046500909090909
551 4.280601818181818
552 5.493397272727272
553 6.282338181818182
554 3.4738954545454543
555 4.3183454545454545
556 5.499233636363636
557 5.663889090909091
558 3.449295454545455
559 4.473873636363636
560 5.439038181818181
561 5.663889090909091
562 3.4280518181818183
563 4.452033636363637
564 5.606878181818182
565 6.311010909090911
566 3.4738954545454543
567 4.3183454545454545
568 5.499233636363636
569 5.663889090909091
570 3.449295454545455
571 4.473873636363636
572 5.439038181818181
573 5.663889090909091
574 3.4280518181818183
575 4.452033636363637
576 5.606878181818182
577 6.311010909090911
578 3.4738954545454543
579 4.3183454545454545
580 5.499233636363636
581 5.663889090909091
582 3.449295454545455
583 4.473873636363636
584 5.439038181818181
585 5.663889090909091
586 3.4280518181818183
587 4.452033636363637
588 5.606878181818182
589 6.311010909090911
590 3.4738954545454543
591 4.3183454545454545
592 5.499233636363636
593 5.663889090909091
594 3.449295454545455
595 4.473873636363636
596 5.439038181818181
597 5.663889090909091
598 3.4280518181818183
599 4.452033636363637
600 5.606878181818182
601 6.311010909090911
602 3.4738954545454543
603 4.3183454545454545
604 5.499233636363636
605 5.663889090909091
606 3.5169972727272723
607 4.473873636363636
608 5.548695454545454
609 5.663889090909091
610 3.4738954545454543
611 4.571232727272728
612 5.641221818181818
613 5.720540000000001
614 3.496817272727273
615 4.3998563636363635
616 5.620838181818182
617 5.383337272727274
618 3.5169972727272723
619 4.473873636363636
620 5.548695454545454
621 5.663889090909091
622 3.4738954545454543
623 4.571232727272728
624 5.641221818181818
625 5.720540000000001
626 3.496817272727273
627 4.3998563636363635
628 5.620838181818182
629 5.383337272727274
630 3.5169972727272723
631 4.473873636363636
632 5.548695454545454
633 5.663889090909091
634 3.4738954545454543
635 4.571232727272728
636 5.550312727272727
637 5.720540000000001
638 3.638
639 4.5410390909090905
640 5.529929090909091
641 5.292428181818182
642 3.4260881818181814
643 4.382964545454545
644 5.457786363636363
645 5.663889090909091
646 3.4738954545454543
647 4.571232727272728
648 5.641221818181818
649 5.720540000000001
650 3.496817272727273
651 4.3998563636363635
652 5.620838181818182
653 5.292428181818182
654 3.4260881818181814
655 4.382964545454545
656 5.457786363636363
657 5.57298
658 3.4260881818181814
659 4.57745090909091
660 5.583474545454545
661 5.656960000000001
662 3.405908181818182
663 4.48842
664 5.682554545454545
665 5.320406363636365
666 3.44901
667 4.428808181818182
668 5.564272727272727
669 5.383337272727274
670 3.5624518181818177
671 4.713814545454546
672 5.719838181818182
673 5.793323636363637
674 3.5422718181818182
675 4.624783636363636
676 5.818918181818182
677 5.456770000000001
678 3.585373636363636
679 4.565171818181818
680 5.700636363636364
681 5.428791818181819
682 3.5624518181818177
683 4.713814545454546
684 5.719838181818182
685 5.793323636363637
686 3.5422718181818182
687 4.624783636363636
688 5.818918181818182
689 5.456770000000001
690 3.585373636363636
691 4.565171818181818
692 5.700636363636364
693 5.428791818181819
694 3.5624518181818177
695 4.713814545454546
696 5.719838181818182
697 5.793323636363637
698 3.5422718181818182
699 4.624783636363636
700 5.818918181818182
701 5.456770000000001
702 3.44901
703 4.519717272727273
704 5.655181818181818
705 5.383337272727274
706 3.5169972727272723
707 4.668360000000001
708 5.674383636363636
709 5.7478690909090915
710 3.496817272727273
711 4.727451818181819
712 5.848290909090909
713 5.4386445454545465
714 3.56147
715 4.597162727272727
716 5.773463636363636
717 5.411315454545456
718 3.58073
719 4.761250909090908
720 5.735149090909091
721 5.4386445454545465
722 3.496817272727273
723 4.727451818181819
724 5.848290909090909
725 5.4386445454545465
726 3.56147
727 4.597162727272727
728 5.773463636363636
729 5.411315454545456
730 3.58073
731 4.761250909090908
732 5.735149090909091
733 5.4386445454545465
734 3.496817272727273
735 4.727451818181819
736 5.848290909090909
737 5.4386445454545465
738 3.56147
739 4.597162727272727
740 5.773463636363636
741 5.411315454545456
742 3.58073
743 4.761250909090908
744 5.735149090909091
745 5.4386445454545465
746 3.496817272727273
747 4.727451818181819
748 5.848290909090909
749 5.4386445454545465
750 3.56147
751 4.597162727272727
752 5.773463636363636
753 5.411315454545456
754 3.58073
755 4.761250909090908
756 5.735149090909091
757 5.4386445454545465
758 3.496817272727273
759 4.727451818181819
760 5.848290909090909
761 5.4386445454545465
762 3.56147
763 4.768262727272727
764 5.921854545454545
765 5.4386445454545465
766 3.602280909090909
767 4.804352727272726
768 5.7942527272727276
769 5.4386445454545465
770 3.673550909090909
771 4.869607272727272
772 5.894372727272727
773 5.4386445454545465
774 3.56147
775 4.768262727272727
776 5.921854545454545
777 5.4386445454545465
778 3.602280909090909
779 4.804352727272726
780 5.7942527272727276
781 5.4386445454545465
782 3.673550909090909
783 4.869607272727272
784 5.894372727272727
785 5.4386445454545465
786 3.56147
787 4.768262727272727
788 5.921854545454545
789 5.4386445454545465
790 3.602280909090909
791 4.804352727272726
792 5.7942527272727276
793 5.4386445454545465
794 3.673550909090909
795 4.869607272727272
796 5.894372727272727
797 5.4386445454545465
798 3.56147
799 4.768262727272727
800 5.921854545454545
801 5.4386445454545465
802 3.602280909090909
803 4.804352727272726
804 5.7942527272727276
805 5.4386445454545465
806 3.673550909090909
807 4.869607272727272
808 5.894372727272727
809 5.4386445454545465
810 3.56147
811 4.768262727272727
812 5.921854545454545
813 5.4386445454545465
814 3.6226863636363635
815 4.878325454545454
816 5.835918181818183
817 5.4386445454545465
818 3.714361818181818
819 5.006481818181817
820 5.939162727272728
821 5.4386445454545465
822 3.695101818181818
823 4.81950909090909
824 6.0133909090909095
825 5.5798272727272735
826 3.763869090909091
827 4.787416363636363
828 5.745009090909092
829 5.347735454545456
830 3.6234527272727273
831 4.9155727272727265
832 5.939162727272728
833 5.484099090909091
834 3.7405563636363635
835 4.955872727272727
836 6.0133909090909095
837 5.484099090909091
838 3.668140909090909
839 4.92378
840 5.881372727272728
841 5.347735454545456
842 3.6234527272727273
843 4.9155727272727265
844 5.848253636363637
845 5.347735454545456
846 3.6041927272727268
847 4.81950909090909
848 5.877027272727273
849 5.347735454545456
850 3.5317772727272727
851 4.787416363636363
852 5.745009090909092
853 5.347735454545456
854 3.6234527272727273
855 4.9155727272727265
856 5.848253636363637
857 5.4386445454545465
858 3.7405563636363635
859 4.955872727272727
860 6.0133909090909095
861 5.484099090909091
862 3.668140909090909
863 4.92378
864 5.881372727272728
865 5.484099090909091
866 3.8202181818181815
867 5.108793636363636
868 6.014853636363637
869 5.484099090909091
870 3.9043672727272734
871 5.092747272727272
872 6.0581809090909085
873 5.484099090909091
874 3.801772727272727
875 4.994723636363636
876 5.970952727272728
877 3.9379763636363636
878 3.8202181818181815
879 5.108793636363636
880 6.014853636363637
881 5.484099090909091
882 3.9043672727272734
883 5.092747272727272
884 6.0581809090909085
885 5.484099090909091
886 3.801772727272727
887 4.994723636363636
888 5.970952727272728
889 3.8016127272727274
890 3.774763636363636
891 5.06333909090909
892 5.969399090909092
893 5.4386445454545465
894 3.858912727272728
895 5.047292727272727
896 6.0127263636363635
897 5.4386445454545465
898 3.7563181818181817
899 4.94926909090909
900 5.925498181818182
901 3.892521818181818
902 3.774763636363636
903 5.06333909090909
904 5.969399090909092
905 5.4386445454545465
906 3.858912727272728
907 5.047292727272727
908 6.0127263636363635
909 5.4386445454545465
910 3.7563181818181817
911 4.94926909090909
912 5.925498181818182
913 3.892521818181818
914 3.774763636363636
915 5.06333909090909
916 5.969399090909092
917 5.4386445454545465
918 3.8977636363636368
919 5.179434545454545
920 6.042962727272727
921 5.4386445454545465
922 3.8793181818181823
923 5.034131818181818
924 6.0127263636363635
925 3.892521818181818
926 3.8323254545454546
927 5.117752727272727
928 5.969399090909092
929 3.9459745454545456
930 3.8977636363636368
931 5.179434545454545
932 6.042962727272727
933 5.4386445454545465
934 3.8793181818181823
935 5.034131818181818
936 6.0127263636363635
937 3.892521818181818
938 3.8323254545454546
939 5.117752727272727
940 5.969399090909092
941 3.9459745454545456
942 3.8977636363636368
943 5.179434545454545
944 6.042962727272727
945 5.4386445454545465
946 3.8793181818181823
947 5.034131818181818
948 6.0127263636363635
949 3.892521818181818
950 3.7414163636363638
951 5.117752727272727
952 5.969399090909092
953 3.9459745454545456
954 3.8977636363636368
955 5.179434545454545
956 6.042962727272727
957 5.4386445454545465
958 3.8793181818181823
959 5.034131818181818
960 6.0127263636363635
961 3.892521818181818
962 3.8323254545454546
963 5.117752727272727
964 5.969399090909092
965 3.9459745454545456
966 3.8977636363636368
967 5.179434545454545
968 6.042962727272727
969 5.4386445454545465
970 4.032778181818181
971 5.169582727272727
972 6.084408181818182
973 3.892521818181818
974 4.028203636363636
975 5.154909090909091
976 6.042962727272727
977 3.9459745454545456
978 3.955325454545455
979 5.233848181818182
980 6.072388181818183
981 3.9459745454545456
982 4.032778181818181
983 5.169582727272727
984 6.084408181818182
985 3.892521818181818
986 4.028203636363636
987 5.154909090909091
988 6.042962727272727
989 3.9459745454545456
990 3.955325454545455
991 5.233848181818182
992 6.072388181818183
993 3.9459745454545456
994 4.032778181818181
995 5.169582727272727
996 6.084408181818182
997 3.892521818181818
998 4.028203636363636
999 5.154909090909091
