0 1
1 3.24483
2 2.5
3 4.33944
4 6.09735
5 7.30482
6 8.45624
7 4.45987
8 5.29777
9 6.34424
10 7.37575
11 3.95194
12 4.4428
13 6.00379
14 6.79491
15 3.39746
16 4.67687
17 5.66288
18 6.80101
19 3.40051
20 4.45455
21 6.01238
22 6.94949
23 7.90094
24 4.20361
25 5.47174
26 6.64355
27 3.39704
28 4.21469
29 5.29116
30 6.49652
31 3.40041
32 3.96516
33 5.48219
34 6.49822
35 3.40122
36 4.218
37 5.66507
38 6.80283
39 3.40141
40 4.45523
41 5.48279
42 6.6526
43 3.40146
44 4.21819
45 5.48282
46 6.49875
47 3.40147
48 4.2182
49 5.66522
50 6.80295
51 3.40147
52 4.45527
53 5.48283
54 6.65263
55 3.40148
56 4.21821
57 5.48283
58 6.49876
59 3.40148
60 4.21821
61 5.66522
62 6.80295
63 3.40148
64 4.45527
65 5.48283
66 6.65264
67 3.40148
68 4.21821
69 5.48283
70 6.49876
71 3.40148
72 4.21821
73 5.66522
74 6.80295
75 3.40148
76 4.45527
77 5.48283
78 6.65264
79 3.40148
80 4.21821
81 5.48283
82 6.49876
83 3.40148
84 4.21821
85 5.66522
86 6.80295
87 3.40148
88 4.45527
89 5.66522
90 6.80295
91 3.40148
92 4.45527
93 5.48283
94 6.65264
95 3.40148
96 4.21821
97 5.84173
98 6.80295
99 3.40148
100 4.45527
101 5.66522
102 6.80295
103 3.40148
104 4.45527
105 5.48283
106 6.65264
107 3.40148
108 4.21821
109 5.84173
110 6.80295
111 3.40148
112 4.45527
113 5.66522
114 6.80295
115 3.40148
116 4.45527
117 5.48283
118 6.65264
119 3.40148
120 4.21821
121 5.84173
122 6.80295
123 3.40148
124 4.45527
125 5.66522
126 6.80295
127 3.40148
128 4.45527
129 5.48283
130 6.65264
131 3.40148
132 4.21821
133 5.84173
134 6.80295
135 3.40148
136 4.45527
137 5.66522
138 6.80295
139 3.40148
140 4.67973
141 5.66522
142 6.80295
143 3.40148
144 4.45527
145 6.01292
146 6.80295
147 3.40148
148 4.45527
149 5.84173
150 6.80295
151 3.40148
152 4.67973
153 5.66522
154 6.80295
155 3.40148
156 4.45527
157 6.01292
158 6.80295
159 3.40148
160 4.45527
161 5.84173
162 6.80295
163 3.40148
164 4.67973
165 5.66522
166 6.80295
167 3.40148
168 4.45527
169 6.01292
170 6.80295
171 3.40148
172 4.45527
173 5.84173
174 6.80295
175 3.40148
176 4.67973
177 5.66522
178 6.80295
179 3.40148
180 4.45527
181 6.01292
182 6.80295
183 3.40148
184 4.45527
185 5.84173
186 6.80295
187 3.40148
188 4.67973
189 5.66522
190 6.80295
191 3.40148
192 4.67973
193 6.01292
194 6.80295
195 3.40148
196 4.45527
197 6.01292
198 6.80295
199 3.40148
200 4.67973
201 5.84173
202 6.80295
203 3.40148
204 4.67973
205 6.01292
206 6.80295
207 3.40148
208 4.45527
209 6.01292
210 6.80295
211 3.40148
212 4.67973
213 5.84173
214 6.80295
215 3.40148
216 4.67973
217 6.01292
218 6.80295
219 3.40148
220 4.45527
221 6.01292
222 6.80295
223 3.40148
224 4.67973
225 5.84173
226 6.80295
227 3.40148
228 4.67973
229 6.01292
230 6.80295
231 3.40148
232 4.45527
233 6.01292
234 6.80295
235 3.40148
236 4.67973
237 5.84173
238 6.80295
239 3.40148
240 4.67973
241 6.01292
242 6.80295
243 3.40148
244 4.67973
245 6.17922
246 6.80295
247 3.40148
248 4.67973
249 6.01292
250 6.80295
251 3.40148
252 4.89341
253 6.01292
254 6.80295
255 3.40148
256 4.67973
257 6.17922
258 6.80295
259 3.40148
260 4.67973
261 6.01292
262 6.80295
263 3.40148
264 4.89341
265 6.01292
266 6.80295
267 3.40148
268 4.67973
269 6.17922
270 6.80295
271 3.40148
272 4.67973
273 6.01292
274 6.80295
275 3.40148
276 4.89341
277 6.01292
278 6.80295
279 3.40148
280 4.67973
281 6.17922
282 6.80295
283 3.40148
284 4.67973
285 6.01292
286 6.80295
287 3.40148
288 4.89341
289 6.01292
290 6.80295
291 3.40148
292 4.67973
293 6.17922
294 6.80295
295 3.40148
296 4.67973
297 6.17922
298 6.80295
299 3.40148
300 5.09777
301 6.01292
302 6.80295
303 3.40148
304 4.89341
305 6.17922
306 6.80295
307 3.40148
308 4.67973
309 6.17922
310 6.80295
311 3.40148
312 5.09777
313 6.01292
314 6.80295
315 3.40148
316 4.89341
317 6.17922
318 6.80295
319 3.40148
320 4.67973
321 6.17922
322 6.80295
323 3.40148
324 5.09777
325 6.01292
326 6.80295
327 3.40148
328 4.89341
329 6.17922
330 6.80295
331 3.40148
332 4.67973
333 6.17922
334 6.80295
335 3.40148
336 5.09777
337 6.01292
338 6.80295
339 3.40148
340 4.89341
341 6.17922
342 6.80295
343 3.40148
344 4.67973
345 6.17922
346 6.80295
347 3.40148
348 5.09777
349 6.01292
350 6.80295
351 3.69547
352 5.09777
353 6.17922
354 6.80295
355 3.40148
356 4.89341
357 6.34106
358 6.80295
359 3.40148
360 5.09777
361 6.01292
362 6.80295
363 3.69547
364 5.09777
365 6.17922
366 6.80295
367 3.40148
368 4.89341
369 6.34106
370 6.80295
371 3.40148
372 5.09777
373 6.01292
374 6.80295
375 3.69547
376 5.09777
377 6.17922
378 6.80295
379 3.40148
380 4.89341
381 6.34106
382 6.80295
383 3.40148
384 5.09777
385 6.01292
386 6.80295
387 3.69547
388 5.09777
389 6.17922
390 6.80295
391 3.40148
392 4.89341
393 6.34106
394 6.80295
395 3.40148
396 5.09777
397 6.01292
398 6.80295
399 3.69547
400 5.29394
401 6.17922
402 6.80295
403 3.69547
404 5.09777
405 6.34106
406 6.80295
407 3.40148
408 5.09777
409 6.01292
410 6.80295
411 3.69547
412 5.29394
413 6.17922
414 6.80295
415 3.69547
416 5.09777
417 6.34106
418 6.80295
419 3.40148
420 5.09777
421 6.01292
422 6.80295
423 3.69547
424 5.29394
425 6.17922
426 6.80295
427 3.69547
428 5.09777
429 6.34106
430 6.80295
431 3.40148
432 5.09777
433 6.01292
434 6.80295
435 3.69547
436 5.29394
437 6.17922
438 6.80295
439 3.69547
440 5.09777
441 6.34106
442 6.80295
443 3.40148
444 5.09777
445 6.01292
446 6.80295
447 3.69547
448 5.29394
449 6.17922
450 6.80295
451 3.96607
452 5.29394
453 6.34106
454 6.80295
455 3.69547
456 5.09777
457 6.17922
458 3.40148
459 3.69547
460 5.29394
461 6.17922
462 6.80295
463 3.96607
464 5.29394
465 6.34106
466 6.80295
467 3.69547
468 5.09777
469 6.17922
470 3.40148
471 3.69547
472 5.29394
473 6.17922
474 6.80295
475 3.96607
476 5.29394
477 6.34106
478 6.80295
479 3.69547
480 5.09777
481 6.17922
482 3.40148
483 3.69547
484 5.29394
485 6.17922
486 6.80295
487 3.96607
488 5.29394
489 6.34106
490 6.80295
491 3.69547
492 5.09777
493 6.17922
494 3.40148
495 3.69547
496 5.29394
497 6.17922
498 6.80295
499 3.96607
500 5.29394
501 6.34106
502 6.80295
503 3.96607
504 5.09777
505 6.34106
506 3.40148
507 3.69547
508 5.29394
509 6.17922
510 3.40148
511 3.96607
512 5.48283
513 6.34106
514 6.80295
515 3.96607
516 5.09777
517 6.34106
518 3.40148
519 3.69547
520 5.29394
521 6.17922
522 3.40148
523 3.96607
524 5.48283
525 6.34106
526 6.80295
527 3.96607
528 5.09777
529 6.34106
530 3.40148
531 3.69547
532 5.29394
533 6.17922
534 3.40148
535 3.96607
536 5.48283
537 6.34106
538 6.80295
539 3.96607
540 5.09777
541 6.34106
542 3.40148
543 3.69547
544 5.29394
545 6.17922
546 3.40148
547 3.96607
548 5.48283
549 6.34106
550 6.80295
551 3.96607
552 5.09777
553 6.34106
554 3.40148
555 3.96607
556 5.29394
557 6.34106
558 3.40148
559 3.96607
560 5.48283
561 6.34106
562 3.40148
563 4.21821
564 5.29394
565 6.49876
566 3.40148
567 3.96607
568 5.29394
569 6.34106
570 3.40148
571 3.96607
572 5.48283
573 6.34106
574 3.40148
575 4.21821
576 5.29394
577 6.49876
578 3.40148
579 3.96607
580 5.29394
581 6.34106
582 3.40148
583 3.96607
584 5.48283
585 6.34106
586 3.40148
587 4.21821
588 5.29394
589 6.49876
590 3.40148
591 3.96607
592 5.29394
593 6.34106
594 3.40148
595 3.96607
596 5.48283
597 6.34106
598 3.40148
599 4.21821
600 5.29394
601 6.49876
602 3.40148
603 3.96607
604 5.29394
605 6.34106
606 3.40148
607 3.96607
608 5.48283
609 6.34106
610 3.40148
611 4.21821
612 5.48283
613 6.65264
614 3.40148
615 4.21821
616 5.29394
617 6.49876
618 3.40148
619 3.96607
620 5.48283
621 6.34106
622 3.40148
623 4.21821
624 5.48283
625 6.65264
626 3.40148
627 4.21821
628 5.29394
629 6.49876
630 3.40148
631 3.96607
632 5.48283
633 6.34106
634 3.40148
635 4.21821
636 5.48283
637 6.65264
638 3.40148
639 4.21821
640 5.29394
641 6.49876
642 3.40148
643 3.96607
644 5.48283
645 6.34106
646 3.40148
647 4.21821
648 5.48283
649 6.65264
650 3.40148
651 4.21821
652 5.29394
653 6.49876
654 3.40148
655 3.96607
656 5.48283
657 6.34106
658 3.40148
659 4.21821
660 5.66522
661 6.80295
662 3.40148
663 4.45527
664 5.48283
665 6.65264
666 3.40148
667 4.21821
668 5.48283
669 6.49876
670 3.40148
671 4.21821
672 5.66522
673 6.80295
674 3.40148
675 4.45527
676 5.48283
677 6.65264
678 3.40148
679 4.21821
680 5.48283
681 6.49876
682 3.40148
683 4.21821
684 5.66522
685 6.80295
686 3.40148
687 4.45527
688 5.48283
689 6.65264
690 3.40148
691 4.21821
692 5.48283
693 6.49876
694 3.40148
695 4.21821
696 5.66522
697 6.80295
698 3.40148
699 4.45527
700 5.48283
701 6.65264
702 3.40148
703 4.21821
704 5.48283
705 6.49876
706 3.40148
707 4.21821
708 5.66522
709 6.80295
710 3.40148
711 4.45527
712 5.66522
713 6.80295
714 3.40148
715 4.45527
716 5.48283
717 6.65264
718 3.40148
719 4.21821
720 5.84173
721 6.80295
722 3.40148
723 4.45527
724 5.66522
725 6.80295
726 3.40148
727 4.45527
728 5.48283
729 6.65264
730 3.40148
731 4.21821
732 5.84173
733 6.80295
734 3.40148
735 4.45527
736 5.66522
737 6.80295
738 3.40148
739 4.45527
740 5.48283
741 6.65264
742 3.40148
743 4.21821
744 5.84173
745 6.80295
746 3.40148
747 4.45527
748 5.66522
749 6.80295
750 3.40148
751 4.45527
752 5.48283
753 6.65264
754 3.40148
755 4.21821
756 5.84173
757 6.80295
758 3.40148
759 4.45527
760 5.66522
761 6.80295
762 3.40148
763 4.67973
764 5.66522
765 6.80295
766 3.40148
767 4.45527
768 6.01292
769 6.80295
770 3.40148
771 4.45527
772 5.84173
773 6.80295
774 3.40148
775 4.67973
776 5.66522
777 6.80295
778 3.40148
779 4.45527
780 6.01292
781 6.80295
782 3.40148
783 4.45527
784 5.84173
785 6.80295
786 3.40148
787 4.67973
788 5.66522
789 6.80295
790 3.40148
791 4.45527
792 6.01292
793 6.80295
794 3.40148
795 4.45527
796 5.84173
797 6.80295
798 3.40148
799 4.67973
800 5.66522
801 6.80295
802 3.40148
803 4.45527
804 6.01292
805 6.80295
806 3.40148
807 4.45527
808 5.84173
809 6.80295
810 3.40148
811 4.67973
812 5.66522
813 6.80295
814 3.40148
815 4.67973
816 6.01292
817 6.80295
818 3.40148
819 4.45527
820 6.01292
821 6.80295
822 3.40148
823 4.67973
824 5.84173
825 6.80295
826 3.40148
827 4.67973
828 6.01292
829 6.80295
830 3.40148
831 4.45527
832 6.01292
833 6.80295
834 3.40148
835 4.67973
836 5.84173
837 6.80295
838 3.40148
839 4.67973
840 6.01292
841 6.80295
842 3.40148
843 4.45527
844 6.01292
845 6.80295
846 3.40148
847 4.67973
848 5.84173
849 6.80295
850 3.40148
851 4.67973
852 6.01292
853 6.80295
854 3.40148
855 4.45527
856 6.01292
857 6.80295
858 3.40148
859 4.67973
860 5.84173
861 6.80295
862 3.40148
863 4.67973
864 6.01292
865 6.80295
866 3.40148
867 4.67973
868 6.17922
869 6.80295
870 3.40148
871 4.67973
872 6.01292
873 6.80295
874 3.40148
875 4.89341
876 6.01292
877 6.80295
878 3.40148
879 4.67973
880 6.17922
881 6.80295
882 3.40148
883 4.67973
884 6.01292
885 6.80295
886 3.40148
887 4.89341
888 6.01292
889 6.80295
890 3.40148
891 4.67973
892 6.17922
893 6.80295
894 3.40148
895 4.67973
896 6.01292
897 6.80295
898 3.40148
899 4.89341
900 6.01292
901 6.80295
902 3.40148
903 4.67973
904 6.17922
905 6.80295
906 3.40148
907 4.67973
908 6.01292
909 6.80295
910 3.40148
911 4.89341
912 6.01292
913 6.80295
914 3.40148
915 4.67973
916 6.17922
917 6.80295
918 3.40148
919 4.67973
920 6.17922
921 6.80295
922 3.40148
923 5.09777
924 6.01292
925 6.80295
926 3.40148
927 4.89341
928 6.17922
929 6.80295
930 3.40148
931 4.67973
932 6.17922
933 6.80295
934 3.40148
935 5.09777
936 6.01292
937 6.80295
938 3.40148
939 4.89341
940 6.17922
941 6.80295
942 3.40148
943 4.67973
944 6.17922
945 6.80295
946 3.40148
947 5.09777
948 6.01292
949 6.80295
950 3.40148
951 4.89341
952 6.17922
953 6.80295
954 3.40148
955 4.67973
956 6.17922
957 6.80295
958 3.40148
959 5.09777
960 6.01292
961 6.80295
962 3.40148
963 4.89341
964 6.17922
965 6.80295
966 3.40148
967 4.67973
968 6.17922
969 6.80295
970 3.40148
971 5.09777
972 6.01292
973 6.80295
974 3.69547
975 5.09777
976 6.17922
977 6.80295
978 3.40148
979 4.89341
980 6.34106
981 6.80295
982 3.40148
983 5.09777
984 6.01292
985 6.80295
986 3.69547
987 5.09777
988 6.17922
989 6.80295
990 3.40148
991 4.89341
992 6.34106
993 6.80295
994 3.40148
995 5.09777
996 6.01292
997 6.80295
998 3.69547
999 5.09777
