0 1
1 3.24483
2 2.5
3 4.09525
4 5.57555
5 6.5768
6 3.2884
7 3.2884
8 3.2884
9 1
10 2
11 2
12 2
13 1
14 2
15 2.5
16 2.5
17 2.5
18 2.5
19 2.5
20 2.5
21 2.5
22 1
23 1
24 1
25 1
26 1
27 1
28 1
29 1
30 1
31 1
32 1
33 1
34 1
35 1
36 1
37 1
38 1
39 1
40 1
41 1
42 1
43 1
44 1
45 1
46 1
47 1
48 1
49 1
50 1
51 1
52 1
53 1
54 1
55 1
56 1
57 1
58 1
59 1
60 1
61 1
62 1
63 1
64 2
65 2
66 2
67 2
68 2
69 2
70 2
71 2
72 2
73 2
74 2
75 2
76 2
77 2
78 2
79 2
80 2
81 2
82 2
83 2
84 2
85 2
86 2
87 2
88 2
89 2
90 2
91 2
92 2
93 2
94 2
95 2
96 2
97 2
98 2
99 2
100 2
101 2
102 2
103 2
104 2
105 2
106 2
107 2
108 2
109 2
110 2
111 2
112 2
113 2
114 2
115 2
116 2
117 2
118 2
119 2
120 1
121 2
122 2
123 2
124 2
125 2
126 2
127 2
128 2
129 2
130 2
131 2
132 2
133 2
134 2
135 2
136 2
137 2
138 2
139 2
140 2
141 2
142 2
143 2
144 2
145 2
146 2
147 2
148 2
149 2
150 2
151 2
152 2
153 2
154 2
155 2
156 2
157 2
158 2
159 2
160 2
161 2
162 2
163 2
164 2
165 2
166 2
167 2
168 2
169 2
170 2
171 2
172 2
173 2
174 2
175 2
176 2
177 2
178 2
179 2
180 2
181 1
182 2.9
183 2.9
184 2.9
185 1
186 1
187 1
188 1
189 1
190 1
191 2
192 2
193 2
194 2
195 2
196 2
197 2
198 2
199 2
200 2
201 2
202 2
203 2
204 2
205 2
206 2
207 2
208 2
209 2
210 2
211 2
212 2
213 2
214 2
215 2
216 2
217 2
218 2
219 2
220 2
221 1
222 1
223 1
224 1
225 1
226 1
227 1
228 1
229 1
230 1
231 1
232 1
233 1
234 1
235 1
236 1
237 1
238 1
239 1
240 1
241 1
242 1
243 1
244 1
245 1
246 1
247 1
248 1
249 1
250 1
251 1
252 1
253 1
254 1
255 1
256 1
257 1
258 1
259 1
260 1
261 1
262 2.9
263 3.55301
264 3.55301
265 1
266 1
267 1
268 1
269 1
270 2
271 2.5
272 2.5
273 2.5
274 2.5
275 2.5
276 2.5
277 2.5
278 2.5
279 1
280 1
281 1
282 1
283 1
284 1
285 1
286 1
287 1
288 1
289 1
290 1
291 1
292 1
293 1
294 1
295 2
296 2.5
297 2.5
298 2.5
299 2.5
300 2.5
301 2.5
302 2.5
303 2.5
304 2.5
305 2.5
306 2.5
307 2.5
308 2.5
309 2.5
310 2.5
311 2.5
312 2.5
313 2.5
314 2.5
315 2.5
316 2.5
317 2.5
318 2.5
319 2.5
320 2.5
321 2.5
322 2.5
323 2.5
324 2.5
325 2.5
326 2.5
327 1
328 2
329 2
330 2
331 2
332 2
333 2
334 2
335 2
336 2
337 2
338 2
339 2
340 2
341 2
342 2
343 2
344 2
345 2
346 2
347 2
348 2
349 2
350 2
351 2
352 2
353 2
354 2
355 2
356 2
357 2
358 2
359 2
360 2
361 2
362 2
363 2
364 2
365 2
366 2
367 2
368 2
369 2
370 2
371 2
372 2
373 2
374 2
375 2
376 2
377 2
378 2
379 2
380 2
381 2
382 2
383 2
384 2
385 2
386 2
387 2
388 1
389 2
390 2
391 2
392 2
393 2
394 2
395 2
396 2
397 2
398 2
399 2
400 2
401 2
402 2
403 2
404 2
405 2
406 2
407 2
408 2
409 2
410 2
411 2
412 2
413 2
414 2
415 2
416 2
417 2
418 2
419 2
420 2
421 2
422 2
423 2
424 2
425 2
426 2
427 2
428 2
429 2
430 2
431 2
432 2
433 2
434 2
435 2
436 2
437 2
438 2
439 2
440 2
441 2
442 2
443 2
444 2
445 2
446 2
447 2
448 2
449 1
450 2.9
451 3.55301
452 3.55301
453 1
454 1
455 1
456 1
457 1
458 2.5
459 2.5
460 2.5
461 2.5
462 2.5
463 2.5
464 2.5
465 2.5
466 1
467 1
468 1
469 1
470 1
471 1
472 1
473 1
474 1
475 1
476 1
477 1
478 1
479 1
480 1
481 1
482 1
483 2.5
484 2.5
485 2.5
486 2.5
487 2.5
488 2.5
489 2.5
490 2.5
491 2.5
492 2.5
493 2.5
494 2.5
495 2.5
496 2.5
497 2.5
498 2.5
499 2.5
500 2.5
501 2.5
502 2.5
503 2.5
504 2.5
505 2.5
506 2.5
507 2.5
508 2.5
509 2.5
510 2.5
511 2.5
512 2.5
513 2.5
514 2.5
515 1
516 2
517 2
518 2
519 2
520 2
521 2
522 2
523 2
524 2
525 2
526 2
527 2
528 2
529 2
530 2
531 2
532 2
533 2
534 2
535 2
536 2
537 2
538 2
539 2
540 2
541 2
542 2
543 2
544 2
545 2
546 2
547 2
548 2
549 2
550 2
551 2
552 2
553 2
554 2
555 2
556 2
557 2
558 2
559 2
560 2
561 2
562 2
563 2
564 2
565 2
566 2
567 2
568 2
569 2
570 2
571 2
572 2
573 2
574 2
575 2
576 2
577 2
578 2
579 2
580 2
581 2
582 2
583 2
584 2
585 2
586 2
587 2
588 2
589 2
590 2
591 2
592 2
593 2
594 2
595 2
596 2
597 2
598 2
599 2
600 2
601 2
602 2
603 2
604 2
605 2
606 2
607 2
608 2
609 2
610 2
611 2
612 2
613 2
614 2
615 2
616 2
617 2
618 2
619 2
620 2
621 2
622 2
623 2
624 2
625 2
626 2
627 2
628 2
629 2
630 2
631 2
632 2
633 2
634 2
635 2
636 1
637 2
638 3.55301
639 3.55301
640 1
641 1
642 1
643 1
644 1
645 2
646 2
647 2
648 2
649 2
650 2
651 2
652 2
653 1
654 1
655 1
656 1
657 1
658 1
659 1
660 1
661 1
662 1
663 1
664 1
665 1
666 1
667 1
668 1
669 2
670 2.5
671 2.5
672 2.5
673 2.5
674 2.5
675 2.5
676 2.5
677 2.5
678 2.5
679 2.5
680 2.5
681 2.5
682 2.5
683 2.5
684 2.5
685 2.5
686 2.5
687 2.5
688 2.5
689 2.5
690 2.5
691 2.5
692 2.5
693 2.5
694 2.5
695 2.5
696 2.5
697 2.5
698 2.5
699 2.5
700 2.5
701 2.5
702 1
703 2
704 2
705 2
706 2
707 2
708 2
709 2
710 2
711 2
712 2
713 2
714 2
715 2
716 2
717 2
718 2
719 2
720 2
721 2
722 2
723 2
724 2
725 2
726 2
727 2
728 2
729 2
730 2
731 2
732 2
733 2
734 2
735 2
736 2
737 2
738 2
739 2
740 2
741 2
742 2
743 2
744 2
745 2
746 2
747 2
748 2
749 2
750 2
751 2
752 2
753 2
754 2
755 2
756 2
757 2
758 2
759 2
760 2
761 2
762 2
763 2
764 2
765 2
766 2
767 2
768 2
769 2
770 2
771 2
772 2
773 2
774 2
775 2
776 2
777 2
778 2
779 2
780 2
781 2
782 2
783 2
784 2
785 2
786 2
787 2
788 2
789 2
790 2
791 2
792 2
793 2
794 2
795 2
796 2
797 2
798 2
799 2
800 2
801 2
802 2
803 2
804 2
805 2
806 2
807 2
808 2
809 2
810 2
811 2
812 2
813 2
814 2
815 2
816 2
817 2
818 2
819 2
820 2
821 2
822 2
823 1
824 2.5
825 3.55301
826 3.55301
827 1
828 1
829 1
830 1
831 1
832 2
833 2.5
834 2.5
835 2.5
836 2.5
837 2.5
838 2.5
839 2.5
840 2.5
841 1
842 1
843 1
844 1
845 1
846 1
847 1
848 1
849 1
850 1
851 1
852 1
853 1
854 1
855 1
856 1
857 2
858 2.5
859 2.5
860 2.5
861 2.5
862 2.5
863 2.5
864 2.5
865 2.5
866 2.5
867 2.5
868 2.5
869 2.5
870 2.5
871 2.5
872 2.5
873 2.5
874 2.5
875 2.5
876 2.5
877 2.5
878 2.5
879 2.5
880 2.5
881 2.5
882 2.5
883 2.5
884 2.5
885 2.5
886 2.5
887 2.5
888 2.5
889 1
890 2
891 2
892 2
893 2
894 2
895 2
896 2
897 2
898 2
899 2
900 2
901 2
902 2
903 2
904 2
905 2
906 2
907 2
908 2
909 2
910 2
911 2
912 2
913 2
914 2
915 2
916 2
917 2
918 2
919 2
920 2
921 2
922 2
923 2
924 2
925 2
926 2
927 2
928 2
929 2
930 2
931 2
932 2
933 2
934 2
935 2
936 2
937 2
938 2
939 2
940 2
941 2
942 2
943 2
944 2
945 2
946 2
947 2
948 2
949 2
950 1
951 2
952 2
953 2
954 2
955 2
956 2
957 2
958 2
959 2
960 2
961 2
962 2
963 2
964 2
965 2
966 2
967 2
968 2
969 2
970 2
971 2
972 2
973 2
974 2
975 2
976 2
977 2
978 2
979 2
980 2
981 2
982 2
983 2
984 2
985 2
986 2
987 2
988 2
989 2
990 2
991 2
992 2
993 2
994 2
995 2
996 2
997 2
998 2
999 2
