0 1
1 3.24483
2 2.5
3 4.33944
4 5.39003
5 6.26135
6 3.43873
7 3.99767
8 5.3173
9 6.19915
10 6.82102
11 3.97372
12 5.48828
13 6.34575
14 6.80732
15 4.21994
16 5.09919
17 6.18039
18 3.402
19 3.96651
20 5.29426
21 6.17951
22 6.80321
23 3.96618
24 5.48291
25 6.34112
26 6.80301
27 4.21823
28 5.09779
29 6.17924
30 3.40148
31 3.96607
32 5.29394
33 6.17923
34 3.40148
35 3.96607
36 5.48283
37 6.34106
38 6.80295
39 4.21821
40 5.09777
41 6.34106
42 3.40148
43 4.21821
44 5.29394
45 6.17922
46 3.40148
47 3.96607
48 5.48283
49 6.34106
50 6.80295
51 4.21821
52 5.09777
53 6.34106
54 3.40148
55 4.21821
56 5.29394
57 6.17922
58 3.40148
59 3.96607
60 5.48283
61 6.34106
62 6.80295
63 4.21821
64 5.09777
65 6.34106
66 3.40148
67 4.21821
68 5.29394
69 6.17922
70 3.40148
71 3.96607
72 5.48283
73 6.34106
74 6.80295
75 4.21821
76 5.09777
77 6.34106
78 3.40148
79 4.21821
80 5.29394
81 6.17922
82 3.40148
83 3.96607
84 5.48283
85 6.34106
86 3.40148
87 4.21821
88 5.29394
89 6.49876
90 3.40148
91 4.45527
92 5.29394
93 6.34106
94 3.40148
95 4.21821
96 5.48283
97 6.34106
98 3.40148
99 4.21821
100 5.29394
101 6.49876
102 3.40148
103 4.45527
104 5.29394
105 6.34106
106 3.40148
107 4.21821
108 5.48283
109 6.34106
110 3.40148
111 4.21821
112 5.29394
113 6.49876
114 3.40148
115 4.45527
116 5.29394
117 6.34106
118 3.40148
119 4.21821
120 5.48283
121 6.34106
122 3.40148
123 4.21821
124 5.29394
125 6.49876
126 3.40148
127 4.45527
128 5.29394
129 6.34106
130 3.40148
131 4.21821
132 5.48283
133 6.34106
134 3.40148
135 4.21821
136 5.29394
137 6.49876
138 3.40148
139 4.45527
140 5.29394
141 6.49876
142 3.40148
143 4.45527
144 5.48283
145 6.34106
146 3.40148
147 4.21821
148 5.48283
149 6.65264
150 3.40148
151 4.45527
152 5.29394
153 6.49876
154 3.40148
155 4.45527
156 5.48283
157 6.34106
158 3.40148
159 4.21821
160 5.48283
161 6.65264
162 3.40148
163 4.45527
164 5.29394
165 6.49876
166 3.40148
167 4.45527
168 5.48283
169 6.34106
170 3.40148
171 4.21821
172 5.48283
173 6.65264
174 3.40148
175 4.45527
176 5.29394
177 6.49876
178 3.40148
179 4.45527
180 5.48283
181 6.34106
182 3.40148
183 4.21821
184 5.48283
185 6.65264
186 3.40148
187 4.45527
188 5.29394
189 6.49876
190 3.40148
191 4.67973
192 5.48283
193 6.49876
194 3.40148
195 4.21821
196 5.66522
197 6.80295
198 3.40148
199 4.45527
200 5.48283
201 6.65264
202 3.40148
203 4.67973
204 5.48283
205 6.49876
206 3.40148
207 4.21821
208 5.66522
209 6.80295
210 3.40148
211 4.45527
212 5.48283
213 6.65264
214 3.40148
215 4.67973
216 5.48283
217 6.49876
218 3.40148
219 4.21821
220 5.66522
221 6.80295
222 3.40148
223 4.45527
224 5.48283
225 6.65264
226 3.40148
227 4.67973
228 5.48283
229 6.49876
230 3.40148
231 4.21821
232 5.66522
233 6.80295
234 3.40148
235 4.45527
236 5.48283
237 6.65264
238 3.40148
239 4.67973
240 5.48283
241 6.49876
242 3.40148
243 4.45527
244 5.84173
245 6.80295
246 3.40148
247 4.45527
248 5.66522
249 6.80295
250 3.40148
251 4.67973
252 5.48283
253 6.65264
254 3.40148
255 4.45527
256 5.84173
257 6.80295
258 3.40148
259 4.45527
260 5.66522
261 6.80295
262 3.40148
263 4.67973
264 5.48283
265 6.65264
266 3.40148
267 4.45527
268 5.84173
269 6.80295
270 3.40148
271 4.45527
272 5.66522
273 6.80295
274 3.40148
275 4.67973
276 5.48283
277 6.65264
278 3.40148
279 4.45527
280 5.84173
281 6.80295
282 3.40148
283 4.45527
284 5.66522
285 6.80295
286 3.40148
287 4.67973
288 5.48283
289 6.65264
290 3.40148
291 4.45527
292 5.84173
293 6.80295
294 3.40148
295 4.45527
296 5.84173
297 6.80295
298 3.40148
299 4.67973
300 5.66522
301 6.80295
302 3.40148
303 4.67973
304 6.01292
305 6.80295
306 3.40148
307 4.45527
308 5.84173
309 6.80295
310 3.40148
311 4.67973
312 5.66522
313 6.80295
314 3.40148
315 4.67973
316 6.01292
317 6.80295
318 3.40148
319 4.45527
320 5.84173
321 6.80295
322 3.40148
323 4.67973
324 5.66522
325 6.80295
326 3.40148
327 4.67973
328 6.01292
329 6.80295
330 3.40148
331 4.45527
332 5.84173
333 6.80295
334 3.40148
335 4.67973
336 5.66522
337 6.80295
338 3.40148
339 4.67973
340 6.01292
341 6.80295
342 3.40148
343 4.45527
344 5.84173
345 6.80295
346 3.40148
347 4.67973
348 5.84173
349 6.80295
350 3.40148
351 4.89341
352 6.01292
353 6.80295
354 3.40148
355 4.67973
356 6.01292
357 6.80295
358 3.40148
359 4.67973
360 5.84173
361 6.80295
362 3.40148
363 4.89341
364 6.01292
365 6.80295
366 3.40148
367 4.67973
368 6.01292
369 6.80295
370 3.40148
371 4.67973
372 5.84173
373 6.80295
374 3.40148
375 4.89341
376 6.01292
377 6.80295
378 3.40148
379 4.67973
380 6.01292
381 6.80295
382 3.40148
383 4.67973
384 5.84173
385 6.80295
386 3.40148
387 4.89341
388 6.01292
389 6.80295
390 3.40148
391 4.67973
392 6.01292
393 6.80295
394 3.40148
395 4.67973
396 5.84173
397 6.80295
398 3.40148
399 5.09777
400 6.01292
401 6.80295
402 3.69547
403 4.89341
404 6.17922
405 6.80295
406 3.40148
407 4.67973
408 6.01292
409 6.80295
410 3.40148
411 5.09777
412 6.01292
413 6.80295
414 3.69547
415 4.89341
416 6.17922
417 6.80295
418 3.40148
419 4.67973
420 6.01292
421 6.80295
422 3.40148
423 5.09777
424 6.01292
425 6.80295
426 3.69547
427 4.89341
428 6.17922
429 6.80295
430 3.40148
431 4.67973
432 6.01292
433 6.80295
434 3.40148
435 5.09777
436 6.01292
437 6.80295
438 3.69547
439 4.89341
440 6.17922
441 6.80295
442 3.40148
443 4.67973
444 6.01292
445 6.80295
446 3.40148
447 5.09777
448 6.01292
449 6.80295
450 3.69547
451 5.09777
452 6.17922
453 6.80295
454 3.69547
455 4.89341
456 6.17922
457 6.80295
458 3.40148
459 5.09777
460 6.01292
461 6.80295
462 3.69547
463 5.09777
464 6.17922
465 6.80295
466 3.69547
467 4.89341
468 6.17922
469 6.80295
470 3.40148
471 5.09777
472 6.01292
473 6.80295
474 3.69547
475 5.09777
476 6.17922
477 6.80295
478 3.69547
479 4.89341
480 6.17922
481 6.80295
482 3.40148
483 5.09777
484 6.01292
485 6.80295
486 3.69547
487 5.09777
488 6.17922
489 6.80295
490 3.69547
491 4.89341
492 6.17922
493 6.80295
494 3.40148
495 5.09777
496 6.01292
497 6.80295
498 3.69547
499 5.09777
500 6.17922
501 6.80295
502 3.96607
503 5.09777
504 6.34106
505 6.80295
506 3.69547
507 5.09777
508 6.01292
509 6.80295
510 3.69547
511 5.29394
512 6.17922
513 6.80295
514 3.96607
515 5.09777
516 6.34106
517 6.80295
518 3.69547
519 5.09777
520 6.01292
521 6.80295
522 3.69547
523 5.29394
524 6.17922
525 6.80295
526 3.96607
527 5.09777
528 6.34106
529 6.80295
530 3.69547
531 5.09777
532 6.01292
533 6.80295
534 3.69547
535 5.29394
536 6.17922
537 6.80295
538 3.96607
539 5.09777
540 6.34106
541 6.80295
542 3.69547
543 5.09777
544 6.01292
545 6.80295
546 3.69547
547 5.29394
548 6.17922
549 6.80295
550 3.96607
551 5.09777
552 6.34106
553 6.80295
554 3.96607
555 5.09777
556 6.01292
557 6.80295
558 3.69547
559 5.29394
560 6.17922
561 6.80295
562 3.96607
563 5.29394
564 6.34106
565 6.80295
566 3.96607
567 5.09777
568 6.01292
569 6.80295
570 3.69547
571 5.29394
572 6.17922
573 6.80295
574 3.96607
575 5.29394
576 6.34106
577 6.80295
578 3.96607
579 5.09777
580 6.01292
581 6.80295
582 3.69547
583 5.29394
584 6.17922
585 6.80295
586 3.96607
587 5.29394
588 6.34106
589 6.80295
590 3.96607
591 5.09777
592 6.01292
593 6.80295
594 3.69547
595 5.29394
596 6.17922
597 6.80295
598 3.96607
599 5.29394
600 6.34106
601 6.80295
602 3.96607
603 5.09777
604 6.01292
605 6.80295
606 3.96607
607 5.29394
608 6.17922
609 6.80295
610 3.96607
611 5.48283
612 6.34106
613 6.80295
614 4.21821
615 5.09777
616 6.17922
617 3.40148
618 3.96607
619 5.29394
620 6.17922
621 6.80295
622 3.96607
623 5.48283
624 6.34106
625 6.80295
626 4.21821
627 5.09777
628 6.17922
629 3.40148
630 3.96607
631 5.29394
632 6.17922
633 6.80295
634 3.96607
635 5.48283
636 6.34106
637 6.80295
638 4.21821
639 5.09777
640 6.17922
641 3.40148
642 3.96607
643 5.29394
644 6.17922
645 6.80295
646 3.96607
647 5.48283
648 6.34106
649 6.80295
650 4.21821
651 5.09777
652 6.17922
653 3.40148
654 3.96607
655 5.29394
656 6.17922
657 6.80295
658 3.96607
659 5.48283
660 6.34106
661 6.80295
662 4.21821
663 5.09777
664 6.34106
665 3.40148
666 4.21821
667 5.29394
668 6.17922
669 3.40148
670 3.96607
671 5.48283
672 6.34106
673 6.80295
674 4.21821
675 5.09777
676 6.34106
677 3.40148
678 4.21821
679 5.29394
680 6.17922
681 3.40148
682 3.96607
683 5.48283
684 6.34106
685 6.80295
686 4.21821
687 5.09777
688 6.34106
689 3.40148
690 4.21821
691 5.29394
692 6.17922
693 3.40148
694 3.96607
695 5.48283
696 6.34106
697 6.80295
698 4.21821
699 5.09777
700 6.34106
701 3.40148
702 4.21821
703 5.29394
704 6.17922
705 3.40148
706 3.96607
707 5.48283
708 6.34106
709 6.80295
710 4.21821
711 5.29394
712 6.49876
713 3.40148
714 4.45527
715 5.29394
716 6.34106
717 3.40148
718 4.21821
719 5.48283
720 6.34106
721 3.40148
722 4.21821
723 5.29394
724 6.49876
725 3.40148
726 4.45527
727 5.29394
728 6.34106
729 3.40148
730 4.21821
731 5.48283
732 6.34106
733 3.40148
734 4.21821
735 5.29394
736 6.49876
737 3.40148
738 4.45527
739 5.29394
740 6.34106
741 3.40148
742 4.21821
743 5.48283
744 6.34106
745 3.40148
746 4.21821
747 5.29394
748 6.49876
749 3.40148
750 4.45527
751 5.29394
752 6.34106
753 3.40148
754 4.21821
755 5.48283
756 6.34106
757 3.40148
758 4.21821
759 5.29394
760 6.49876
761 3.40148
762 4.45527
763 5.29394
764 6.49876
765 3.40148
766 4.45527
767 5.48283
768 6.34106
769 3.40148
770 4.21821
771 5.48283
772 6.65264
773 3.40148
774 4.45527
775 5.29394
776 6.49876
777 3.40148
778 4.45527
779 5.48283
780 6.34106
781 3.40148
782 4.21821
783 5.48283
784 6.65264
785 3.40148
786 4.45527
787 5.29394
788 6.49876
789 3.40148
790 4.45527
791 5.48283
792 6.34106
793 3.40148
794 4.21821
795 5.48283
796 6.65264
797 3.40148
798 4.45527
799 5.29394
800 6.49876
801 3.40148
802 4.45527
803 5.48283
804 6.34106
805 3.40148
806 4.21821
807 5.48283
808 6.65264
809 3.40148
810 4.45527
811 5.29394
812 6.49876
813 3.40148
814 4.67973
815 5.48283
816 6.49876
817 3.40148
818 4.21821
819 5.66522
820 6.80295
821 3.40148
822 4.45527
823 5.48283
824 6.65264
825 3.40148
826 4.67973
827 5.48283
828 6.49876
829 3.40148
830 4.21821
831 5.66522
832 6.80295
833 3.40148
834 4.45527
835 5.48283
836 6.65264
837 3.40148
838 4.67973
839 5.48283
840 6.49876
841 3.40148
842 4.21821
843 5.66522
844 6.80295
845 3.40148
846 4.45527
847 5.48283
848 6.65264
849 3.40148
850 4.67973
851 5.48283
852 6.49876
853 3.40148
854 4.21821
855 5.66522
856 6.80295
857 3.40148
858 4.45527
859 5.48283
860 6.65264
861 3.40148
862 4.67973
863 5.48283
864 6.49876
865 3.40148
866 4.45527
867 5.84173
868 6.80295
869 3.40148
870 4.45527
871 5.66522
872 6.80295
873 3.40148
874 4.67973
875 5.48283
876 6.65264
877 3.40148
878 4.45527
879 5.84173
880 6.80295
881 3.40148
882 4.45527
883 5.66522
884 6.80295
885 3.40148
886 4.67973
887 5.48283
888 6.65264
889 3.40148
890 4.45527
891 5.84173
892 6.80295
893 3.40148
894 4.45527
895 5.66522
896 6.80295
897 3.40148
898 4.67973
899 5.48283
900 6.65264
901 3.40148
902 4.45527
903 5.84173
904 6.80295
905 3.40148
906 4.45527
907 5.66522
908 6.80295
909 3.40148
910 4.67973
911 5.48283
912 6.65264
913 3.40148
914 4.45527
915 5.84173
916 6.80295
917 3.40148
918 4.45527
919 5.84173
920 6.80295
921 3.40148
922 4.67973
923 5.66522
924 6.80295
925 3.40148
926 4.67973
927 6.01292
928 6.80295
929 3.40148
930 4.45527
931 5.84173
932 6.80295
933 3.40148
934 4.67973
935 5.66522
936 6.80295
937 3.40148
938 4.67973
939 6.01292
940 6.80295
941 3.40148
942 4.45527
943 5.84173
944 6.80295
945 3.40148
946 4.67973
947 5.66522
948 6.80295
949 3.40148
950 4.67973
951 6.01292
952 6.80295
953 3.40148
954 4.45527
955 5.84173
956 6.80295
957 3.40148
958 4.67973
959 5.66522
960 6.80295
961 3.40148
962 4.67973
963 6.01292
964 6.80295
965 3.40148
966 4.45527
967 5.84173
968 6.80295
969 3.40148
970 4.67973
971 5.84173
972 6.80295
973 3.40148
974 4.89341
975 6.01292
976 6.80295
977 3.40148
978 4.67973
979 6.01292
980 6.80295
981 3.40148
982 4.67973
983 5.84173
984 6.80295
985 3.40148
986 4.89341
987 6.01292
988 6.80295
989 3.40148
990 4.67973
991 6.01292
992 6.80295
993 3.40148
994 4.67973
995 5.84173
996 6.80295
997 3.40148
998 4.89341
999 6.01292
