0 1
1 3.24483
2 2.5
3 4.09525
4 5.75491
5 6.5768
6 3.43873
7 4.48323
8 5.3173
9 6.36047
10 3.41051
11 4.22537
12 5.48828
13 6.34575
14 3.40366
15 4.21994
16 5.2953
17 6.49986
18 3.402
19 4.45567
20 5.29426
21 6.34133
22 3.4016
23 4.21831
24 5.48291
25 6.34112
26 3.40151
27 4.21823
28 5.29395
29 6.49878
30 3.40148
31 4.45528
32 5.29394
33 6.34106
34 3.40148
35 4.45528
36 5.48283
37 6.34106
38 3.40148
39 4.21821
40 5.48283
41 6.65264
42 3.40148
43 4.45527
44 5.29394
45 6.49876
46 3.40148
47 4.45527
48 5.48283
49 6.34106
50 3.40148
51 4.21821
52 5.48283
53 6.65264
54 3.40148
55 4.45527
56 5.29394
57 6.49876
58 3.40148
59 4.45527
60 5.48283
61 6.34106
62 3.40148
63 4.21821
64 5.48283
65 6.65264
66 3.40148
67 4.45527
68 5.29394
69 6.49876
70 3.40148
71 4.45527
72 5.48283
73 6.34106
74 3.40148
75 4.21821
76 5.48283
77 6.65264
78 3.40148
79 4.45527
80 5.29394
81 6.49876
82 3.40148
83 4.45527
84 5.48283
85 6.34106
86 3.40148
87 4.21821
88 5.66522
89 6.80295
90 3.40148
91 4.45527
92 5.48283
93 6.65264
94 3.40148
95 4.67973
96 5.48283
97 6.49876
98 3.40148
99 4.21821
100 5.66522
101 6.80295
102 3.40148
103 4.45527
104 5.48283
105 6.65264
106 3.40148
107 4.67973
108 5.48283
109 6.49876
110 3.40148
111 4.21821
112 5.66522
113 6.80295
114 3.40148
115 4.45527
116 5.48283
117 6.65264
118 3.40148
119 4.67973
120 5.48283
121 6.49876
122 3.40148
123 4.21821
124 5.66522
125 6.80295
126 3.40148
127 4.45527
128 5.48283
129 6.65264
130 3.40148
131 4.67973
132 5.48283
133 6.49876
134 3.40148
135 4.21821
136 5.66522
137 6.80295
138 3.40148
139 4.45527
140 5.66522
141 6.80295
142 3.40148
143 4.67973
144 5.48283
145 6.65264
146 3.40148
147 4.45527
148 5.84173
149 6.80295
150 3.40148
151 4.45527
152 5.66522
153 6.80295
154 3.40148
155 4.67973
156 5.48283
157 6.65264
158 3.40148
159 4.45527
160 5.84173
161 6.80295
162 3.40148
163 4.45527
164 5.66522
165 6.80295
166 3.40148
167 4.67973
168 5.48283
169 6.65264
170 3.40148
171 4.45527
172 5.84173
173 6.80295
174 3.40148
175 4.45527
176 5.66522
177 6.80295
178 3.40148
179 4.67973
180 5.48283
181 6.65264
182 3.40148
183 4.45527
184 5.84173
185 6.80295
186 3.40148
187 4.45527
188 5.66522
189 6.80295
190 3.40148
191 4.67973
192 5.66522
193 6.80295
194 3.40148
195 4.67973
196 6.01292
197 6.80295
198 3.40148
199 4.45527
200 5.84173
201 6.80295
202 3.40148
203 4.67973
204 5.66522
205 6.80295
206 3.40148
207 4.67973
208 6.01292
209 6.80295
210 3.40148
211 4.45527
212 5.84173
213 6.80295
214 3.40148
215 4.67973
216 5.66522
217 6.80295
218 3.40148
219 4.67973
220 6.01292
221 6.80295
222 3.40148
223 4.45527
224 5.84173
225 6.80295
226 3.40148
227 4.67973
228 5.66522
229 6.80295
230 3.40148
231 4.67973
232 6.01292
233 6.80295
234 3.40148
235 4.45527
236 5.84173
237 6.80295
238 3.40148
239 4.67973
240 5.66522
241 6.80295
242 3.40148
243 4.89341
244 6.01292
245 6.80295
246 3.40148
247 4.67973
248 6.01292
249 6.80295
250 3.40148
251 4.67973
252 5.84173
253 6.80295
254 3.40148
255 4.89341
256 6.01292
257 6.80295
258 3.40148
259 4.67973
260 6.01292
261 6.80295
262 3.40148
263 4.67973
264 5.84173
265 6.80295
266 3.40148
267 4.89341
268 6.01292
269 6.80295
270 3.40148
271 4.67973
272 6.01292
273 6.80295
274 3.40148
275 4.67973
276 5.84173
277 6.80295
278 3.40148
279 4.89341
280 6.01292
281 6.80295
282 3.40148
283 4.67973
284 6.01292
285 6.80295
286 3.40148
287 4.67973
288 5.84173
289 6.80295
290 3.40148
291 4.89341
292 6.01292
293 6.80295
294 3.69547
295 4.89341
296 6.17922
297 6.80295
298 3.40148
299 4.67973
300 6.01292
301 6.80295
302 3.40148
303 5.09777
304 6.01292
305 6.80295
306 3.69547
307 4.89341
308 6.17922
309 6.80295
310 3.40148
311 4.67973
312 6.01292
313 6.80295
314 3.40148
315 5.09777
316 6.01292
317 6.80295
318 3.69547
319 4.89341
320 6.17922
321 6.80295
322 3.40148
323 4.67973
324 6.01292
325 6.80295
326 3.40148
327 5.09777
328 6.01292
329 6.80295
330 3.69547
331 4.89341
332 6.17922
333 6.80295
334 3.40148
335 4.67973
336 6.01292
337 6.80295
338 3.40148
339 5.09777
340 6.01292
341 6.80295
342 3.69547
343 4.89341
344 6.17922
345 6.80295
346 3.69547
347 4.89341
348 6.17922
349 6.80295
350 3.40148
351 5.09777
352 6.01292
353 6.80295
354 3.69547
355 5.09777
356 6.17922
357 6.80295
358 3.69547
359 4.89341
360 6.17922
361 6.80295
362 3.40148
363 5.09777
364 6.01292
365 6.80295
366 3.69547
367 5.09777
368 6.17922
369 6.80295
370 3.69547
371 4.89341
372 6.17922
373 6.80295
374 3.40148
375 5.09777
376 6.01292
377 6.80295
378 3.69547
379 5.09777
380 6.17922
381 6.80295
382 3.69547
383 4.89341
384 6.17922
385 6.80295
386 3.40148
387 5.09777
388 6.01292
389 6.80295
390 3.69547
391 5.09777
392 6.17922
393 6.80295
394 3.69547
395 4.89341
396 6.17922
397 6.80295
398 3.69547
399 5.09777
400 6.01292
401 6.80295
402 3.69547
403 5.29394
404 6.17922
405 6.80295
406 3.96607
407 5.09777
408 6.34106
409 6.80295
410 3.69547
411 5.09777
412 6.01292
413 6.80295
414 3.69547
415 5.29394
416 6.17922
417 6.80295
418 3.96607
419 5.09777
420 6.34106
421 6.80295
422 3.69547
423 5.09777
424 6.01292
425 6.80295
426 3.69547
427 5.29394
428 6.17922
429 6.80295
430 3.96607
431 5.09777
432 6.34106
433 6.80295
434 3.69547
435 5.09777
436 6.01292
437 6.80295
438 3.69547
439 5.29394
440 6.17922
441 6.80295
442 3.96607
443 5.09777
444 6.34106
445 6.80295
446 3.69547
447 5.09777
448 6.01292
449 6.80295
450 3.69547
451 5.29394
452 6.17922
453 6.80295
454 3.96607
455 5.29394
456 6.34106
457 6.80295
458 3.96607
459 5.09777
460 6.01292
461 6.80295
462 3.69547
463 5.29394
464 6.17922
465 6.80295
466 3.96607
467 5.29394
468 6.34106
469 6.80295
470 3.96607
471 5.09777
472 6.01292
473 6.80295
474 3.69547
475 5.29394
476 6.17922
477 6.80295
478 3.96607
479 5.29394
480 6.34106
481 6.80295
482 3.96607
483 5.09777
484 6.01292
485 6.80295
486 3.69547
487 5.29394
488 6.17922
489 6.80295
490 3.96607
491 5.29394
492 6.34106
493 6.80295
494 3.96607
495 5.09777
496 6.01292
497 6.80295
498 3.69547
499 5.29394
500 6.17922
501 6.80295
502 3.96607
503 5.48283
504 6.34106
505 6.80295
506 4.21821
507 5.09777
508 6.17922
509 3.40148
510 3.96607
511 5.29394
512 6.17922
513 6.80295
514 3.96607
515 5.48283
516 6.34106
517 6.80295
518 4.21821
519 5.09777
520 6.17922
521 3.40148
522 3.96607
523 5.29394
524 6.17922
525 6.80295
526 3.96607
527 5.48283
528 6.34106
529 6.80295
530 4.21821
531 5.09777
532 6.17922
533 3.40148
534 3.96607
535 5.29394
536 6.17922
537 6.80295
538 3.96607
539 5.48283
540 6.34106
541 6.80295
542 4.21821
543 5.09777
544 6.17922
545 3.40148
546 3.96607
547 5.29394
548 6.17922
549 6.80295
550 3.96607
551 5.48283
552 6.34106
553 6.80295
554 4.21821
555 5.09777
556 6.34106
557 3.40148
558 4.21821
559 5.29394
560 6.17922
561 3.40148
562 3.96607
563 5.48283
564 6.34106
565 6.80295
566 4.21821
567 5.09777
568 6.34106
569 3.40148
570 4.21821
571 5.29394
572 6.17922
573 3.40148
574 3.96607
575 5.48283
576 6.34106
577 6.80295
578 4.21821
579 5.09777
580 6.34106
581 3.40148
582 4.21821
583 5.29394
584 6.17922
585 3.40148
586 3.96607
587 5.48283
588 6.34106
589 6.80295
590 4.21821
591 5.09777
592 6.34106
593 3.40148
594 4.21821
595 5.29394
596 6.17922
597 3.40148
598 3.96607
599 5.48283
600 6.34106
601 6.80295
602 4.21821
603 5.09777
604 6.34106
605 3.40148
606 4.45527
607 5.29394
608 6.34106
609 3.40148
610 4.21821
611 5.48283
612 6.34106
613 3.40148
614 4.21821
615 5.29394
616 6.49876
617 3.40148
618 4.45527
619 5.29394
620 6.34106
621 3.40148
622 4.21821
623 5.48283
624 6.34106
625 3.40148
626 4.21821
627 5.29394
628 6.49876
629 3.40148
630 4.45527
631 5.29394
632 6.34106
633 3.40148
634 4.21821
635 5.48283
636 6.34106
637 3.40148
638 4.21821
639 5.29394
640 6.49876
641 3.40148
642 4.45527
643 5.29394
644 6.34106
645 3.40148
646 4.21821
647 5.48283
648 6.34106
649 3.40148
650 4.21821
651 5.29394
652 6.49876
653 3.40148
654 4.45527
655 5.29394
656 6.34106
657 3.40148
658 4.45527
659 5.48283
660 6.34106
661 3.40148
662 4.21821
663 5.48283
664 6.65264
665 3.40148
666 4.45527
667 5.29394
668 6.49876
669 3.40148
670 4.45527
671 5.48283
672 6.34106
673 3.40148
674 4.21821
675 5.48283
676 6.65264
677 3.40148
678 4.45527
679 5.29394
680 6.49876
681 3.40148
682 4.45527
683 5.48283
684 6.34106
685 3.40148
686 4.21821
687 5.48283
688 6.65264
689 3.40148
690 4.45527
691 5.29394
692 6.49876
693 3.40148
694 4.45527
695 5.48283
696 6.34106
697 3.40148
698 4.21821
699 5.48283
700 6.65264
701 3.40148
702 4.45527
703 5.29394
704 6.49876
705 3.40148
706 4.45527
707 5.48283
708 6.34106
709 3.40148
710 4.21821
711 5.66522
712 6.80295
713 3.40148
714 4.45527
715 5.48283
716 6.65264
717 3.40148
718 4.67973
719 5.48283
720 6.49876
721 3.40148
722 4.21821
723 5.66522
724 6.80295
725 3.40148
726 4.45527
727 5.48283
728 6.65264
729 3.40148
730 4.67973
731 5.48283
732 6.49876
733 3.40148
734 4.21821
735 5.66522
736 6.80295
737 3.40148
738 4.45527
739 5.48283
740 6.65264
741 3.40148
742 4.67973
743 5.48283
744 6.49876
745 3.40148
746 4.21821
747 5.66522
748 6.80295
749 3.40148
750 4.45527
751 5.48283
752 6.65264
753 3.40148
754 4.67973
755 5.48283
756 6.49876
757 3.40148
758 4.21821
759 5.66522
760 6.80295
761 3.40148
762 4.45527
763 5.66522
764 6.80295
765 3.40148
766 4.67973
767 5.48283
768 6.65264
769 3.40148
770 4.45527
771 5.84173
772 6.80295
773 3.40148
774 4.45527
775 5.66522
776 6.80295
777 3.40148
778 4.67973
779 5.48283
780 6.65264
781 3.40148
782 4.45527
783 5.84173
784 6.80295
785 3.40148
786 4.45527
787 5.66522
788 6.80295
789 3.40148
790 4.67973
791 5.48283
792 6.65264
793 3.40148
794 4.45527
795 5.84173
796 6.80295
797 3.40148
798 4.45527
799 5.66522
800 6.80295
801 3.40148
802 4.67973
803 5.48283
804 6.65264
805 3.40148
806 4.45527
807 5.84173
808 6.80295
809 3.40148
810 4.45527
811 5.66522
812 6.80295
813 3.40148
814 4.67973
815 5.66522
816 6.80295
817 3.40148
818 4.67973
819 6.01292
820 6.80295
821 3.40148
822 4.45527
823 5.84173
824 6.80295
825 3.40148
826 4.67973
827 5.66522
828 6.80295
829 3.40148
830 4.67973
831 6.01292
832 6.80295
833 3.40148
834 4.45527
835 5.84173
836 6.80295
837 3.40148
838 4.67973
839 5.66522
840 6.80295
841 3.40148
842 4.67973
843 6.01292
844 6.80295
845 3.40148
846 4.45527
847 5.84173
848 6.80295
849 3.40148
850 4.67973
851 5.66522
852 6.80295
853 3.40148
854 4.67973
855 6.01292
856 6.80295
857 3.40148
858 4.45527
859 5.84173
860 6.80295
861 3.40148
862 4.67973
863 5.66522
864 6.80295
865 3.40148
866 4.89341
867 6.01292
868 6.80295
869 3.40148
870 4.67973
871 6.01292
872 6.80295
873 3.40148
874 4.67973
875 5.84173
876 6.80295
877 3.40148
878 4.89341
879 6.01292
880 6.80295
881 3.40148
882 4.67973
883 6.01292
884 6.80295
885 3.40148
886 4.67973
887 5.84173
888 6.80295
889 3.40148
890 4.89341
891 6.01292
892 6.80295
893 3.40148
894 4.67973
895 6.01292
896 6.80295
897 3.40148
898 4.67973
899 5.84173
900 6.80295
901 3.40148
902 4.89341
903 6.01292
904 6.80295
905 3.40148
906 4.67973
907 6.01292
908 6.80295
909 3.40148
910 4.67973
911 5.84173
912 6.80295
913 3.40148
914 4.89341
915 6.01292
916 6.80295
917 3.40148
918 4.89341
919 6.17922
920 6.80295
921 3.40148
922 4.67973
923 6.01292
924 6.80295
925 3.40148
926 5.09777
927 6.01292
928 6.80295
929 3.69547
930 4.89341
931 6.17922
932 6.80295
933 3.40148
934 4.67973
935 6.01292
936 6.80295
937 3.40148
938 5.09777
939 6.01292
940 6.80295
941 3.69547
942 4.89341
943 6.17922
944 6.80295
945 3.40148
946 4.67973
947 6.01292
948 6.80295
949 3.40148
950 5.09777
951 6.01292
952 6.80295
953 3.69547
954 4.89341
955 6.17922
956 6.80295
957 3.40148
958 4.67973
959 6.01292
960 6.80295
961 3.40148
962 5.09777
963 6.01292
964 6.80295
965 3.69547
966 4.89341
967 6.17922
968 6.80295
969 3.40148
970 4.89341
971 6.17922
972 6.80295
973 3.40148
974 5.09777
975 6.01292
976 6.80295
977 3.69547
978 5.09777
979 6.17922
980 6.80295
981 3.69547
982 4.89341
983 6.17922
984 6.80295
985 3.40148
986 5.09777
987 6.01292
988 6.80295
989 3.69547
990 5.09777
991 6.17922
992 6.80295
993 3.69547
994 4.89341
995 6.17922
996 6.80295
997 3.40148
998 5.09777
999 6.01292
