0 1
1 3.24483
2 2.5
3 4.33944
4 5.92867
5 7.16526
6 7.83782
7 3.91891
8 5.25924
9 6.62525
10 7.74933
11 3.93919
12 5.07717
13 5.99556
14 6.93499
15 3.4675
16 4.50491
17 6.04935
18 6.83508
19 3.41754
20 4.69116
21 5.85082
22 6.81072
23 3.40536
24 4.68249
25 6.01504
26 6.80483
27 3.40241
28 4.45598
29 6.01343
30 6.8034
31 3.4017
32 4.67989
33 5.84186
34 6.80306
35 3.40153
36 4.89345
37 6.01295
38 6.80298
39 3.40149
40 4.67974
41 6.17923
42 6.80296
43 3.40148
44 4.67973
45 6.01292
46 6.80295
47 3.40148
48 4.89342
49 6.01292
50 6.80295
51 3.40148
52 4.67973
53 6.17922
54 6.80295
55 3.40148
56 4.67973
57 6.01292
58 6.80295
59 3.40148
60 4.89341
61 6.01292
62 6.80295
63 3.40148
64 4.67973
65 6.17922
66 6.80295
67 3.40148
68 4.67973
69 6.01292
70 6.80295
71 3.40148
72 4.89341
73 6.01292
74 6.80295
75 3.40148
76 4.67973
77 6.17922
78 6.80295
79 3.40148
80 4.67973
81 6.01292
82 6.80295
83 3.40148
84 4.89341
85 6.01292
86 6.80295
87 3.40148
88 4.89341
89 6.17922
90 6.80295
91 3.40148
92 4.67973
93 6.17922
94 6.80295
95 3.40148
96 5.09777
97 6.01292
98 6.80295
99 3.40148
100 4.89341
101 6.17922
102 6.80295
103 3.40148
104 4.67973
105 6.17922
106 6.80295
107 3.40148
108 5.09777
109 6.01292
110 6.80295
111 3.40148
112 4.89341
113 6.17922
114 6.80295
115 3.40148
116 4.67973
117 6.17922
118 6.80295
119 3.40148
120 5.09777
121 6.01292
122 6.80295
123 3.40148
124 4.89341
125 6.17922
126 6.80295
127 3.40148
128 4.67973
129 6.17922
130 6.80295
131 3.40148
132 5.09777
133 6.01292
134 6.80295
135 3.40148
136 4.89341
137 6.17922
138 6.80295
139 3.40148
140 4.89341
141 6.34106
142 6.80295
143 3.40148
144 5.09777
145 6.01292
146 6.80295
147 3.69547
148 5.09777
149 6.17922
150 6.80295
151 3.40148
152 4.89341
153 6.34106
154 6.80295
155 3.40148
156 5.09777
157 6.01292
158 6.80295
159 3.69547
160 5.09777
161 6.17922
162 6.80295
163 3.40148
164 4.89341
165 6.34106
166 6.80295
167 3.40148
168 5.09777
169 6.01292
170 6.80295
171 3.69547
172 5.09777
173 6.17922
174 6.80295
175 3.40148
176 4.89341
177 6.34106
178 6.80295
179 3.40148
180 5.09777
181 6.01292
182 6.80295
183 3.69547
184 5.09777
185 6.17922
186 6.80295
187 3.40148
188 4.89341
189 6.34106
190 6.80295
191 3.40148
192 5.09777
193 6.01292
194 6.80295
195 3.69547
196 5.29394
197 6.17922
198 6.80295
199 3.69547
200 5.09777
201 6.34106
202 6.80295
203 3.40148
204 5.09777
205 6.01292
206 6.80295
207 3.69547
208 5.29394
209 6.17922
210 6.80295
211 3.69547
212 5.09777
213 6.34106
214 6.80295
215 3.40148
216 5.09777
217 6.01292
218 6.80295
219 3.69547
220 5.29394
221 6.17922
222 6.80295
223 3.69547
224 5.09777
225 6.34106
226 6.80295
227 3.40148
228 5.09777
229 6.01292
230 6.80295
231 3.69547
232 5.29394
233 6.17922
234 6.80295
235 3.69547
236 5.09777
237 6.34106
238 6.80295
239 3.40148
240 5.09777
241 6.01292
242 3.40148
243 3.69547
244 5.29394
245 6.17922
246 6.80295
247 3.96607
248 5.29394
249 6.34106
250 6.80295
251 3.69547
252 5.09777
253 6.17922
254 3.40148
255 3.69547
256 5.29394
257 6.17922
258 6.80295
259 3.96607
260 5.29394
261 6.34106
262 6.80295
263 3.69547
264 5.09777
265 6.17922
266 3.40148
267 3.69547
268 5.29394
269 6.17922
270 6.80295
271 3.96607
272 5.29394
273 6.34106
274 6.80295
275 3.69547
276 5.09777
277 6.17922
278 3.40148
279 3.69547
280 5.29394
281 6.17922
282 6.80295
283 3.96607
284 5.29394
285 6.34106
286 6.80295
287 3.69547
288 5.09777
289 6.17922
290 3.40148
291 3.69547
292 5.29394
293 6.17922
294 3.40148
295 3.96607
296 5.48283
297 6.34106
298 6.80295
299 3.96607
300 5.09777
301 6.34106
302 3.40148
303 3.69547
304 5.29394
305 6.17922
306 3.40148
307 3.96607
308 5.48283
309 6.34106
310 6.80295
311 3.96607
312 5.09777
313 6.34106
314 3.40148
315 3.69547
316 5.29394
317 6.17922
318 3.40148
319 3.96607
320 5.48283
321 6.34106
322 6.80295
323 3.96607
324 5.09777
325 6.34106
326 3.40148
327 3.69547
328 5.29394
329 6.17922
330 3.40148
331 3.96607
332 5.48283
333 6.34106
334 6.80295
335 3.96607
336 5.09777
337 6.34106
338 3.40148
339 3.69547
340 5.29394
341 6.17922
342 3.40148
343 3.96607
344 5.48283
345 6.34106
346 3.40148
347 4.21821
348 5.29394
349 6.49876
350 3.40148
351 3.96607
352 5.29394
353 6.34106
354 3.40148
355 3.96607
356 5.48283
357 6.34106
358 3.40148
359 4.21821
360 5.29394
361 6.49876
362 3.40148
363 3.96607
364 5.29394
365 6.34106
366 3.40148
367 3.96607
368 5.48283
369 6.34106
370 3.40148
371 4.21821
372 5.29394
373 6.49876
374 3.40148
375 3.96607
376 5.29394
377 6.34106
378 3.40148
379 3.96607
380 5.48283
381 6.34106
382 3.40148
383 4.21821
384 5.29394
385 6.49876
386 3.40148
387 3.96607
388 5.29394
389 6.34106
390 3.40148
391 3.96607
392 5.48283
393 6.34106
394 3.40148
395 4.21821
396 5.29394
397 6.49876
398 3.40148
399 4.21821
400 5.29394
401 6.49876
402 3.40148
403 3.96607
404 5.48283
405 6.34106
406 3.40148
407 4.21821
408 5.48283
409 6.65264
410 3.40148
411 4.21821
412 5.29394
413 6.49876
414 3.40148
415 3.96607
416 5.48283
417 6.34106
418 3.40148
419 4.21821
420 5.48283
421 6.65264
422 3.40148
423 4.21821
424 5.29394
425 6.49876
426 3.40148
427 3.96607
428 5.48283
429 6.34106
430 3.40148
431 4.21821
432 5.48283
433 6.65264
434 3.40148
435 4.21821
436 5.29394
437 6.49876
438 3.40148
439 3.96607
440 5.48283
441 6.34106
442 3.40148
443 4.21821
444 5.48283
445 6.65264
446 3.40148
447 4.21821
448 5.29394
449 6.49876
450 3.40148
451 4.21821
452 5.48283
453 6.49876
454 3.40148
455 4.21821
456 5.66522
457 6.80295
458 3.40148
459 4.45527
460 5.48283
461 6.65264
462 3.40148
463 4.21821
464 5.48283
465 6.49876
466 3.40148
467 4.21821
468 5.66522
469 6.80295
470 3.40148
471 4.45527
472 5.48283
473 6.65264
474 3.40148
475 4.21821
476 5.48283
477 6.49876
478 3.40148
479 4.21821
480 5.66522
481 6.80295
482 3.40148
483 4.45527
484 5.48283
485 6.65264
486 3.40148
487 4.21821
488 5.48283
489 6.49876
490 3.40148
491 4.21821
492 5.66522
493 6.80295
494 3.40148
495 4.45527
496 5.48283
497 6.65264
498 3.40148
499 4.21821
500 5.48283
501 6.49876
502 3.40148
503 4.21821
504 5.84173
505 6.80295
506 3.40148
507 4.45527
508 5.66522
509 6.80295
510 3.40148
511 4.45527
512 5.48283
513 6.65264
514 3.40148
515 4.21821
516 5.84173
517 6.80295
518 3.40148
519 4.45527
520 5.66522
521 6.80295
522 3.40148
523 4.45527
524 5.48283
525 6.65264
526 3.40148
527 4.21821
528 5.84173
529 6.80295
530 3.40148
531 4.45527
532 5.66522
533 6.80295
534 3.40148
535 4.45527
536 5.48283
537 6.65264
538 3.40148
539 4.21821
540 5.84173
541 6.80295
542 3.40148
543 4.45527
544 5.66522
545 6.80295
546 3.40148
547 4.45527
548 5.48283
549 6.65264
550 3.40148
551 4.21821
552 5.84173
553 6.80295
554 3.40148
555 4.45527
556 5.84173
557 6.80295
558 3.40148
559 4.67973
560 5.66522
561 6.80295
562 3.40148
563 4.45527
564 6.01292
565 6.80295
566 3.40148
567 4.45527
568 5.84173
569 6.80295
570 3.40148
571 4.67973
572 5.66522
573 6.80295
574 3.40148
575 4.45527
576 6.01292
577 6.80295
578 3.40148
579 4.45527
580 5.84173
581 6.80295
582 3.40148
583 4.67973
584 5.66522
585 6.80295
586 3.40148
587 4.45527
588 6.01292
589 6.80295
590 3.40148
591 4.45527
592 5.84173
593 6.80295
594 3.40148
595 4.67973
596 5.66522
597 6.80295
598 3.40148
599 4.45527
600 6.01292
601 6.80295
602 3.40148
603 4.45527
604 5.84173
605 6.80295
606 3.40148
607 4.67973
608 5.84173
609 6.80295
610 3.40148
611 4.67973
612 6.01292
613 6.80295
614 3.40148
615 4.45527
616 6.01292
617 6.80295
618 3.40148
619 4.67973
620 5.84173
621 6.80295
622 3.40148
623 4.67973
624 6.01292
625 6.80295
626 3.40148
627 4.45527
628 6.01292
629 6.80295
630 3.40148
631 4.67973
632 5.84173
633 6.80295
634 3.40148
635 4.67973
636 6.01292
637 6.80295
638 3.40148
639 4.45527
640 6.01292
641 6.80295
642 3.40148
643 4.67973
644 5.84173
645 6.80295
646 3.40148
647 4.67973
648 6.01292
649 6.80295
650 3.40148
651 4.45527
652 6.01292
653 6.80295
654 3.40148
655 4.67973
656 5.84173
657 6.80295
658 3.40148
659 4.89341
660 6.01292
661 6.80295
662 3.40148
663 4.67973
664 6.17922
665 6.80295
666 3.40148
667 4.67973
668 6.01292
669 6.80295
670 3.40148
671 4.89341
672 6.01292
673 6.80295
674 3.40148
675 4.67973
676 6.17922
677 6.80295
678 3.40148
679 4.67973
680 6.01292
681 6.80295
682 3.40148
683 4.89341
684 6.01292
685 6.80295
686 3.40148
687 4.67973
688 6.17922
689 6.80295
690 3.40148
691 4.67973
692 6.01292
693 6.80295
694 3.40148
695 4.89341
696 6.01292
697 6.80295
698 3.40148
699 4.67973
700 6.17922
701 6.80295
702 3.40148
703 4.67973
704 6.01292
705 6.80295
706 3.40148
707 4.89341
708 6.01292
709 6.80295
710 3.40148
711 4.89341
712 6.17922
713 6.80295
714 3.40148
715 4.67973
716 6.17922
717 6.80295
718 3.40148
719 5.09777
720 6.01292
721 6.80295
722 3.40148
723 4.89341
724 6.17922
725 6.80295
726 3.40148
727 4.67973
728 6.17922
729 6.80295
730 3.40148
731 5.09777
732 6.01292
733 6.80295
734 3.40148
735 4.89341
736 6.17922
737 6.80295
738 3.40148
739 4.67973
740 6.17922
741 6.80295
742 3.40148
743 5.09777
744 6.01292
745 6.80295
746 3.40148
747 4.89341
748 6.17922
749 6.80295
750 3.40148
751 4.67973
752 6.17922
753 6.80295
754 3.40148
755 5.09777
756 6.01292
757 6.80295
758 3.40148
759 4.89341
760 6.17922
761 6.80295
762 3.40148
763 4.89341
764 6.34106
765 6.80295
766 3.40148
767 5.09777
768 6.01292
769 6.80295
770 3.69547
771 5.09777
772 6.17922
773 6.80295
774 3.40148
775 4.89341
776 6.34106
777 6.80295
778 3.40148
779 5.09777
780 6.01292
781 6.80295
782 3.69547
783 5.09777
784 6.17922
785 6.80295
786 3.40148
787 4.89341
788 6.34106
789 6.80295
790 3.40148
791 5.09777
792 6.01292
793 6.80295
794 3.69547
795 5.09777
796 6.17922
797 6.80295
798 3.40148
799 4.89341
800 6.34106
801 6.80295
802 3.40148
803 5.09777
804 6.01292
805 6.80295
806 3.69547
807 5.09777
808 6.17922
809 6.80295
810 3.40148
811 4.89341
812 6.34106
813 6.80295
814 3.40148
815 5.09777
816 6.01292
817 6.80295
818 3.69547
819 5.29394
820 6.17922
821 6.80295
822 3.69547
823 5.09777
824 6.34106
825 6.80295
826 3.40148
827 5.09777
828 6.01292
829 6.80295
830 3.69547
831 5.29394
832 6.17922
833 6.80295
834 3.69547
835 5.09777
836 6.34106
837 6.80295
838 3.40148
839 5.09777
840 6.01292
841 6.80295
842 3.69547
843 5.29394
844 6.17922
845 6.80295
846 3.69547
847 5.09777
848 6.34106
849 6.80295
850 3.40148
851 5.09777
852 6.01292
853 6.80295
854 3.69547
855 5.29394
856 6.17922
857 6.80295
858 3.69547
859 5.09777
860 6.34106
861 6.80295
862 3.40148
863 5.09777
864 6.01292
865 6.80295
866 3.69547
867 5.29394
868 6.17922
869 6.80295
870 3.96607
871 5.29394
872 6.34106
873 6.80295
874 3.69547
875 5.09777
876 6.17922
877 3.40148
878 3.69547
879 5.29394
880 6.17922
881 6.80295
882 3.96607
883 5.29394
884 6.34106
885 6.80295
886 3.69547
887 5.09777
888 6.17922
889 3.40148
890 3.69547
891 5.29394
892 6.17922
893 6.80295
894 3.96607
895 5.29394
896 6.34106
897 6.80295
898 3.69547
899 5.09777
900 6.17922
901 3.40148
902 3.69547
903 5.29394
904 6.17922
905 6.80295
906 3.96607
907 5.29394
908 6.34106
909 6.80295
910 3.69547
911 5.09777
912 6.17922
913 3.40148
914 3.69547
915 5.29394
916 6.17922
917 6.80295
918 3.96607
919 5.48283
920 6.34106
921 6.80295
922 3.96607
923 5.09777
924 6.34106
925 3.40148
926 3.69547
927 5.29394
928 6.17922
929 3.40148
930 3.96607
931 5.48283
932 6.34106
933 6.80295
934 3.96607
935 5.09777
936 6.34106
937 3.40148
938 3.69547
939 5.29394
940 6.17922
941 3.40148
942 3.96607
943 5.48283
944 6.34106
945 6.80295
946 3.96607
947 5.09777
948 6.34106
949 3.40148
950 3.69547
951 5.29394
952 6.17922
953 3.40148
954 3.96607
955 5.48283
956 6.34106
957 6.80295
958 3.96607
959 5.09777
960 6.34106
961 3.40148
962 3.69547
963 5.29394
964 6.17922
965 3.40148
966 3.96607
967 5.48283
968 6.34106
969 6.80295
970 4.21821
971 5.29394
972 6.49876
973 3.40148
974 3.96607
975 5.29394
976 6.34106
977 3.40148
978 3.96607
979 5.48283
980 6.34106
981 3.40148
982 4.21821
983 5.29394
984 6.49876
985 3.40148
986 3.96607
987 5.29394
988 6.34106
989 3.40148
990 3.96607
991 5.48283
992 6.34106
993 3.40148
994 4.21821
995 5.29394
996 6.49876
997 3.40148
998 3.96607
999 5.29394
