0 0.0
1 6.7272727272727275
2 28.09090909090909
3 23.545454545454547
4 55.72727272727273
5 72.0909090909091
6 81.72727272727273
7 76.36363636363636
8 57.45454545454545
9 72.81818181818181
10 84.0
11 71.81818181818181
12 46.90909090909091
13 70.27272727272727
14 76.45454545454545
15 75.54545454545455
16 64.0909090909091
17 68.0
18 78.45454545454545
19 71.81818181818181
20 55.90909090909091
21 71.27272727272727
22 82.54545454545455
23 74.9090909090909
24 55.18181818181818
25 64.27272727272727
26 79.72727272727273
27 75.0
28 63.54545454545455
29 67.9090909090909
30 82.36363636363636
31 71.0909090909091
32 56.0
33 68.81818181818181
34 83.27272727272727
35 76.54545454545455
36 62.09090909090909
37 62.18181818181818
38 77.36363636363636
39 74.9090909090909
40 63.54545454545455
41 68.18181818181819
42 82.27272727272727
43 71.0909090909091
44 55.45454545454545
45 67.9090909090909
46 83.0909090909091
47 76.45454545454545
48 62.0
49 63.36363636363637
50 77.36363636363636
51 74.0
52 62.81818181818182
53 67.36363636363636
54 82.54545454545455
55 74.9090909090909
56 54.54545454545455
57 67.9090909090909
58 82.36363636363636
59 74.0909090909091
60 58.90909090909091
61 73.36363636363636
62 76.27272727272727
63 73.36363636363636
64 63.54545454545455
65 67.45454545454545
66 82.36363636363636
67 74.81818181818181
68 54.36363636363637
69 67.18181818181819
70 81.81818181818181
71 74.36363636363636
72 56.0
73 73.27272727272727
74 76.27272727272727
75 73.27272727272727
76 62.0
77 66.36363636363636
78 81.9090909090909
79 75.0
80 58.27272727272727
81 66.54545454545455
82 81.72727272727273
83 73.27272727272727
84 55.36363636363637
85 73.36363636363636
86 80.27272727272727
87 72.72727272727273
88 61.09090909090909
89 66.54545454545455
90 81.81818181818181
91 74.9090909090909
92 58.27272727272727
93 66.45454545454545
94 81.0
95 72.72727272727273
96 55.27272727272727
97 73.18181818181819
98 80.27272727272727
99 72.72727272727273
100 61.18181818181818
101 67.27272727272727
102 81.0
103 74.0909090909091
104 58.09090909090909
105 70.36363636363636
106 80.0909090909091
107 72.54545454545455
108 54.36363636363637
109 72.72727272727273
110 80.0909090909091
111 74.72727272727273
112 57.27272727272727
113 72.72727272727273
114 80.9090909090909
115 74.0909090909091
116 58.27272727272727
117 73.36363636363636
118 80.0
119 71.72727272727273
120 53.63636363636363
121 73.36363636363636
122 80.0
123 74.9090909090909
124 54.54545454545455
125 72.63636363636364
126 80.18181818181819
127 73.27272727272727
128 57.45454545454545
129 73.18181818181819
130 83.9090909090909
131 71.18181818181819
132 53.90909090909091
133 71.9090909090909
134 79.0
135 74.81818181818181
136 58.36363636363637
137 71.81818181818181
138 79.45454545454545
139 73.45454545454545
140 57.45454545454545
141 73.18181818181819
142 83.9090909090909
143 71.0909090909091
144 54.54545454545455
145 71.27272727272727
146 79.0909090909091
147 74.9090909090909
148 58.27272727272727
149 71.63636363636364
150 79.45454545454545
151 72.72727272727273
152 56.63636363636363
153 72.72727272727273
154 83.81818181818181
155 74.63636363636364
156 55.18181818181818
157 71.36363636363636
158 78.72727272727273
159 74.0909090909091
160 58.27272727272727
161 75.54545454545455
162 78.54545454545455
163 71.72727272727273
164 56.72727272727273
165 72.72727272727273
166 84.0909090909091
167 74.9090909090909
168 55.27272727272727
169 70.27272727272727
170 79.45454545454545
171 74.0909090909091
172 58.09090909090909
173 75.54545454545455
174 78.54545454545455
175 71.9090909090909
176 55.90909090909091
177 71.9090909090909
178 83.27272727272727
179 74.9090909090909
180 59.0
181 69.63636363636364
182 79.54545454545455
183 74.18181818181819
184 57.54545454545455
185 75.9090909090909
186 82.27272727272727
187 71.0909090909091
188 55.45454545454545
189 70.81818181818181
190 83.18181818181819
191 74.18181818181819
192 54.45454545454545
193 70.27272727272727
194 78.72727272727273
195 73.27272727272727
196 57.63636363636363
197 75.81818181818181
198 82.18181818181819
199 71.0909090909091
200 55.36363636363637
201 71.81818181818181
202 83.9090909090909
203 74.81818181818181
204 59.0
205 69.63636363636364
206 78.54545454545455
207 72.45454545454545
208 56.45454545454545
209 75.81818181818181
210 82.45454545454545
211 71.0909090909091
212 54.54545454545455
213 71.0909090909091
214 82.27272727272727
215 74.18181818181819
216 62.72727272727273
217 73.27272727272727
218 77.72727272727273
219 72.54545454545455
220 56.63636363636363
221 74.81818181818181
222 83.81818181818181
223 74.81818181818181
224 54.36363636363637
225 70.36363636363636
226 82.36363636363636
227 74.27272727272727
228 62.63636363636363
229 73.36363636363636
230 78.0
231 71.9090909090909
232 56.0
233 74.9090909090909
234 83.9090909090909
235 74.9090909090909
236 54.54545454545455
237 70.27272727272727
238 81.81818181818181
239 73.27272727272727
240 62.18181818181818
241 73.18181818181819
242 81.72727272727273
243 71.18181818181819
244 55.90909090909091
245 73.9090909090909
246 83.36363636363636
247 74.81818181818181
248 58.27272727272727
249 69.72727272727273
250 79.27272727272727
251 73.18181818181819
252 62.18181818181818
253 73.18181818181819
254 81.72727272727273
255 71.18181818181819
256 55.18181818181818
257 73.54545454545455
258 83.27272727272727
259 74.63636363636364
260 58.0
261 69.72727272727273
262 77.72727272727273
263 73.27272727272727
264 63.63636363636363
265 74.27272727272727
266 81.54545454545455
267 74.72727272727273
268 58.27272727272727
269 72.72727272727273
270 81.63636363636364
271 74.0909090909091
272 58.27272727272727
273 73.45454545454545
274 77.18181818181819
275 71.18181818181819
276 61.81818181818182
277 74.9090909090909
278 80.9090909090909
279 75.0
280 62.0
281 71.9090909090909
282 81.72727272727273
283 73.45454545454545
284 57.45454545454545
285 73.27272727272727
286 81.0
287 71.18181818181819
288 61.18181818181818
289 74.72727272727273
290 80.9090909090909
291 74.9090909090909
292 62.27272727272727
293 71.63636363636364
294 81.0
295 72.63636363636364
296 57.36363636363637
297 73.36363636363636
298 81.0
299 75.72727272727273
300 60.45454545454545
301 74.27272727272727
302 79.36363636363636
303 74.0909090909091
304 63.54545454545455
305 75.36363636363636
306 80.18181818181819
307 71.9090909090909
308 56.72727272727273
309 72.72727272727273
310 80.9090909090909
311 76.0909090909091
312 60.36363636363637
313 73.36363636363636
314 77.9090909090909
315 74.0909090909091
316 65.0909090909091
317 77.0909090909091
318 80.0
319 71.72727272727273
320 55.81818181818182
321 72.0
322 80.27272727272727
323 76.36363636363636
324 64.27272727272727
325 72.63636363636364
326 78.0909090909091
327 73.54545454545455
328 64.18181818181819
329 77.9090909090909
330 80.18181818181819
331 72.0
332 56.0
333 71.72727272727273
334 80.27272727272727
335 76.45454545454545
336 60.72727272727273
337 73.27272727272727
338 78.0
339 73.45454545454545
340 64.27272727272727
341 78.54545454545455
342 84.0
343 71.0909090909091
344 56.18181818181818
345 71.81818181818181
346 80.0909090909091
347 76.27272727272727
348 64.36363636363636
349 72.54545454545455
350 77.27272727272727
351 73.36363636363636
352 64.27272727272727
353 78.72727272727273
354 80.9090909090909
355 71.0909090909091
356 56.72727272727273
357 71.0909090909091
358 80.0909090909091
359 76.36363636363636
360 64.27272727272727
361 72.63636363636364
362 77.0909090909091
363 72.45454545454545
364 63.36363636363637
365 77.81818181818181
366 77.81818181818181
367 74.81818181818181
368 57.54545454545455
369 71.0909090909091
370 78.0909090909091
371 75.81818181818181
372 64.0909090909091
373 76.36363636363636
374 76.27272727272727
375 72.54545454545455
376 63.45454545454545
377 77.81818181818181
378 78.0
379 75.0
380 57.36363636363637
381 70.36363636363636
382 78.0
383 75.72727272727273
384 64.18181818181819
385 76.45454545454545
386 76.45454545454545
387 71.9090909090909
388 62.90909090909091
389 77.0
390 77.81818181818181
391 75.0
392 61.45454545454545
393 69.54545454545455
394 77.0909090909091
395 74.9090909090909
396 63.63636363636363
397 76.36363636363636
398 80.27272727272727
399 72.63636363636364
400 62.18181818181818
401 77.0909090909091
402 77.18181818181819
403 74.9090909090909
404 61.45454545454545
405 69.63636363636364
406 76.27272727272727
407 73.9090909090909
408 63.63636363636363
409 76.54545454545455
410 80.0909090909091
411 72.36363636363636
412 63.81818181818182
413 76.54545454545455
414 76.36363636363636
415 70.9090909090909
416 61.18181818181818
417 76.45454545454545
418 75.45454545454545
419 74.72727272727273
420 63.54545454545455
421 75.63636363636364
422 79.54545454545455
423 78.0909090909091
424 62.72727272727273
425 76.45454545454545
426 76.36363636363636
427 59.0
428 61.27272727272727
429 80.9090909090909
430 75.63636363636364
431 74.36363636363636
432 64.18181818181819
433 75.36363636363636
434 79.54545454545455
435 78.0909090909091
436 62.54545454545455
437 75.72727272727273
438 75.63636363636364
439 58.18181818181818
440 61.27272727272727
441 80.9090909090909
442 75.63636363636364
443 73.54545454545455
444 63.45454545454545
445 74.72727272727273
446 78.63636363636364
447 78.0
448 66.63636363636364
449 74.72727272727273
450 75.72727272727273
451 60.45454545454545
452 61.27272727272727
453 80.81818181818181
454 79.45454545454545
455 73.27272727272727
456 62.09090909090909
457 74.18181818181819
458 78.54545454545455
459 77.9090909090909
460 66.54545454545455
461 78.63636363636364
462 74.0
463 58.0
464 61.45454545454545
465 80.0909090909091
466 79.45454545454545
467 74.0909090909091
468 62.0
469 73.36363636363636
470 77.0909090909091
471 77.0909090909091
472 67.27272727272727
473 78.63636363636364
474 71.0909090909091
475 60.0
476 60.45454545454545
477 79.27272727272727
478 78.72727272727273
479 62.09090909090909
480 65.72727272727273
481 72.72727272727273
482 77.18181818181819
483 77.18181818181819
484 68.0909090909091
485 78.63636363636364
486 75.0
487 59.27272727272727
488 59.72727272727273
489 79.18181818181819
490 78.72727272727273
491 62.09090909090909
492 66.0
493 72.54545454545455
494 76.45454545454545
495 75.63636363636364
496 66.63636363636364
497 78.63636363636364
498 75.0
499 59.18181818181818
500 59.0
501 78.63636363636364
502 77.9090909090909
503 61.18181818181818
504 65.9090909090909
505 76.54545454545455
506 75.63636363636364
507 75.27272727272727
508 66.63636363636364
509 78.0
510 74.9090909090909
511 62.63636363636363
512 59.0
513 77.9090909090909
514 77.9090909090909
515 61.09090909090909
516 65.0
517 71.9090909090909
518 76.27272727272727
519 73.18181818181819
520 66.45454545454545
521 77.81818181818181
522 74.81818181818181
523 62.72727272727273
524 64.9090909090909
525 78.81818181818181
526 77.81818181818181
527 61.36363636363637
528 65.63636363636364
529 76.45454545454545
530 75.72727272727273
531 61.18181818181818
532 66.36363636363636
533 78.0
534 74.81818181818181
535 62.72727272727273
536 66.45454545454545
537 78.0909090909091
538 77.18181818181819
539 61.36363636363637
540 65.81818181818181
541 76.27272727272727
542 75.72727272727273
543 61.09090909090909
544 66.0
545 77.0
546 74.18181818181819
547 62.72727272727273
548 70.36363636363636
549 77.18181818181819
550 77.0
551 60.36363636363637
552 65.18181818181819
553 76.27272727272727
554 79.45454545454545
555 60.45454545454545
556 65.18181818181819
557 77.27272727272727
558 74.0909090909091
559 62.54545454545455
560 70.36363636363636
561 77.18181818181819
562 74.72727272727273
563 59.54545454545455
564 65.18181818181819
565 76.45454545454545
566 79.27272727272727
567 60.27272727272727
568 65.18181818181819
569 76.63636363636364
570 73.18181818181819
571 63.54545454545455
572 70.0909090909091
573 81.0
574 72.63636363636364
575 59.81818181818182
576 64.0
577 79.36363636363636
578 79.36363636363636
579 64.45454545454545
580 64.18181818181819
581 75.72727272727273
582 73.45454545454545
583 63.36363636363637
584 70.27272727272727
585 80.81818181818181
586 72.63636363636364
587 59.09090909090909
588 63.54545454545455
589 79.0909090909091
590 79.36363636363636
591 64.54545454545455
592 64.27272727272727
593 75.45454545454545
594 72.72727272727273
595 62.72727272727273
596 69.63636363636364
597 80.9090909090909
598 76.27272727272727
599 58.36363636363637
600 63.63636363636363
601 78.72727272727273
602 78.54545454545455
603 64.27272727272727
604 68.0
605 74.72727272727273
606 71.9090909090909
607 62.54545454545455
608 69.81818181818181
609 80.81818181818181
610 76.27272727272727
611 58.27272727272727
612 62.90909090909091
613 78.0
614 77.0909090909091
615 64.0909090909091
616 68.0
617 74.9090909090909
618 71.72727272727273
619 62.0
620 69.0909090909091
621 80.0909090909091
622 76.45454545454545
623 62.09090909090909
624 62.0
625 78.18181818181819
626 75.0
627 63.54545454545455
628 67.81818181818181
629 81.54545454545455
630 71.0909090909091
631 58.36363636363637
632 68.81818181818181
633 81.63636363636364
634 76.45454545454545
635 62.0
636 62.18181818181818
637 78.0909090909091
638 75.63636363636364
639 64.27272727272727
640 68.18181818181819
641 82.18181818181819
642 74.9090909090909
643 54.63636363636363
644 67.18181818181819
645 83.0909090909091
646 75.63636363636364
647 62.0
648 65.9090909090909
649 76.54545454545455
650 73.36363636363636
651 62.0
652 67.36363636363636
653 82.54545454545455
654 74.9090909090909
655 54.54545454545455
656 67.27272727272727
657 81.54545454545455
658 74.9090909090909
659 61.09090909090909
660 65.81818181818181
661 80.0909090909091
662 72.54545454545455
663 62.0
664 66.63636363636364
665 81.63636363636364
666 74.9090909090909
667 58.18181818181818
668 66.45454545454545
669 81.0909090909091
670 75.0
671 61.27272727272727
672 65.54545454545455
673 80.0
674 72.54545454545455
675 61.18181818181818
676 65.72727272727273
677 81.0909090909091
678 74.27272727272727
679 58.27272727272727
680 70.27272727272727
681 80.18181818181819
682 72.63636363636364
683 57.54545454545455
684 72.63636363636364
685 80.27272727272727
686 76.45454545454545
687 60.36363636363637
688 65.9090909090909
689 81.0
690 74.18181818181819
691 58.27272727272727
692 70.18181818181819
693 80.27272727272727
694 71.9090909090909
695 54.45454545454545
696 72.45454545454545
697 80.27272727272727
698 76.45454545454545
699 60.45454545454545
700 65.0909090909091
701 80.36363636363636
702 73.27272727272727
703 57.36363636363637
704 65.81818181818181
705 80.0909090909091
706 71.81818181818181
707 53.63636363636363
708 72.63636363636364
709 80.18181818181819
710 76.36363636363636
711 60.27272727272727
712 65.18181818181819
713 81.0
714 74.0
715 58.27272727272727
716 70.0909090909091
717 80.0
718 71.72727272727273
719 53.63636363636363
720 71.81818181818181
721 80.0
722 76.45454545454545
723 60.72727272727273
724 64.18181818181819
725 80.18181818181819
726 73.27272727272727
727 57.45454545454545
728 70.27272727272727
729 83.9090909090909
730 71.18181818181819
731 53.90909090909091
732 71.9090909090909
733 79.0
734 74.81818181818181
735 61.45454545454545
736 71.81818181818181
737 79.45454545454545
738 73.45454545454545
739 57.45454545454545
740 73.18181818181819
741 83.9090909090909
742 71.0909090909091
743 53.09090909090909
744 71.27272727272727
745 79.0909090909091
746 74.9090909090909
747 58.27272727272727
748 71.63636363636364
749 79.45454545454545
750 72.72727272727273
751 56.63636363636363
752 72.72727272727273
753 83.81818181818181
754 74.63636363636364
755 52.09090909090909
756 71.36363636363636
757 78.72727272727273
758 74.0909090909091
759 58.27272727272727
760 75.54545454545455
761 78.54545454545455
762 71.72727272727273
763 57.45454545454545
764 72.72727272727273
765 84.18181818181819
766 75.0
767 53.63636363636363
768 70.36363636363636
769 77.9090909090909
770 73.36363636363636
771 58.18181818181818
772 75.63636363636364
773 78.45454545454545
774 71.18181818181819
775 55.81818181818182
776 71.9090909090909
777 83.27272727272727
778 75.0
779 59.09090909090909
780 69.63636363636364
781 78.0
782 73.45454545454545
783 57.54545454545455
784 75.9090909090909
785 82.27272727272727
786 71.0909090909091
787 55.45454545454545
788 71.63636363636364
789 83.18181818181819
790 75.0
791 59.0
792 69.36363636363636
793 78.81818181818181
794 72.54545454545455
795 57.54545454545455
796 75.9090909090909
797 82.27272727272727
798 71.0909090909091
799 55.36363636363637
800 71.0
801 82.36363636363636
802 74.0909090909091
803 59.09090909090909
804 73.45454545454545
805 77.81818181818181
806 72.36363636363636
807 56.54545454545455
808 75.0909090909091
809 82.54545454545455
810 74.9090909090909
811 54.54545454545455
812 70.36363636363636
813 82.36363636363636
814 74.0909090909091
815 58.81818181818182
816 73.36363636363636
817 77.63636363636364
818 71.81818181818181
819 55.90909090909091
820 74.72727272727273
821 82.45454545454545
822 74.9090909090909
823 54.27272727272727
824 70.45454545454545
825 82.45454545454545
826 74.18181818181819
827 58.27272727272727
828 73.45454545454545
829 81.81818181818181
830 71.18181818181819
831 55.27272727272727
832 73.27272727272727
833 81.72727272727273
834 75.0
835 58.27272727272727
836 73.27272727272727
837 80.27272727272727
838 72.63636363636364
839 61.36363636363637
840 72.45454545454545
841 81.72727272727273
842 74.9090909090909
843 54.36363636363637
844 73.27272727272727
845 82.54545454545455
846 74.0909090909091
847 58.27272727272727
848 73.45454545454545
849 80.0909090909091
850 71.72727272727273
851 61.36363636363637
852 72.45454545454545
853 81.72727272727273
854 74.9090909090909
855 54.45454545454545
856 72.72727272727273
857 81.72727272727273
858 73.9090909090909
859 58.0
860 73.54545454545455
861 83.9090909090909
862 71.0
863 60.54545454545455
864 71.9090909090909
865 80.81818181818181
866 74.81818181818181
867 58.09090909090909
868 72.0
869 80.9090909090909
870 73.27272727272727
871 57.45454545454545
872 73.45454545454545
873 82.45454545454545
874 71.18181818181819
875 59.54545454545455
876 71.0
877 80.9090909090909
878 75.0
879 58.36363636363637
880 71.9090909090909
881 81.0
882 72.63636363636364
883 56.72727272727273
884 72.45454545454545
885 81.0
886 75.0
887 60.36363636363637
888 72.54545454545455
889 80.18181818181819
890 74.0909090909091
891 61.45454545454545
892 71.63636363636364
893 80.9090909090909
894 72.72727272727273
895 56.63636363636363
896 72.54545454545455
897 81.0
898 71.0909090909091
899 61.18181818181818
900 74.18181818181819
901 80.18181818181819
902 74.18181818181819
903 62.09090909090909
904 75.36363636363636
905 80.18181818181819
906 72.63636363636364
907 56.72727272727273
908 72.81818181818181
909 80.9090909090909
910 74.63636363636364
911 60.36363636363637
912 73.36363636363636
913 80.18181818181819
914 74.18181818181819
915 62.09090909090909
916 75.54545454545455
917 80.0
918 71.72727272727273
919 55.72727272727273
920 72.81818181818181
921 81.0
922 75.63636363636364
923 60.54545454545455
924 73.36363636363636
925 78.72727272727273
926 73.54545454545455
927 62.72727272727273
928 75.54545454545455
929 83.9090909090909
930 71.18181818181819
931 56.0
932 71.72727272727273
933 80.36363636363636
934 76.36363636363636
935 64.45454545454545
936 72.54545454545455
937 77.18181818181819
938 73.45454545454545
939 64.36363636363636
940 77.18181818181819
941 84.0
942 71.0909090909091
943 55.36363636363637
944 71.81818181818181
945 80.18181818181819
946 76.27272727272727
947 64.36363636363636
948 72.54545454545455
949 77.27272727272727
950 72.54545454545455
951 63.54545454545455
952 78.81818181818181
953 83.9090909090909
954 74.81818181818181
955 54.54545454545455
956 71.0909090909091
957 79.36363636363636
958 75.63636363636364
959 64.27272727272727
960 76.36363636363636
961 76.36363636363636
962 71.63636363636364
963 63.36363636363637
964 77.81818181818181
965 83.81818181818181
966 74.81818181818181
967 54.54545454545455
968 70.27272727272727
969 78.81818181818181
970 75.81818181818181
971 64.0909090909091
972 76.36363636363636
973 76.27272727272727
974 71.72727272727273
975 62.72727272727273
976 77.0909090909091
977 80.27272727272727
978 75.0
979 59.54545454545455
980 69.63636363636364
981 78.72727272727273
982 75.0
983 63.45454545454545
984 76.45454545454545
985 80.18181818181819
986 71.18181818181819
987 62.09090909090909
988 77.0
989 77.0909090909091
990 74.9090909090909
991 61.36363636363637
992 69.54545454545455
993 76.36363636363636
994 74.18181818181819
995 63.63636363636363
996 76.27272727272727
997 80.18181818181819
998 71.18181818181819
999 62.09090909090909
