0 0
1 7
2 7
3 7
4 50
5 58
6 83
7 83
8 50
9 66
10 83
11 83
12 42
13 75
14 75
15 83
16 49
17 59
18 83
19 83
20 50
21 67
22 83
23 83
24 50
25 58
26 83
27 83
28 50
29 58
30 83
31 83
32 50
33 67
34 83
35 83
36 50
37 58
38 83
39 83
40 50
41 58
42 83
43 83
44 50
45 67
46 83
47 83
48 50
49 58
50 83
51 83
52 50
53 58
54 83
55 83
56 50
57 67
58 83
59 83
60 50
61 75
62 83
63 83
64 50
65 58
66 83
67 83
68 49
69 67
70 83
71 83
72 50
73 75
74 83
75 83
76 50
77 58
78 83
79 83
80 50
81 67
82 83
83 83
84 50
85 75
86 84
87 84
88 50
89 58
90 83
91 83
92 50
93 66
94 83
95 83
96 50
97 74
98 84
99 84
100 50
101 58
102 83
103 83
104 50
105 66
106 83
107 83
108 50
109 75
110 83
111 83
112 50
113 75
114 83
115 83
116 50
117 66
118 83
119 83
120 49
121 75
122 83
123 83
124 50
125 75
126 83
127 83
128 50
129 66
130 84
131 84
132 50
133 75
134 83
135 83
136 50
137 75
138 84
139 84
140 50
141 66
142 84
143 84
144 50
145 75
146 83
147 83
148 50
149 74
150 84
151 84
152 50
153 67
154 83
155 83
156 50
157 75
158 83
159 83
160 50
161 75
162 83
163 83
164 50
165 67
166 83
167 83
168 50
169 75
170 83
171 83
172 49
173 75
174 83
175 83
176 50
177 67
178 83
179 83
180 50
181 75
182 83
183 83
184 50
185 75
186 83
187 83
188 50
189 67
190 83
191 83
192 50
193 75
194 83
195 83
196 50
197 75
198 83
199 83
200 50
201 67
202 83
203 83
204 50
205 75
206 83
207 83
208 50
209 75
210 83
211 83
212 50
213 67
214 83
215 83
216 58
217 75
218 83
219 83
220 50
221 75
222 83
223 83
224 49
225 67
226 83
227 83
228 58
229 75
230 84
231 84
232 50
233 75
234 83
235 83
236 50
237 66
238 83
239 83
240 59
241 74
242 84
243 84
244 50
245 75
246 83
247 83
248 50
249 66
250 83
251 83
252 59
253 74
254 84
255 84
256 50
257 75
258 83
259 83
260 50
261 66
262 83
263 83
264 59
265 75
266 83
267 83
268 58
269 75
270 83
271 83
272 50
273 66
274 84
275 84
276 58
277 75
278 83
279 83
280 58
281 75
282 84
283 84
284 50
285 66
286 84
287 84
288 58
289 75
290 83
291 83
292 59
293 74
294 84
295 84
296 50
297 66
298 84
299 84
300 58
301 75
302 83
303 83
304 59
305 74
306 84
307 84
308 50
309 67
310 83
311 83
312 58
313 75
314 83
315 83
316 59
317 75
318 83
319 83
320 50
321 67
322 83
323 83
324 58
325 75
326 83
327 83
328 58
329 75
330 83
331 83
332 50
333 67
334 83
335 83
336 58
337 75
338 83
339 83
340 58
341 75
342 83
343 83
344 50
345 67
346 83
347 83
348 58
349 75
350 83
351 83
352 58
353 75
354 83
355 83
356 50
357 67
358 83
359 83
360 58
361 75
362 83
363 83
364 58
365 75
366 83
367 83
368 50
369 67
370 83
371 83
372 58
373 75
374 83
375 83
376 58
377 75
378 83
379 83
380 49
381 67
382 83
383 83
384 58
385 75
386 84
387 84
388 58
389 75
390 83
391 83
392 50
393 66
394 83
395 83
396 59
397 74
398 84
399 84
400 58
401 75
402 83
403 83
404 50
405 66
406 83
407 83
408 59
409 75
410 83
411 83
412 58
413 75
414 83
415 83
416 50
417 66
418 83
419 83
420 59
421 75
422 83
423 83
424 58
425 75
426 83
427 50
428 50
429 84
430 84
431 84
432 58
433 75
434 83
435 83
436 58
437 75
438 84
439 50
440 50
441 84
442 84
443 84
444 58
445 75
446 83
447 83
448 59
449 74
450 84
451 50
452 50
453 83
454 83
455 83
456 58
457 75
458 83
459 83
460 59
461 75
462 83
463 50
464 50
465 83
466 83
467 83
468 58
469 75
470 83
471 83
472 59
473 75
474 83
475 50
476 50
477 83
478 83
479 50
480 58
481 75
482 83
483 83
484 58
485 75
486 83
487 50
488 50
489 83
490 83
491 50
492 58
493 75
494 83
495 83
496 58
497 75
498 83
499 50
500 50
501 83
502 83
503 50
504 58
505 75
506 83
507 83
508 58
509 75
510 83
511 49
512 50
513 83
514 83
515 50
516 58
517 75
518 83
519 83
520 58
521 75
522 83
523 50
524 49
525 83
526 83
527 50
528 58
529 75
530 84
531 50
532 58
533 75
534 83
535 50
536 66
537 83
538 83
539 50
540 59
541 74
542 84
543 50
544 58
545 75
546 83
547 50
548 66
549 83
550 83
551 50
552 59
553 74
554 84
555 50
556 58
557 75
558 83
559 50
560 66
561 83
562 83
563 49
564 59
565 75
566 83
567 50
568 58
569 75
570 83
571 50
572 66
573 84
574 84
575 50
576 58
577 75
578 83
579 50
580 58
581 75
582 84
583 50
584 66
585 84
586 84
587 50
588 58
589 83
590 83
591 50
592 59
593 74
594 84
595 50
596 66
597 84
598 84
599 50
600 58
601 83
602 83
603 50
604 59
605 74
606 84
607 50
608 67
609 83
610 83
611 50
612 58
613 83
614 83
615 49
616 59
617 75
618 83
619 50
620 67
621 83
622 83
623 50
624 58
625 83
626 83
627 50
628 58
629 75
630 83
631 50
632 67
633 83
634 83
635 50
636 58
637 83
638 83
639 50
640 58
641 83
642 83
643 50
644 67
645 83
646 83
647 50
648 58
649 83
650 83
651 50
652 58
653 83
654 83
655 50
656 67
657 83
658 83
659 50
660 58
661 83
662 83
663 50
664 58
665 83
666 83
667 49
668 67
669 83
670 83
671 50
672 58
673 83
674 83
675 50
676 58
677 83
678 83
679 50
680 67
681 83
682 83
683 50
684 75
685 84
686 84
687 50
688 58
689 83
690 83
691 50
692 66
693 83
694 83
695 50
696 74
697 84
698 84
699 50
700 58
701 83
702 83
703 50
704 66
705 83
706 83
707 50
708 75
709 83
710 83
711 50
712 58
713 83
714 83
715 50
716 66
717 83
718 83
719 49
720 75
721 83
722 83
723 50
724 58
725 83
726 83
727 50
728 66
729 84
730 84
731 50
732 75
733 83
734 83
735 50
736 75
737 84
738 84
739 50
740 66
741 84
742 84
743 50
744 75
745 83
746 83
747 50
748 74
749 84
750 84
751 50
752 67
753 83
754 83
755 50
756 75
757 83
758 83
759 50
760 75
761 83
762 83
763 50
764 67
765 83
766 83
767 50
768 75
769 83
770 83
771 49
772 75
773 83
774 83
775 50
776 67
777 83
778 83
779 50
780 75
781 83
782 83
783 50
784 75
785 83
786 83
787 50
788 67
789 83
790 83
791 50
792 75
793 83
794 83
795 50
796 75
797 83
798 83
799 50
800 67
801 83
802 83
803 50
804 75
805 83
806 83
807 50
808 75
809 83
810 83
811 50
812 67
813 83
814 83
815 50
816 75
817 83
818 83
819 50
820 75
821 83
822 83
823 49
824 67
825 83
826 83
827 50
828 75
829 84
830 84
831 50
832 75
833 83
834 83
835 50
836 66
837 83
838 83
839 59
840 74
841 84
842 84
843 50
844 75
845 83
846 83
847 50
848 66
849 83
850 83
851 59
852 74
853 84
854 84
855 50
856 75
857 83
858 83
859 50
860 66
861 83
862 83
863 59
864 75
865 83
866 83
867 50
868 75
869 83
870 83
871 50
872 66
873 84
874 84
875 58
876 75
877 83
878 83
879 50
880 75
881 84
882 84
883 50
884 66
885 84
886 84
887 58
888 75
889 83
890 83
891 59
892 74
893 84
894 84
895 50
896 66
897 84
898 84
899 58
900 75
901 83
902 83
903 59
904 74
905 84
906 84
907 50
908 67
909 83
910 83
911 58
912 75
913 83
914 83
915 59
916 75
917 83
918 83
919 50
920 67
921 83
922 83
923 58
924 75
925 83
926 83
927 58
928 75
929 83
930 83
931 50
932 67
933 83
934 83
935 58
936 75
937 83
938 83
939 58
940 75
941 83
942 83
943 50
944 67
945 83
946 83
947 58
948 75
949 83
950 83
951 58
952 75
953 83
954 83
955 50
956 67
957 83
958 83
959 58
960 75
961 83
962 83
963 58
964 75
965 83
966 83
967 50
968 67
969 83
970 83
971 58
972 75
973 83
974 83
975 58
976 75
977 83
978 83
979 49
980 67
981 83
982 83
983 58
984 75
985 84
986 84
987 58
988 75
989 83
990 83
991 50
992 66
993 83
994 83
995 59
996 74
997 84
998 84
999 58
