0 0
1 7
2 7
3 7
4 50
5 75
6 84
7 84
8 50
9 67
10 83
11 83
12 41
13 74
14 75
15 84
16 50
17 58
18 83
19 83
20 50
21 66
22 83
23 83
24 50
25 59
26 84
27 84
28 50
29 58
30 83
31 83
32 50
33 66
34 83
35 83
36 49
37 59
38 83
39 83
40 50
41 58
42 83
43 83
44 50
45 66
46 84
47 84
48 50
49 58
50 83
51 83
52 50
53 58
54 84
55 84
56 50
57 66
58 84
59 84
60 50
61 75
62 83
63 83
64 50
65 59
66 84
67 84
68 50
69 66
70 84
71 84
72 50
73 75
74 83
75 83
76 50
77 59
78 84
79 84
80 50
81 67
82 83
83 83
84 50
85 75
86 83
87 83
88 49
89 59
90 83
91 83
92 50
93 67
94 83
95 83
96 50
97 75
98 83
99 83
100 50
101 58
102 83
103 83
104 50
105 67
106 83
107 83
108 50
109 75
110 83
111 83
112 50
113 75
114 83
115 83
116 50
117 67
118 83
119 83
120 50
121 75
122 83
123 83
124 50
125 75
126 83
127 83
128 50
129 67
130 83
131 83
132 50
133 75
134 83
135 83
136 50
137 75
138 83
139 83
140 50
141 67
142 83
143 83
144 50
145 75
146 83
147 83
148 50
149 75
150 83
151 83
152 49
153 67
154 83
155 83
156 50
157 75
158 84
159 84
160 50
161 75
162 83
163 83
164 50
165 66
166 83
167 83
168 50
169 74
170 84
171 84
172 50
173 75
174 83
175 83
176 50
177 66
178 83
179 83
180 50
181 75
182 83
183 83
184 50
185 75
186 83
187 83
188 50
189 66
190 83
191 83
192 49
193 75
194 83
195 83
196 50
197 75
198 83
199 83
200 50
201 66
202 84
203 84
204 50
205 75
206 83
207 83
208 50
209 75
210 84
211 84
212 50
213 66
214 84
215 84
216 58
217 75
218 83
219 83
220 50
221 74
222 84
223 84
224 50
225 67
226 83
227 83
228 58
229 75
230 83
231 83
232 50
233 75
234 83
235 83
236 50
237 67
238 83
239 83
240 58
241 75
242 83
243 83
244 49
245 75
246 83
247 83
248 50
249 67
250 83
251 83
252 58
253 75
254 83
255 83
256 50
257 75
258 83
259 83
260 50
261 67
262 83
263 83
264 58
265 75
266 83
267 83
268 58
269 75
270 83
271 83
272 50
273 67
274 83
275 83
276 58
277 75
278 83
279 83
280 58
281 75
282 83
283 83
284 50
285 67
286 83
287 83
288 58
289 75
290 83
291 83
292 58
293 75
294 83
295 83
296 49
297 67
298 83
299 83
300 58
301 75
302 84
303 84
304 58
305 75
306 83
307 83
308 50
309 66
310 83
311 83
312 59
313 74
314 84
315 84
316 58
317 75
318 83
319 83
320 50
321 66
322 83
323 83
324 59
325 74
326 84
327 84
328 58
329 75
330 83
331 83
332 50
333 66
334 83
335 83
336 59
337 75
338 83
339 83
340 58
341 75
342 83
343 83
344 50
345 66
346 84
347 84
348 58
349 75
350 83
351 83
352 58
353 75
354 84
355 84
356 50
357 66
358 84
359 84
360 58
361 75
362 83
363 83
364 59
365 74
366 84
367 84
368 50
369 66
370 84
371 84
372 58
373 75
374 83
375 83
376 59
377 74
378 84
379 84
380 50
381 67
382 83
383 83
384 58
385 75
386 83
387 83
388 59
389 75
390 83
391 83
392 50
393 67
394 83
395 83
396 58
397 75
398 83
399 83
400 58
401 75
402 83
403 83
404 50
405 67
406 83
407 83
408 58
409 75
410 83
411 83
412 58
413 75
414 83
415 83
416 50
417 67
418 83
419 83
420 58
421 75
422 83
423 83
424 58
425 75
426 83
427 50
428 50
429 83
430 83
431 83
432 58
433 75
434 83
435 83
436 58
437 75
438 83
439 49
440 50
441 83
442 83
443 83
444 58
445 75
446 83
447 83
448 58
449 75
450 83
451 50
452 49
453 83
454 83
455 83
456 58
457 75
458 84
459 84
460 58
461 75
462 83
463 50
464 50
465 83
466 83
467 83
468 59
469 74
470 84
471 84
472 58
473 75
474 83
475 50
476 50
477 83
478 83
479 50
480 59
481 75
482 83
483 83
484 58
485 75
486 83
487 50
488 50
489 83
490 83
491 49
492 59
493 75
494 83
495 83
496 58
497 75
498 83
499 50
500 50
501 84
502 84
503 50
504 58
505 75
506 83
507 83
508 58
509 75
510 84
511 50
512 50
513 84
514 84
515 50
516 58
517 75
518 83
519 83
520 59
521 74
522 84
523 50
524 67
525 83
526 83
527 50
528 58
529 75
530 83
531 50
532 59
533 75
534 83
535 50
536 67
537 83
538 83
539 50
540 58
541 75
542 83
543 49
544 59
545 75
546 83
547 50
548 67
549 83
550 83
551 50
552 58
553 75
554 83
555 50
556 58
557 75
558 83
559 50
560 67
561 83
562 83
563 50
564 58
565 75
566 83
567 50
568 58
569 75
570 83
571 50
572 67
573 83
574 83
575 50
576 58
577 83
578 83
579 50
580 58
581 75
582 83
583 49
584 67
585 83
586 83
587 50
588 58
589 83
590 83
591 50
592 58
593 75
594 83
595 50
596 67
597 83
598 83
599 50
600 58
601 84
602 84
603 50
604 58
605 75
606 83
607 50
608 66
609 83
610 83
611 50
612 59
613 84
614 84
615 50
616 58
617 75
618 83
619 50
620 66
621 83
622 83
623 50
624 59
625 84
626 84
627 50
628 58
629 83
630 83
631 50
632 66
633 83
634 83
635 49
636 59
637 83
638 83
639 50
640 58
641 83
642 83
643 50
644 66
645 84
646 84
647 50
648 58
649 83
650 83
651 50
652 58
653 84
654 84
655 50
656 66
657 84
658 84
659 50
660 58
661 83
662 83
663 50
664 59
665 84
666 84
667 50
668 66
669 84
670 84
671 50
672 58
673 83
674 83
675 50
676 59
677 84
678 84
679 50
680 67
681 83
682 83
683 50
684 75
685 83
686 83
687 49
688 59
689 83
690 83
691 50
692 67
693 83
694 83
695 50
696 75
697 83
698 83
699 50
700 58
701 83
702 83
703 50
704 67
705 83
706 83
707 50
708 75
709 83
710 83
711 50
712 58
713 83
714 83
715 50
716 67
717 83
718 83
719 50
720 75
721 83
722 83
723 50
724 58
725 83
726 83
727 50
728 67
729 83
730 83
731 50
732 75
733 83
734 83
735 50
736 75
737 83
738 83
739 50
740 67
741 83
742 83
743 50
744 75
745 83
746 83
747 50
748 75
749 83
750 83
751 49
752 67
753 83
754 83
755 50
756 75
757 84
758 84
759 50
760 75
761 83
762 83
763 50
764 66
765 83
766 83
767 50
768 74
769 84
770 84
771 50
772 75
773 83
774 83
775 50
776 66
777 83
778 83
779 50
780 75
781 83
782 83
783 50
784 75
785 83
786 83
787 50
788 66
789 83
790 83
791 49
792 75
793 83
794 83
795 50
796 75
797 83
798 83
799 50
800 66
801 84
802 84
803 50
804 75
805 83
806 83
807 50
808 75
809 84
810 84
811 50
812 66
813 84
814 84
815 50
816 75
817 83
818 83
819 50
820 74
821 84
822 84
823 50
824 67
825 83
826 83
827 50
828 75
829 83
830 83
831 50
832 75
833 83
834 83
835 50
836 67
837 83
838 83
839 58
840 75
841 83
842 83
843 49
844 75
845 83
846 83
847 50
848 67
849 83
850 83
851 58
852 75
853 83
854 83
855 50
856 75
857 83
858 83
859 50
860 67
861 83
862 83
863 58
864 75
865 83
866 83
867 50
868 75
869 83
870 83
871 50
872 67
873 83
874 83
875 58
876 75
877 83
878 83
879 50
880 75
881 83
882 83
883 50
884 67
885 83
886 83
887 58
888 75
889 83
890 83
891 58
892 75
893 83
894 83
895 49
896 67
897 83
898 83
899 58
900 75
901 84
902 84
903 58
904 75
905 83
906 83
907 50
908 66
909 83
910 83
911 59
912 74
913 84
914 84
915 58
916 75
917 83
918 83
919 50
920 66
921 83
922 83
923 59
924 74
925 84
926 84
927 58
928 75
929 83
930 83
931 50
932 66
933 83
934 83
935 59
936 75
937 83
938 83
939 58
940 75
941 83
942 83
943 50
944 66
945 84
946 84
947 58
948 75
949 83
950 83
951 58
952 75
953 84
954 84
955 50
956 66
957 84
958 84
959 58
960 75
961 83
962 83
963 59
964 74
965 84
966 84
967 50
968 66
969 84
970 84
971 58
972 75
973 83
974 83
975 59
976 74
977 84
978 84
979 50
980 67
981 83
982 83
983 58
984 75
985 83
986 83
987 59
988 75
989 83
990 83
991 50
992 67
993 83
994 83
995 58
996 75
997 83
998 83
999 58
