0 0
1 7
2 7
3 7
4 50
5 75
6 83
7 83
8 50
9 67
10 83
11 83
12 41
13 75
14 75
15 83
16 50
17 58
18 83
19 83
20 50
21 67
22 83
23 83
24 50
25 58
26 84
27 84
28 50
29 58
30 83
31 83
32 50
33 66
34 83
35 83
36 50
37 59
38 84
39 84
40 50
41 58
42 83
43 83
44 50
45 66
46 83
47 83
48 50
49 59
50 84
51 84
52 50
53 58
54 83
55 83
56 50
57 66
58 83
59 83
60 49
61 75
62 83
63 83
64 50
65 58
66 83
67 83
68 50
69 66
70 84
71 84
72 50
73 75
74 83
75 83
76 50
77 58
78 84
79 84
80 50
81 66
82 84
83 84
84 50
85 75
86 83
87 83
88 50
89 59
90 84
91 84
92 50
93 66
94 84
95 84
96 50
97 75
98 83
99 83
100 50
101 59
102 84
103 84
104 50
105 67
106 83
107 83
108 50
109 75
110 83
111 83
112 49
113 75
114 83
115 83
116 50
117 67
118 83
119 83
120 50
121 75
122 83
123 83
124 50
125 75
126 83
127 83
128 50
129 67
130 83
131 83
132 50
133 75
134 83
135 83
136 50
137 75
138 83
139 83
140 50
141 67
142 83
143 83
144 50
145 75
146 83
147 83
148 50
149 75
150 83
151 83
152 50
153 67
154 83
155 83
156 50
157 75
158 83
159 83
160 50
161 75
162 83
163 83
164 50
165 67
166 83
167 83
168 50
169 75
170 83
171 83
172 50
173 75
174 83
175 83
176 49
177 67
178 83
179 83
180 50
181 75
182 84
183 84
184 50
185 75
186 83
187 83
188 50
189 66
190 83
191 83
192 50
193 74
194 84
195 84
196 50
197 75
198 83
199 83
200 50
201 66
202 83
203 83
204 50
205 75
206 83
207 83
208 50
209 75
210 83
211 83
212 50
213 66
214 83
215 83
216 59
217 75
218 83
219 83
220 50
221 75
222 83
223 83
224 50
225 66
226 84
227 84
228 58
229 75
230 83
231 83
232 50
233 75
234 84
235 84
236 50
237 66
238 84
239 84
240 58
241 75
242 83
243 83
244 50
245 74
246 84
247 84
248 50
249 67
250 83
251 83
252 58
253 75
254 83
255 83
256 50
257 75
258 83
259 83
260 50
261 67
262 83
263 83
264 58
265 75
266 83
267 83
268 59
269 75
270 83
271 83
272 50
273 67
274 83
275 83
276 58
277 75
278 83
279 83
280 58
281 75
282 83
283 83
284 50
285 67
286 83
287 83
288 58
289 75
290 83
291 83
292 58
293 75
294 83
295 83
296 50
297 67
298 83
299 83
300 58
301 75
302 83
303 83
304 58
305 75
306 83
307 83
308 50
309 67
310 83
311 83
312 58
313 75
314 83
315 83
316 58
317 75
318 83
319 83
320 49
321 67
322 83
323 83
324 58
325 75
326 84
327 84
328 58
329 75
330 83
331 83
332 50
333 66
334 83
335 83
336 59
337 74
338 84
339 84
340 58
341 75
342 83
343 83
344 50
345 66
346 83
347 83
348 59
349 74
350 84
351 84
352 58
353 75
354 83
355 83
356 50
357 66
358 83
359 83
360 59
361 75
362 83
363 83
364 58
365 75
366 83
367 83
368 50
369 66
370 84
371 84
372 58
373 75
374 83
375 83
376 58
377 75
378 84
379 84
380 50
381 66
382 84
383 84
384 58
385 75
386 83
387 83
388 59
389 74
390 84
391 84
392 50
393 66
394 84
395 84
396 58
397 75
398 83
399 83
400 59
401 74
402 84
403 84
404 50
405 67
406 83
407 83
408 58
409 75
410 83
411 83
412 59
413 75
414 83
415 83
416 50
417 67
418 83
419 83
420 58
421 75
422 83
423 83
424 58
425 75
426 83
427 50
428 50
429 83
430 83
431 83
432 58
433 75
434 83
435 83
436 58
437 75
438 83
439 50
440 50
441 83
442 83
443 83
444 58
445 75
446 83
447 83
448 58
449 75
450 83
451 50
452 50
453 83
454 83
455 83
456 58
457 75
458 83
459 83
460 58
461 75
462 83
463 49
464 50
465 83
466 83
467 83
468 58
469 75
470 83
471 83
472 58
473 75
474 83
475 50
476 49
477 83
478 83
479 50
480 58
481 75
482 84
483 84
484 58
485 75
486 83
487 50
488 50
489 83
490 83
491 50
492 59
493 74
494 84
495 84
496 58
497 75
498 83
499 50
500 50
501 83
502 83
503 50
504 59
505 75
506 83
507 83
508 58
509 75
510 83
511 50
512 50
513 83
514 83
515 49
516 59
517 75
518 83
519 83
520 58
521 75
522 83
523 50
524 66
525 84
526 84
527 50
528 58
529 75
530 83
531 50
532 58
533 75
534 84
535 50
536 66
537 84
538 84
539 50
540 58
541 75
542 83
543 50
544 59
545 74
546 84
547 50
548 67
549 83
550 83
551 50
552 58
553 75
554 83
555 50
556 59
557 75
558 83
559 50
560 67
561 83
562 83
563 50
564 58
565 75
566 83
567 49
568 59
569 75
570 83
571 50
572 67
573 83
574 83
575 50
576 58
577 83
578 83
579 50
580 58
581 75
582 83
583 50
584 67
585 83
586 83
587 50
588 58
589 83
590 83
591 50
592 58
593 75
594 83
595 50
596 67
597 83
598 83
599 50
600 58
601 83
602 83
603 50
604 58
605 75
606 83
607 49
608 67
609 83
610 83
611 50
612 58
613 83
614 83
615 50
616 58
617 75
618 83
619 50
620 67
621 83
622 83
623 50
624 58
625 84
626 84
627 50
628 58
629 83
630 83
631 50
632 66
633 83
634 83
635 50
636 59
637 84
638 84
639 50
640 58
641 83
642 83
643 50
644 66
645 83
646 83
647 50
648 59
649 84
650 84
651 50
652 58
653 83
654 83
655 50
656 66
657 83
658 83
659 49
660 59
661 83
662 83
663 50
664 58
665 83
666 83
667 50
668 66
669 84
670 84
671 50
672 58
673 83
674 83
675 50
676 58
677 84
678 84
679 50
680 66
681 84
682 84
683 50
684 75
685 83
686 83
687 50
688 59
689 84
690 84
691 50
692 66
693 84
694 84
695 50
696 75
697 83
698 83
699 50
700 59
701 84
702 84
703 50
704 67
705 83
706 83
707 50
708 75
709 83
710 83
711 49
712 59
713 83
714 83
715 50
716 67
717 83
718 83
719 50
720 75
721 83
722 83
723 50
724 58
725 83
726 83
727 50
728 67
729 83
730 83
731 50
732 75
733 83
734 83
735 50
736 75
737 83
738 83
739 50
740 67
741 83
742 83
743 50
744 75
745 83
746 83
747 50
748 75
749 83
750 83
751 50
752 67
753 83
754 83
755 50
756 75
757 83
758 83
759 50
760 75
761 83
762 83
763 50
764 67
765 83
766 83
767 50
768 75
769 83
770 83
771 50
772 75
773 83
774 83
775 49
776 67
777 83
778 83
779 50
780 75
781 84
782 84
783 50
784 75
785 83
786 83
787 50
788 66
789 83
790 83
791 50
792 74
793 84
794 84
795 50
796 75
797 83
798 83
799 50
800 66
801 83
802 83
803 50
804 75
805 83
806 83
807 50
808 75
809 83
810 83
811 50
812 66
813 83
814 83
815 49
816 75
817 83
818 83
819 50
820 75
821 83
822 83
823 50
824 66
825 84
826 84
827 50
828 75
829 83
830 83
831 50
832 75
833 84
834 84
835 50
836 66
837 84
838 84
839 58
840 75
841 83
842 83
843 50
844 74
845 84
846 84
847 50
848 67
849 83
850 83
851 58
852 75
853 83
854 83
855 50
856 75
857 83
858 83
859 50
860 67
861 83
862 83
863 58
864 75
865 83
866 83
867 49
868 75
869 83
870 83
871 50
872 67
873 83
874 83
875 58
876 75
877 83
878 83
879 50
880 75
881 83
882 83
883 50
884 67
885 83
886 83
887 58
888 75
889 83
890 83
891 58
892 75
893 83
894 83
895 50
896 67
897 83
898 83
899 58
900 75
901 83
902 83
903 58
904 75
905 83
906 83
907 50
908 67
909 83
910 83
911 58
912 75
913 83
914 83
915 58
916 75
917 83
918 83
919 49
920 67
921 83
922 83
923 58
924 75
925 84
926 84
927 58
928 75
929 83
930 83
931 50
932 66
933 83
934 83
935 59
936 74
937 84
938 84
939 58
940 75
941 83
942 83
943 50
944 66
945 83
946 83
947 59
948 74
949 84
950 84
951 58
952 75
953 83
954 83
955 50
956 66
957 83
958 83
959 59
960 75
961 83
962 83
963 58
964 75
965 83
966 83
967 50
968 66
969 84
970 84
971 58
972 75
973 83
974 83
975 58
976 75
977 84
978 84
979 50
980 66
981 84
982 84
983 58
984 75
985 83
986 83
987 59
988 74
989 84
990 84
991 50
992 66
993 84
994 84
995 58
996 75
997 83
998 83
999 59
