0 0
1 3
2 83
3 50
4 66
5 75
6 75
7 67
8 66
9 84
10 84
11 50
12 58
13 75
14 75
15 50
16 67
17 83
18 83
19 50
20 66
21 84
22 84
23 50
24 58
25 75
26 75
27 50
28 67
29 83
30 83
31 50
32 67
33 83
34 83
35 50
36 58
37 75
38 75
39 50
40 67
41 83
42 83
43 50
44 67
45 83
46 83
47 50
48 58
49 75
50 75
51 49
52 67
53 83
54 83
55 50
56 67
57 83
58 83
59 50
60 58
61 75
62 75
63 50
64 66
65 83
66 83
67 50
68 67
69 83
70 83
71 50
72 58
73 75
74 75
75 50
76 66
77 83
78 83
79 50
80 67
81 83
82 83
83 50
84 58
85 75
86 75
87 50
88 66
89 83
90 83
91 50
92 67
93 83
94 83
95 50
96 58
97 75
98 75
99 50
100 66
101 84
102 84
103 49
104 67
105 83
106 83
107 50
108 58
109 75
110 75
111 50
112 66
113 84
114 84
115 50
116 66
117 83
118 83
119 50
120 59
121 74
122 74
123 50
124 67
125 83
126 83
127 50
128 66
129 83
130 83
131 50
132 59
133 74
134 74
135 50
136 67
137 83
138 83
139 50
140 66
141 83
142 83
143 49
144 75
145 75
146 75
147 50
148 67
149 83
150 83
151 50
152 66
153 84
154 84
155 50
156 75
157 75
158 75
159 50
160 67
161 83
162 83
163 50
164 66
165 84
166 84
167 50
168 75
169 75
170 75
171 50
172 67
173 83
174 83
175 50
176 67
177 83
178 83
179 50
180 75
181 75
182 75
183 50
184 67
185 83
186 83
187 50
188 67
189 83
190 83
191 50
192 75
193 75
194 75
195 49
196 67
197 83
198 83
199 50
200 67
201 83
202 83
203 50
204 75
205 75
206 75
207 50
208 66
209 83
210 83
211 50
212 67
213 83
214 83
215 50
216 75
217 75
218 75
219 50
220 66
221 83
222 83
223 50
224 67
225 83
226 83
227 50
228 75
229 75
230 75
231 50
232 66
233 83
234 83
235 50
236 67
237 83
238 83
239 50
240 75
241 75
242 75
243 50
244 66
245 84
246 84
247 49
248 67
249 83
250 66
251 50
252 75
253 75
254 75
255 50
256 66
257 84
258 84
259 50
260 66
261 83
262 66
263 50
264 75
265 75
266 75
267 50
268 66
269 84
270 84
271 50
272 66
273 83
274 66
275 50
276 74
277 74
278 74
279 50
280 67
281 83
282 83
283 50
284 66
285 83
286 66
287 50
288 75
289 75
290 75
291 50
292 67
293 83
294 83
295 50
296 66
297 84
298 67
299 59
300 75
301 75
302 66
303 50
304 83
305 83
306 83
307 50
308 66
309 84
310 67
311 58
312 75
313 75
314 66
315 50
316 83
317 83
318 83
319 50
320 66
321 84
322 67
323 58
324 75
325 75
326 66
327 50
328 83
329 83
330 83
331 50
332 67
333 83
334 67
335 58
336 75
337 75
338 66
339 50
340 83
341 83
342 83
343 50
344 67
345 83
346 67
347 58
348 75
349 75
350 67
351 49
352 83
353 83
354 50
355 50
356 83
357 83
358 67
359 58
360 75
361 75
362 67
363 50
364 83
365 83
366 50
367 50
368 83
369 83
370 67
371 58
372 75
373 75
374 67
375 50
376 83
377 83
378 50
379 50
380 83
381 83
382 66
383 58
384 75
385 75
386 67
387 50
388 83
389 83
390 49
391 50
392 83
393 83
394 66
395 58
396 75
397 75
398 67
399 66
400 84
401 84
402 50
403 49
404 83
405 83
406 66
407 58
408 75
409 75
410 67
411 66
412 84
413 84
414 50
415 50
416 83
417 83
418 66
419 59
420 74
421 74
422 67
423 67
424 83
425 83
426 50
427 50
428 83
429 83
430 66
431 59
432 74
433 74
434 66
435 67
436 83
437 83
438 50
439 50
440 83
441 83
442 67
443 59
444 75
445 75
446 66
447 67
448 83
449 83
450 50
451 66
452 84
453 84
454 67
455 58
456 75
457 75
458 66
459 67
460 83
461 83
462 50
463 66
464 84
465 84
466 67
467 58
468 75
469 75
470 66
471 67
472 83
473 83
474 50
475 67
476 83
477 83
478 67
479 58
480 75
481 75
482 66
483 67
484 83
485 83
486 50
487 67
488 83
489 83
490 67
491 58
492 75
493 75
494 67
495 67
496 83
497 83
498 50
499 67
500 83
501 83
502 67
503 58
504 75
505 75
506 67
507 66
508 83
509 83
510 50
511 67
512 83
513 83
514 67
515 58
516 75
517 75
518 67
519 66
520 83
521 83
522 50
523 67
524 83
525 83
526 66
527 58
528 75
529 75
530 67
531 66
532 83
533 83
534 49
535 67
536 83
537 83
538 66
539 58
540 75
541 75
542 67
543 66
544 84
545 84
546 50
547 67
548 83
549 83
550 66
551 58
552 75
553 75
554 67
555 66
556 84
557 84
558 50
559 66
560 83
561 83
562 50
563 58
564 75
565 75
566 67
567 66
568 84
569 84
570 50
571 66
572 83
573 83
574 50
575 59
576 74
577 74
578 66
579 67
580 83
581 83
582 50
583 66
584 83
585 83
586 50
587 59
588 75
589 75
590 66
591 67
592 83
593 83
594 50
595 66
596 84
597 84
598 49
599 59
600 75
601 75
602 66
603 67
604 83
605 83
606 50
607 66
608 84
609 84
610 50
611 58
612 75
613 75
614 50
615 67
616 83
617 83
618 50
619 66
620 84
621 84
622 50
623 58
624 75
625 75
626 50
627 67
628 83
629 83
630 50
631 67
632 83
633 83
634 50
635 58
636 75
637 75
638 50
639 67
640 83
641 83
642 50
643 67
644 83
645 83
646 50
647 58
648 75
649 75
650 49
651 67
652 83
653 83
654 50
655 67
656 83
657 83
658 50
659 58
660 75
661 75
662 50
663 66
664 83
665 83
666 50
667 67
668 83
669 83
670 50
671 58
672 75
673 75
674 50
675 66
676 83
677 83
678 50
679 67
680 83
681 83
682 50
683 58
684 75
685 75
686 50
687 66
688 83
689 83
690 50
691 67
692 83
693 83
694 50
695 58
696 75
697 75
698 50
699 66
700 84
701 84
702 49
703 67
704 83
705 83
706 50
707 58
708 75
709 75
710 50
711 66
712 84
713 84
714 50
715 66
716 83
717 83
718 50
719 59
720 74
721 74
722 50
723 67
724 83
725 83
726 50
727 66
728 83
729 83
730 50
731 59
732 74
733 74
734 50
735 67
736 83
737 83
738 50
739 66
740 83
741 83
742 49
743 59
744 75
745 75
746 50
747 67
748 83
749 83
750 50
751 66
752 84
753 84
754 50
755 58
756 75
757 75
758 50
759 67
760 83
761 83
762 50
763 66
764 84
765 84
766 50
767 75
768 75
769 75
770 50
771 67
772 83
773 83
774 50
775 67
776 83
777 83
778 50
779 75
780 75
781 75
782 50
783 67
784 83
785 83
786 50
787 67
788 83
789 83
790 50
791 75
792 75
793 75
794 49
795 67
796 83
797 83
798 50
799 67
800 83
801 83
802 50
803 75
804 75
805 75
806 50
807 66
808 83
809 83
810 50
811 67
812 83
813 83
814 50
815 75
816 75
817 75
818 50
819 66
820 83
821 83
822 50
823 67
824 83
825 83
826 50
827 75
828 75
829 75
830 50
831 66
832 83
833 83
834 50
835 67
836 83
837 83
838 50
839 75
840 75
841 75
842 50
843 66
844 84
845 84
846 49
847 67
848 83
849 83
850 50
851 75
852 75
853 75
854 50
855 66
856 84
857 84
858 50
859 66
860 83
861 83
862 50
863 75
864 75
865 75
866 50
867 66
868 84
869 84
870 50
871 66
872 83
873 66
874 50
875 74
876 74
877 74
878 50
879 67
880 83
881 83
882 50
883 66
884 83
885 66
886 50
887 75
888 75
889 75
890 50
891 67
892 83
893 83
894 50
895 66
896 84
897 67
898 49
899 75
900 75
901 75
902 50
903 67
904 83
905 83
906 50
907 66
908 84
909 67
910 50
911 75
912 75
913 75
914 50
915 67
916 83
917 83
918 50
919 66
920 84
921 67
922 58
923 75
924 75
925 66
926 50
927 83
928 83
929 83
930 50
931 67
932 83
933 67
934 58
935 75
936 75
937 66
938 50
939 83
940 83
941 83
942 50
943 67
944 83
945 67
946 58
947 75
948 75
949 67
950 49
951 83
952 83
953 83
954 50
955 67
956 83
957 67
958 58
959 75
960 75
961 67
962 50
963 83
964 83
965 83
966 50
967 67
968 83
969 67
970 58
971 75
972 75
973 67
974 50
975 83
976 83
977 50
978 50
979 83
980 83
981 66
982 58
983 75
984 75
985 67
986 50
987 83
988 83
989 49
990 50
991 83
992 83
993 66
994 58
995 75
996 75
997 67
998 50
999 84
