0 0
1 8
2 8
3 8
4 41
5 67
6 83
7 83
8 50
9 67
10 83
11 83
12 42
13 58
14 83
15 83
16 83
17 58
18 75
19 83
20 50
21 58
22 75
23 75
24 67
25 66
26 84
27 83
28 83
29 58
30 75
31 84
32 50
33 50
34 84
35 84
36 84
37 58
38 75
39 83
40 83
41 59
42 74
43 84
44 50
45 50
46 83
47 83
48 83
49 58
50 75
51 83
52 83
53 59
54 75
55 83
56 50
57 50
58 83
59 83
60 83
61 58
62 75
63 83
64 83
65 59
66 75
67 83
68 50
69 50
70 83
71 83
72 50
73 58
74 75
75 83
76 83
77 58
78 75
79 83
80 50
81 50
82 83
83 83
84 50
85 58
86 75
87 83
88 83
89 58
90 75
91 83
92 50
93 50
94 83
95 83
96 50
97 58
98 75
99 83
100 83
101 58
102 75
103 83
104 49
105 50
106 83
107 83
108 50
109 58
110 75
111 83
112 83
113 58
114 75
115 83
116 50
117 67
118 83
119 83
120 50
121 58
122 75
123 84
124 50
125 58
126 75
127 83
128 50
129 66
130 83
131 83
132 50
133 59
134 74
135 84
136 50
137 58
138 75
139 83
140 50
141 66
142 83
143 83
144 50
145 59
146 74
147 84
148 50
149 58
150 75
151 83
152 50
153 66
154 83
155 83
156 49
157 59
158 75
159 83
160 50
161 58
162 75
163 83
164 50
165 66
166 84
167 84
168 50
169 58
170 83
171 83
172 50
173 58
174 75
175 84
176 50
177 66
178 84
179 84
180 50
181 58
182 83
183 83
184 50
185 59
186 74
187 84
188 50
189 66
190 84
191 84
192 50
193 58
194 83
195 83
196 50
197 59
198 74
199 84
200 50
201 67
202 83
203 83
204 50
205 58
206 83
207 83
208 49
209 59
210 75
211 83
212 50
213 67
214 83
215 83
216 50
217 58
218 83
219 83
220 50
221 58
222 83
223 83
224 50
225 67
226 83
227 83
228 50
229 58
230 83
231 83
232 50
233 58
234 83
235 83
236 50
237 67
238 83
239 83
240 50
241 58
242 83
243 83
244 50
245 58
246 83
247 83
248 50
249 67
250 83
251 83
252 50
253 58
254 83
255 83
256 50
257 58
258 83
259 83
260 49
261 67
262 83
263 83
264 50
265 58
266 83
267 83
268 50
269 58
270 83
271 83
272 50
273 67
274 83
275 83
276 50
277 75
278 84
279 84
280 50
281 58
282 83
283 83
284 50
285 66
286 83
287 83
288 50
289 74
290 84
291 84
292 50
293 58
294 83
295 83
296 50
297 66
298 83
299 83
300 50
301 75
302 83
303 83
304 50
305 58
306 83
307 83
308 50
309 66
310 83
311 83
312 49
313 75
314 83
315 83
316 50
317 58
318 83
319 83
320 50
321 66
322 84
323 84
324 50
325 75
326 83
327 83
328 50
329 75
330 84
331 84
332 50
333 66
334 84
335 84
336 50
337 75
338 83
339 83
340 50
341 74
342 84
343 84
344 50
345 67
346 83
347 83
348 50
349 75
350 83
351 83
352 50
353 75
354 83
355 83
356 50
357 67
358 83
359 83
360 50
361 75
362 83
363 83
364 49
365 75
366 83
367 83
368 50
369 67
370 83
371 83
372 50
373 75
374 83
375 83
376 50
377 75
378 83
379 83
380 50
381 67
382 83
383 83
384 50
385 75
386 83
387 83
388 50
389 75
390 83
391 83
392 50
393 67
394 83
395 83
396 50
397 75
398 83
399 83
400 50
401 75
402 83
403 83
404 50
405 67
406 83
407 83
408 50
409 75
410 83
411 83
412 50
413 75
414 83
415 83
416 49
417 67
418 83
419 83
420 50
421 75
422 84
423 84
424 50
425 75
426 83
427 83
428 50
429 66
430 83
431 83
432 59
433 74
434 84
435 84
436 50
437 75
438 83
439 83
440 50
441 66
442 83
443 83
444 59
445 74
446 84
447 84
448 50
449 75
450 83
451 83
452 50
453 66
454 83
455 83
456 59
457 75
458 83
459 83
460 50
461 75
462 83
463 83
464 50
465 66
466 84
467 84
468 58
469 75
470 83
471 83
472 50
473 75
474 84
475 84
476 50
477 66
478 84
479 84
480 58
481 75
482 83
483 83
484 59
485 74
486 84
487 84
488 50
489 66
490 84
491 84
492 58
493 75
494 83
495 83
496 59
497 74
498 84
499 84
500 50
501 67
502 83
503 83
504 58
505 75
506 83
507 83
508 59
509 75
510 83
511 83
512 50
513 67
514 83
515 83
516 58
517 75
518 83
519 83
520 58
521 75
522 83
523 83
524 50
525 67
526 83
527 83
528 58
529 75
530 83
531 83
532 58
533 75
534 83
535 83
536 50
537 67
538 83
539 83
540 58
541 75
542 83
543 83
544 58
545 75
546 83
547 83
548 50
549 67
550 83
551 83
552 58
553 75
554 83
555 83
556 58
557 75
558 83
559 83
560 50
561 67
562 83
563 83
564 58
565 75
566 83
567 83
568 58
569 75
570 83
571 83
572 49
573 67
574 83
575 83
576 58
577 75
578 84
579 84
580 58
581 75
582 83
583 83
584 50
585 66
586 83
587 83
588 59
589 74
590 84
591 84
592 58
593 75
594 83
595 83
596 50
597 66
598 83
599 83
600 59
601 75
602 83
603 83
604 58
605 75
606 83
607 83
608 50
609 66
610 83
611 83
612 59
613 75
614 83
615 83
616 58
617 75
618 83
619 83
620 50
621 66
622 84
623 84
624 58
625 75
626 83
627 83
628 58
629 75
630 84
631 84
632 50
633 66
634 84
635 84
636 58
637 75
638 83
639 83
640 59
641 74
642 84
643 50
644 50
645 83
646 83
647 83
648 58
649 75
650 83
651 83
652 59
653 75
654 83
655 50
656 50
657 83
658 83
659 83
660 58
661 75
662 83
663 83
664 59
665 75
666 83
667 50
668 50
669 83
670 83
671 83
672 58
673 75
674 83
675 83
676 58
677 75
678 83
679 50
680 50
681 83
682 83
683 83
684 58
685 75
686 83
687 83
688 58
689 75
690 83
691 50
692 50
693 83
694 83
695 50
696 58
697 75
698 83
699 83
700 58
701 75
702 83
703 49
704 50
705 83
706 83
707 50
708 58
709 75
710 83
711 83
712 58
713 75
714 83
715 50
716 49
717 83
718 83
719 50
720 58
721 75
722 84
723 84
724 58
725 75
726 83
727 50
728 50
729 83
730 83
731 50
732 59
733 74
734 84
735 84
736 58
737 75
738 83
739 50
740 66
741 83
742 83
743 50
744 59
745 74
746 84
747 50
748 58
749 75
750 83
751 50
752 66
753 83
754 83
755 49
756 59
757 75
758 83
759 50
760 58
761 75
762 83
763 50
764 66
765 84
766 84
767 50
768 58
769 75
770 83
771 50
772 58
773 75
774 84
775 50
776 66
777 84
778 84
779 50
780 58
781 75
782 83
783 50
784 59
785 74
786 84
787 50
788 66
789 84
790 84
791 50
792 58
793 83
794 83
795 50
796 59
797 74
798 84
799 50
800 67
801 83
802 83
803 50
804 58
805 83
806 83
807 49
808 59
809 75
810 83
811 50
812 67
813 83
814 83
815 50
816 58
817 83
818 83
819 50
820 58
821 75
822 83
823 50
824 67
825 83
826 83
827 50
828 58
829 83
830 83
831 50
832 58
833 75
834 83
835 50
836 67
837 83
838 83
839 50
840 58
841 83
842 83
843 50
844 58
845 83
846 83
847 50
848 67
849 83
850 83
851 50
852 58
853 83
854 83
855 50
856 58
857 83
858 83
859 49
860 67
861 83
862 83
863 50
864 58
865 83
866 83
867 50
868 58
869 83
870 83
871 50
872 67
873 83
874 83
875 50
876 58
877 84
878 84
879 50
880 58
881 83
882 83
883 50
884 66
885 83
886 83
887 50
888 59
889 84
890 84
891 50
892 58
893 83
894 83
895 50
896 66
897 83
898 83
899 50
900 75
901 83
902 83
903 50
904 58
905 83
906 83
907 50
908 66
909 83
910 83
911 49
912 75
913 83
914 83
915 50
916 58
917 83
918 83
919 50
920 66
921 84
922 84
923 50
924 75
925 83
926 83
927 50
928 58
929 84
930 84
931 50
932 66
933 84
934 84
935 50
936 75
937 83
938 83
939 50
940 59
941 84
942 84
943 50
944 67
945 83
946 83
947 50
948 75
949 83
950 83
951 50
952 75
953 83
954 83
955 50
956 67
957 83
958 83
959 50
960 75
961 83
962 83
963 49
964 75
965 83
966 83
967 50
968 67
969 83
970 83
971 50
972 75
973 83
974 83
975 50
976 75
977 83
978 83
979 50
980 67
981 83
982 83
983 50
984 75
985 83
986 83
987 50
988 75
989 83
990 83
991 50
992 67
993 83
994 83
995 50
996 75
997 83
998 83
999 50
