0 0
1 8
2 8
3 50
4 66
5 67
6 83
7 75
8 83
9 83
10 92
11 42
12 50
13 58
14 75
15 83
16 91
17 91
18 49
19 59
20 66
21 83
22 92
23 92
24 49
25 59
26 66
27 75
28 83
29 92
30 92
31 50
32 66
33 75
34 83
35 92
36 92
37 50
38 59
39 75
40 83
41 92
42 92
43 49
44 59
45 66
46 83
47 92
48 92
49 49
50 59
51 66
52 75
53 83
54 92
55 92
56 50
57 66
58 75
59 83
60 92
61 92
62 50
63 59
64 83
65 84
66 91
67 91
68 50
69 58
70 67
71 84
72 91
73 91
74 50
75 58
76 67
77 74
78 84
79 91
80 91
81 50
82 67
83 74
84 84
85 91
86 91
87 50
88 58
89 74
90 84
91 91
92 91
93 50
94 58
95 67
96 84
97 91
98 91
99 50
100 58
101 67
102 74
103 84
104 91
105 91
106 50
107 67
108 74
109 84
110 91
111 91
112 50
113 58
114 74
115 84
116 91
117 91
118 50
119 58
120 67
121 92
122 91
123 91
124 50
125 58
126 67
127 75
128 83
129 91
130 91
131 50
132 67
133 75
134 83
135 91
136 91
137 50
138 58
139 75
140 83
141 91
142 91
143 50
144 58
145 67
146 83
147 91
148 91
149 50
150 58
151 67
152 75
153 83
154 91
155 91
156 50
157 67
158 75
159 83
160 91
161 91
162 50
163 58
164 75
165 83
166 91
167 91
168 50
169 58
170 67
171 83
172 91
173 91
174 50
175 58
176 67
177 75
178 83
179 91
180 91
181 50
182 67
183 83
184 83
185 92
186 92
187 50
188 59
189 66
190 83
191 83
192 42
193 59
194 58
195 74
196 84
197 91
198 91
199 49
200 59
201 75
202 92
203 91
204 91
205 50
206 58
207 67
208 74
209 91
210 91
211 50
212 50
213 67
214 74
215 84
216 91
217 91
218 50
219 67
220 74
221 84
222 91
223 91
224 50
225 58
226 74
227 84
228 91
229 91
230 50
231 58
232 67
233 84
234 91
235 91
236 50
237 58
238 67
239 74
240 84
241 91
242 91
243 50
244 67
245 74
246 84
247 91
248 91
249 50
250 58
251 74
252 84
253 91
254 91
255 50
256 58
257 67
258 84
259 91
260 91
261 50
262 58
263 75
264 83
265 84
266 91
267 91
268 50
269 58
270 66
271 84
272 92
273 92
274 50
275 50
276 66
277 75
278 83
279 92
280 92
281 50
282 66
283 75
284 83
285 92
286 92
287 50
288 59
289 75
290 83
291 92
292 92
293 50
294 59
295 66
296 83
297 92
298 91
299 91
300 50
301 67
302 75
303 83
304 91
305 91
306 50
307 58
308 75
309 83
310 91
311 91
312 50
313 58
314 67
315 83
316 91
317 91
318 50
319 58
320 67
321 75
322 83
323 91
324 91
325 50
326 67
327 75
328 83
329 83
330 50
331 59
332 66
333 75
334 83
335 92
336 50
337 58
338 67
339 75
340 83
341 91
342 91
343 50
344 67
345 75
346 83
347 91
348 91
349 50
350 58
351 75
352 83
353 91
354 91
355 50
356 58
357 67
358 83
359 91
360 91
361 50
362 58
363 67
364 75
365 83
366 91
367 91
368 50
369 67
370 75
371 83
372 91
373 91
374 50
375 67
376 75
377 83
378 91
379 91
380 50
381 58
382 75
383 83
384 91
385 91
386 50
387 58
388 67
389 75
390 91
391 92
392 92
393 50
394 66
395 75
396 83
397 92
398 92
399 50
400 59
401 75
402 83
403 92
404 92
405 49
406 59
407 66
408 83
409 92
410 92
411 49
412 59
413 66
414 75
415 83
416 92
417 92
418 50
419 66
420 75
421 83
422 92
423 92
424 50
425 66
426 75
427 83
428 92
429 92
430 50
431 59
432 75
433 83
434 92
435 92
436 49
437 59
438 66
439 75
440 92
441 92
442 49
443 50
444 66
445 75
446 83
447 92
448 92
449 50
450 67
451 83
452 92
453 92
454 92
455 50
456 50
457 66
458 83
459 92
460 91
461 91
462 50
463 58
464 75
465 83
466 91
467 91
468 50
469 58
470 67
471 83
472 91
473 91
474 50
475 58
476 67
477 75
478 83
479 91
480 91
481 50
482 67
483 83
484 91
485 92
486 92
487 50
488 58
489 75
490 83
491 92
492 92
493 50
494 58
495 66
496 75
497 92
498 92
499 50
500 50
501 66
502 75
503 83
504 92
505 92
506 50
507 66
508 75
509 83
510 92
511 92
512 50
513 58
514 75
515 83
516 83
517 42
518 58
519 58
520 75
521 83
522 91
523 91
524 50
525 67
526 74
527 84
528 91
529 91
530 50
531 58
532 74
533 84
534 91
535 91
536 50
537 58
538 67
539 84
540 91
541 91
542 50
543 58
544 67
545 74
546 84
547 91
548 91
549 50
550 67
551 74
552 84
553 91
554 91
555 50
556 58
557 74
558 84
559 91
560 91
561 50
562 58
563 67
564 84
565 91
566 91
567 50
568 58
569 67
570 74
571 84
572 91
573 91
574 50
575 67
576 74
577 92
578 91
579 91
580 50
581 58
582 75
583 83
584 91
585 91
586 50
587 58
588 67
589 83
590 91
591 91
592 50
593 58
594 67
595 75
596 83
597 91
598 91
599 50
600 67
601 75
602 83
603 91
604 91
605 50
606 58
607 75
608 83
609 91
610 91
611 50
612 58
613 67
614 83
615 91
616 91
617 50
618 58
619 67
620 75
621 83
622 91
623 91
624 50
625 67
626 75
627 83
628 91
629 91
630 50
631 58
632 75
633 83
634 91
635 91
636 50
637 67
638 83
639 91
640 92
641 91
642 91
643 50
644 58
645 83
646 83
647 92
648 92
649 50
650 59
651 66
652 83
653 92
654 92
655 50
656 59
657 66
658 75
659 83
660 92
661 92
662 50
663 66
664 75
665 83
666 92
667 92
668 50
669 59
670 74
671 83
672 91
673 91
674 50
675 58
676 67
677 75
678 83
679 91
680 91
681 50
682 67
683 75
684 83
685 91
686 91
687 50
688 67
689 75
690 83
691 91
692 91
693 50
694 58
695 75
696 83
697 91
698 91
699 50
700 58
701 67
702 75
703 83
704 41
705 50
706 59
707 66
708 83
709 92
710 92
711 50
712 58
713 75
714 83
715 91
716 91
717 50
718 58
719 67
720 75
721 91
722 91
723 50
724 50
725 67
726 75
727 83
728 91
729 91
730 50
731 67
732 75
733 83
734 91
735 91
736 50
737 58
738 75
739 83
740 91
741 91
742 50
743 58
744 67
745 83
746 91
747 91
748 50
749 58
750 67
751 75
752 83
753 91
754 91
755 50
756 67
757 75
758 83
759 91
760 91
761 50
762 58
763 83
764 83
765 92
766 92
767 49
768 59
769 66
770 75
771 92
772 92
773 49
774 50
775 66
776 75
777 83
778 92
779 92
780 50
781 66
782 75
783 83
784 92
785 92
786 50
787 59
788 75
789 83
790 92
791 92
792 49
793 59
794 66
795 83
796 92
797 92
798 49
799 59
800 66
801 75
802 83
803 92
804 92
805 50
806 66
807 75
808 83
809 92
810 92
811 50
812 59
813 75
814 83
815 92
816 92
817 49
818 59
819 66
820 83
821 92
822 92
823 49
824 59
825 75
826 83
827 83
828 92
829 92
830 50
831 59
832 66
833 83
834 92
835 91
836 91
837 50
838 67
839 75
840 83
841 91
842 91
843 50
844 67
845 75
846 83
847 91
848 91
849 50
850 58
851 75
852 83
853 91
854 91
855 50
856 58
857 67
858 83
859 91
860 92
861 92
862 50
863 66
864 75
865 83
866 92
867 92
868 50
869 58
870 75
871 83
872 92
873 92
874 50
875 58
876 66
877 83
878 92
879 92
880 50
881 58
882 66
883 75
884 83
885 92
886 92
887 50
888 66
889 75
890 83
891 83
892 50
893 58
894 67
895 75
896 83
897 91
898 50
899 58
900 66
901 75
902 84
903 91
904 91
905 50
906 66
907 75
908 84
909 91
910 91
911 50
912 58
913 75
914 84
915 91
916 91
917 50
918 58
919 66
920 84
921 91
922 91
923 50
924 58
925 66
926 75
927 84
928 91
929 91
930 50
931 66
932 75
933 84
934 91
935 91
936 50
937 58
938 75
939 84
940 91
941 91
942 50
943 58
944 75
945 84
946 91
947 91
948 50
949 58
950 66
951 75
952 92
953 91
954 91
955 50
956 67
957 75
958 83
959 91
960 91
961 50
962 58
963 75
964 83
965 91
966 91
967 50
968 58
969 67
970 83
971 91
972 91
973 50
974 58
975 67
976 75
977 83
978 91
979 91
980 50
981 67
982 75
983 83
984 91
985 91
986 50
987 58
988 75
989 83
990 91
991 91
992 50
993 58
994 67
995 83
996 91
997 91
998 50
999 58
