0 0
1 6
2 83
3 50
4 66
5 75
6 75
7 66
8 67
9 83
10 83
11 50
12 58
13 75
14 75
15 50
16 66
17 83
18 83
19 50
20 67
21 83
22 83
23 50
24 58
25 75
26 75
27 50
28 66
29 83
30 83
31 49
32 67
33 83
34 83
35 50
36 58
37 75
38 75
39 50
40 66
41 84
42 84
43 50
44 67
45 83
46 83
47 50
48 58
49 75
50 75
51 50
52 66
53 84
54 84
55 50
56 66
57 83
58 83
59 50
60 59
61 74
62 74
63 50
64 67
65 83
66 83
67 50
68 66
69 83
70 83
71 50
72 59
73 74
74 74
75 50
76 67
77 83
78 83
79 50
80 66
81 83
82 83
83 49
84 59
85 75
86 75
87 50
88 67
89 83
90 83
91 50
92 66
93 84
94 84
95 50
96 58
97 75
98 75
99 50
100 67
101 83
102 83
103 50
104 66
105 84
106 84
107 50
108 58
109 75
110 75
111 50
112 67
113 83
114 83
115 50
116 67
117 83
118 83
119 50
120 58
121 75
122 75
123 50
124 67
125 83
126 83
127 50
128 67
129 83
130 83
131 50
132 58
133 75
134 75
135 49
136 67
137 83
138 83
139 50
140 67
141 83
142 83
143 50
144 58
145 75
146 75
147 50
148 66
149 83
150 83
151 50
152 67
153 83
154 83
155 50
156 75
157 75
158 75
159 50
160 66
161 83
162 83
163 50
164 67
165 83
166 83
167 50
168 75
169 75
170 75
171 50
172 66
173 83
174 83
175 50
176 67
177 83
178 83
179 50
180 75
181 75
182 75
183 50
184 66
185 84
186 84
187 49
188 67
189 83
190 83
191 50
192 75
193 75
194 75
195 50
196 66
197 84
198 84
199 50
200 66
201 83
202 83
203 50
204 75
205 75
206 75
207 50
208 66
209 84
210 84
211 50
212 66
213 83
214 83
215 50
216 74
217 74
218 74
219 50
220 67
221 83
222 83
223 50
224 66
225 83
226 83
227 50
228 75
229 75
230 75
231 50
232 67
233 83
234 83
235 50
236 66
237 84
238 84
239 49
240 75
241 75
242 75
243 50
244 67
245 83
246 83
247 50
248 66
249 84
250 84
251 50
252 75
253 75
254 75
255 50
256 67
257 83
258 83
259 50
260 66
261 84
262 67
263 50
264 75
265 75
266 75
267 50
268 67
269 83
270 83
271 50
272 67
273 83
274 67
275 50
276 75
277 75
278 75
279 50
280 67
281 83
282 83
283 50
284 67
285 83
286 67
287 50
288 75
289 75
290 75
291 49
292 67
293 83
294 83
295 50
296 67
297 83
298 67
299 50
300 75
301 75
302 75
303 50
304 66
305 83
306 83
307 50
308 67
309 83
310 67
311 58
312 75
313 75
314 67
315 50
316 83
317 83
318 83
319 50
320 67
321 83
322 66
323 58
324 75
325 75
326 67
327 50
328 83
329 83
330 83
331 50
332 67
333 83
334 66
335 58
336 75
337 75
338 67
339 50
340 84
341 84
342 84
343 49
344 67
345 83
346 66
347 58
348 75
349 75
350 67
351 50
352 84
353 84
354 84
355 50
356 66
357 83
358 66
359 59
360 74
361 74
362 67
363 50
364 83
365 83
366 50
367 50
368 83
369 83
370 66
371 59
372 74
373 74
374 66
375 50
376 83
377 83
378 50
379 50
380 83
381 83
382 67
383 59
384 75
385 75
386 66
387 50
388 83
389 83
390 50
391 50
392 84
393 84
394 67
395 58
396 75
397 75
398 66
399 50
400 83
401 83
402 50
403 50
404 84
405 84
406 67
407 58
408 75
409 75
410 66
411 50
412 83
413 83
414 50
415 50
416 83
417 83
418 67
419 58
420 75
421 75
422 66
423 67
424 83
425 83
426 50
427 50
428 83
429 83
430 67
431 58
432 75
433 75
434 67
435 67
436 83
437 83
438 50
439 50
440 83
441 83
442 67
443 58
444 75
445 75
446 67
447 66
448 83
449 83
450 50
451 50
452 83
453 83
454 67
455 58
456 75
457 75
458 67
459 66
460 83
461 83
462 50
463 50
464 83
465 83
466 66
467 58
468 75
469 75
470 67
471 66
472 83
473 83
474 49
475 67
476 83
477 83
478 66
479 58
480 75
481 75
482 67
483 66
484 84
485 84
486 50
487 67
488 83
489 83
490 66
491 58
492 75
493 75
494 67
495 66
496 84
497 84
498 50
499 66
500 83
501 83
502 66
503 58
504 75
505 75
506 67
507 66
508 84
509 84
510 50
511 66
512 83
513 83
514 66
515 59
516 74
517 74
518 66
519 67
520 83
521 83
522 50
523 66
524 83
525 83
526 66
527 59
528 75
529 75
530 66
531 67
532 83
533 83
534 50
535 66
536 84
537 84
538 67
539 59
540 75
541 75
542 66
543 67
544 83
545 83
546 50
547 66
548 84
549 84
550 67
551 58
552 75
553 75
554 66
555 67
556 83
557 83
558 50
559 66
560 84
561 84
562 67
563 58
564 75
565 75
566 66
567 67
568 83
569 83
570 50
571 67
572 83
573 83
574 50
575 58
576 75
577 75
578 66
579 67
580 83
581 83
582 50
583 67
584 83
585 83
586 50
587 58
588 75
589 75
590 67
591 67
592 83
593 83
594 50
595 67
596 83
597 83
598 50
599 58
600 75
601 75
602 67
603 66
604 83
605 83
606 50
607 67
608 83
609 83
610 50
611 58
612 75
613 75
614 67
615 66
616 83
617 83
618 50
619 67
620 83
621 83
622 50
623 58
624 75
625 75
626 50
627 66
628 83
629 83
630 49
631 67
632 83
633 83
634 50
635 58
636 75
637 75
638 50
639 66
640 84
641 84
642 50
643 67
644 83
645 83
646 50
647 58
648 75
649 75
650 50
651 66
652 84
653 84
654 50
655 66
656 83
657 83
658 50
659 59
660 74
661 74
662 50
663 67
664 83
665 83
666 50
667 66
668 83
669 83
670 50
671 59
672 74
673 74
674 50
675 67
676 83
677 83
678 50
679 66
680 83
681 83
682 49
683 59
684 75
685 75
686 50
687 67
688 83
689 83
690 50
691 66
692 84
693 84
694 50
695 58
696 75
697 75
698 50
699 67
700 83
701 83
702 50
703 66
704 84
705 84
706 50
707 58
708 75
709 75
710 50
711 67
712 83
713 83
714 50
715 67
716 83
717 83
718 50
719 58
720 75
721 75
722 50
723 67
724 83
725 83
726 50
727 67
728 83
729 83
730 50
731 58
732 75
733 75
734 49
735 67
736 83
737 83
738 50
739 67
740 83
741 83
742 50
743 58
744 75
745 75
746 50
747 66
748 83
749 83
750 50
751 67
752 83
753 83
754 50
755 58
756 75
757 75
758 50
759 66
760 83
761 83
762 50
763 67
764 83
765 83
766 50
767 58
768 75
769 75
770 50
771 66
772 83
773 83
774 50
775 67
776 83
777 83
778 50
779 75
780 75
781 75
782 50
783 66
784 84
785 84
786 49
787 67
788 83
789 83
790 50
791 75
792 75
793 75
794 50
795 66
796 84
797 84
798 50
799 66
800 83
801 83
802 50
803 75
804 75
805 75
806 50
807 66
808 84
809 84
810 50
811 66
812 83
813 83
814 50
815 74
816 74
817 74
818 50
819 67
820 83
821 83
822 50
823 66
824 83
825 83
826 50
827 75
828 75
829 75
830 50
831 67
832 83
833 83
834 50
835 66
836 84
837 84
838 49
839 75
840 75
841 75
842 50
843 67
844 83
845 83
846 50
847 66
848 84
849 84
850 50
851 75
852 75
853 75
854 50
855 67
856 83
857 83
858 50
859 66
860 84
861 84
862 50
863 75
864 75
865 75
866 50
867 67
868 83
869 83
870 50
871 67
872 83
873 83
874 50
875 75
876 75
877 75
878 50
879 67
880 83
881 83
882 50
883 67
884 83
885 67
886 50
887 75
888 75
889 75
890 49
891 67
892 83
893 83
894 50
895 67
896 83
897 67
898 50
899 75
900 75
901 75
902 50
903 66
904 83
905 83
906 50
907 67
908 83
909 67
910 50
911 75
912 75
913 75
914 50
915 66
916 83
917 83
918 50
919 67
920 83
921 66
922 50
923 75
924 75
925 75
926 50
927 66
928 83
929 83
930 50
931 67
932 83
933 66
934 58
935 75
936 75
937 67
938 50
939 84
940 84
941 84
942 49
943 67
944 83
945 66
946 58
947 75
948 75
949 67
950 50
951 84
952 84
953 84
954 50
955 66
956 83
957 66
958 59
959 74
960 74
961 67
962 50
963 83
964 83
965 83
966 50
967 66
968 83
969 66
970 59
971 74
972 74
973 66
974 50
975 83
976 83
977 83
978 50
979 66
980 83
981 67
982 59
983 75
984 75
985 66
986 50
987 83
988 83
989 50
990 50
991 84
992 84
993 67
994 58
995 75
996 75
997 66
998 50
999 83
