0 0
1 6
2 84
3 58
4 66
5 84
6 84
7 50
8 66
9 84
10 84
11 67
12 59
13 75
14 75
15 66
16 67
17 83
18 83
19 50
20 66
21 84
22 84
23 67
24 58
25 75
26 75
27 66
28 67
29 83
30 83
31 50
32 66
33 84
34 84
35 67
36 58
37 75
38 75
39 66
40 67
41 83
42 83
43 50
44 67
45 83
46 83
47 67
48 58
49 75
50 75
51 66
52 67
53 83
54 83
55 50
56 67
57 83
58 83
59 50
60 58
61 75
62 75
63 67
64 67
65 83
66 83
67 50
68 67
69 83
70 83
71 50
72 58
73 75
74 75
75 67
76 66
77 83
78 83
79 50
80 67
81 83
82 83
83 50
84 58
85 75
86 75
87 67
88 66
89 83
90 83
91 50
92 67
93 83
94 83
95 50
96 58
97 75
98 75
99 67
100 66
101 83
102 83
103 49
104 67
105 83
106 83
107 50
108 58
109 75
110 75
111 50
112 66
113 84
114 84
115 50
116 67
117 83
118 83
119 50
120 58
121 75
122 75
123 50
124 66
125 84
126 84
127 50
128 66
129 83
130 83
131 50
132 59
133 74
134 74
135 50
136 67
137 83
138 83
139 50
140 66
141 83
142 83
143 50
144 59
145 74
146 74
147 50
148 67
149 83
150 83
151 50
152 66
153 83
154 83
155 49
156 59
157 75
158 75
159 50
160 67
161 83
162 83
163 50
164 66
165 84
166 84
167 50
168 58
169 75
170 75
171 50
172 67
173 83
174 83
175 50
176 66
177 84
178 84
179 50
180 58
181 75
182 75
183 50
184 67
185 83
186 83
187 50
188 67
189 83
190 83
191 50
192 58
193 75
194 75
195 50
196 67
197 83
198 83
199 50
200 67
201 83
202 83
203 50
204 58
205 75
206 75
207 49
208 67
209 83
210 83
211 50
212 67
213 83
214 83
215 50
216 58
217 75
218 75
219 50
220 66
221 83
222 83
223 50
224 67
225 83
226 83
227 50
228 58
229 75
230 75
231 50
232 66
233 83
234 83
235 50
236 67
237 83
238 83
239 50
240 58
241 75
242 75
243 50
244 66
245 83
246 83
247 50
248 67
249 83
250 83
251 50
252 58
253 75
254 75
255 50
256 66
257 84
258 84
259 49
260 67
261 83
262 83
263 50
264 75
265 75
266 75
267 50
268 66
269 84
270 84
271 50
272 66
273 83
274 83
275 50
276 75
277 75
278 75
279 50
280 66
281 84
282 84
283 50
284 66
285 83
286 83
287 50
288 74
289 74
290 74
291 50
292 67
293 83
294 83
295 50
296 66
297 83
298 83
299 50
300 75
301 75
302 75
303 50
304 67
305 83
306 83
307 50
308 66
309 84
310 84
311 49
312 75
313 75
314 75
315 50
316 67
317 83
318 83
319 50
320 66
321 84
322 84
323 50
324 75
325 75
326 75
327 50
328 67
329 83
330 83
331 50
332 66
333 84
334 84
335 50
336 75
337 75
338 75
339 50
340 67
341 83
342 83
343 50
344 67
345 83
346 83
347 50
348 75
349 75
350 75
351 50
352 67
353 83
354 83
355 50
356 67
357 83
358 83
359 50
360 75
361 75
362 75
363 49
364 67
365 83
366 83
367 50
368 67
369 83
370 67
371 50
372 75
373 75
374 75
375 50
376 66
377 83
378 83
379 50
380 67
381 83
382 67
383 50
384 75
385 75
386 75
387 50
388 66
389 83
390 83
391 50
392 67
393 83
394 66
395 50
396 75
397 75
398 75
399 50
400 66
401 83
402 83
403 50
404 67
405 83
406 66
407 50
408 75
409 75
410 75
411 50
412 84
413 84
414 84
415 49
416 67
417 83
418 66
419 58
420 75
421 75
422 67
423 50
424 84
425 84
426 84
427 50
428 66
429 83
430 66
431 59
432 74
433 74
434 67
435 50
436 83
437 83
438 83
439 50
440 66
441 83
442 66
443 59
444 74
445 74
446 66
447 50
448 83
449 83
450 83
451 50
452 66
453 83
454 67
455 59
456 75
457 75
458 66
459 50
460 83
461 83
462 83
463 50
464 84
465 84
466 67
467 58
468 75
469 75
470 66
471 50
472 83
473 83
474 50
475 50
476 84
477 84
478 67
479 58
480 75
481 75
482 66
483 50
484 83
485 83
486 50
487 50
488 83
489 83
490 67
491 58
492 75
493 75
494 66
495 50
496 83
497 83
498 50
499 50
500 83
501 83
502 67
503 58
504 75
505 75
506 67
507 49
508 83
509 83
510 50
511 50
512 83
513 83
514 67
515 58
516 75
517 75
518 67
519 66
520 83
521 83
522 50
523 50
524 83
525 83
526 67
527 58
528 75
529 75
530 67
531 66
532 83
533 83
534 50
535 50
536 83
537 83
538 66
539 58
540 75
541 75
542 67
543 66
544 83
545 83
546 49
547 50
548 83
549 83
550 66
551 58
552 75
553 75
554 67
555 66
556 84
557 84
558 50
559 49
560 83
561 83
562 66
563 58
564 75
565 75
566 67
567 66
568 84
569 84
570 50
571 66
572 83
573 83
574 66
575 58
576 75
577 75
578 67
579 66
580 84
581 84
582 50
583 66
584 83
585 83
586 66
587 59
588 74
589 74
590 66
591 67
592 83
593 83
594 50
595 66
596 83
597 83
598 66
599 59
600 75
601 75
602 66
603 67
604 83
605 83
606 50
607 66
608 84
609 84
610 67
611 59
612 75
613 75
614 66
615 67
616 83
617 83
618 50
619 66
620 84
621 84
622 67
623 58
624 75
625 75
626 66
627 67
628 83
629 83
630 50
631 66
632 84
633 84
634 67
635 58
636 75
637 75
638 66
639 67
640 83
641 83
642 50
643 67
644 83
645 83
646 67
647 58
648 75
649 75
650 66
651 67
652 83
653 83
654 50
655 67
656 83
657 83
658 67
659 58
660 75
661 75
662 67
663 67
664 83
665 83
666 50
667 67
668 83
669 83
670 67
671 58
672 75
673 75
674 67
675 66
676 83
677 83
678 50
679 67
680 83
681 83
682 50
683 58
684 75
685 75
686 67
687 66
688 83
689 83
690 50
691 67
692 83
693 83
694 50
695 58
696 75
697 75
698 67
699 66
700 83
701 83
702 49
703 67
704 83
705 83
706 50
707 58
708 75
709 75
710 67
711 66
712 84
713 84
714 50
715 67
716 83
717 83
718 50
719 58
720 75
721 75
722 67
723 66
724 84
725 84
726 50
727 66
728 83
729 83
730 50
731 59
732 74
733 74
734 50
735 67
736 83
737 83
738 50
739 66
740 83
741 83
742 50
743 59
744 74
745 74
746 50
747 67
748 83
749 83
750 50
751 66
752 83
753 83
754 49
755 59
756 75
757 75
758 50
759 67
760 83
761 83
762 50
763 66
764 84
765 84
766 50
767 58
768 75
769 75
770 50
771 67
772 83
773 83
774 50
775 66
776 84
777 84
778 50
779 58
780 75
781 75
782 50
783 67
784 83
785 83
786 50
787 67
788 83
789 83
790 50
791 58
792 75
793 75
794 50
795 67
796 83
797 83
798 50
799 67
800 83
801 83
802 50
803 58
804 75
805 75
806 49
807 67
808 83
809 83
810 50
811 67
812 83
813 83
814 50
815 58
816 75
817 75
818 50
819 66
820 83
821 83
822 50
823 67
824 83
825 83
826 50
827 58
828 75
829 75
830 50
831 66
832 83
833 83
834 50
835 67
836 83
837 83
838 50
839 58
840 75
841 75
842 50
843 66
844 83
845 83
846 50
847 67
848 83
849 83
850 50
851 58
852 75
853 75
854 50
855 66
856 84
857 84
858 49
859 67
860 83
861 83
862 50
863 58
864 75
865 75
866 50
867 66
868 84
869 84
870 50
871 66
872 83
873 83
874 50
875 58
876 75
877 75
878 50
879 66
880 84
881 84
882 50
883 66
884 83
885 83
886 50
887 74
888 74
889 74
890 50
891 67
892 83
893 83
894 50
895 66
896 83
897 83
898 50
899 75
900 75
901 75
902 50
903 67
904 83
905 83
906 50
907 66
908 84
909 84
910 49
911 75
912 75
913 75
914 50
915 67
916 83
917 83
918 50
919 66
920 84
921 84
922 50
923 75
924 75
925 75
926 50
927 67
928 83
929 83
930 50
931 66
932 84
933 84
934 50
935 75
936 75
937 75
938 50
939 67
940 83
941 83
942 50
943 67
944 83
945 83
946 50
947 75
948 75
949 75
950 50
951 67
952 83
953 83
954 50
955 67
956 83
957 83
958 50
959 75
960 75
961 75
962 49
963 67
964 83
965 83
966 50
967 67
968 83
969 83
970 50
971 75
972 75
973 75
974 50
975 66
976 83
977 83
978 50
979 67
980 83
981 83
982 50
983 75
984 75
985 75
986 50
987 66
988 83
989 83
990 50
991 67
992 83
993 66
994 50
995 75
996 75
997 75
998 50
999 66
