0 1.0
1 1.6
2 3.1068979999999997
3 3.6922700000000006
4 5.029039
5 6.109032000000001
6 3.000662
7 3.318229
8 4.979623999999999
9 6.065963999999999
10 5.873851
11 4.529415999999999
12 2.998646
13 5.031423000000001
14 6.344492
15 3.3225059999999997
16 4.529988
17 6.435199
18 5.121358000000001
19 4.762204
20 2.4761919999999997
21 4.820607
22 6.146230000000001
23 4.964112
24 4.683580000000001
25 3.8737369999999998
26 4.3914100000000005
27 5.612957
28 5.0241880000000005
29 2.563955
30 4.044751
31 5.965529
32 5.105018000000001
33 4.762204
34 1.889999
35 4.291703
36 4.206224000000001
37 5.524141999999999
38 5.3854120000000005
39 3.9787790000000003
40 4.401260000000001
41 4.424773
42 6.02602
43 3.033245
44 4.298461
45 4.3013390000000005
46 5.805017000000001
47 5.441069
48 2.4877460000000005
49 4.995609
50 6.194385999999999
51 7.301543
52 4.318720000000001
53 3.6973569999999993
54 5.609111000000001
55 5.762774
56 7.0376069999999995
57 1.776276
58 4.023833000000001
59 5.737845000000001
60 6.732989999999999
61 5.611236
62 1.699999
63 4.0023480000000005
64 5.637220000000001
65 6.699575
66 4.56981
67 3.3253190000000004
68 3.8959950000000005
69 4.045503999999999
70 5.605269999999999
71 2.662349
72 4.393777
73 5.813633000000001
74 5.376648
75 6.445888999999999
76 2.259289
77 4.779518
78 5.961662
79 5.3118490000000005
80 5.296323
81 3.9022440000000005
82 5.722082
83 5.789257999999999
84 7.241835
85 1.6362539999999999
86 3.917269
87 5.617983000000001
88 6.746647
89 7.644769000000001
90 2.17577
91 3.476213
92 5.283046000000001
93 6.473865999999999
94 4.1059
95 2.751131
96 4.951748
97 6.425112999999999
98 7.361196
99 1.0
100 3.5666640000000003
101 4.983374
102 5.866356999999999
103 5.632243999999999
104 2.917403
105 4.92772
106 6.096348999999999
107 4.2462539999999995
108 2.165903
109 3.247288
110 5.167606000000001
111 6.509583999999999
112 5.404103999999999
113 2.924338
114 4.768092000000001
115 4.925032
116 6.104308000000001
117 7.325062
118 1.914301
119 4.215165000000001
120 5.737855000000001
121 6.9450009999999995
122 4.141641
123 1.6
124 3.9920790000000013
125 5.741031
126 6.719470999999999
127 3.5832590000000004
128 3.622438
129 5.4157910000000005
130 6.509103999999999
131 6.222847999999999
132 1.5
133 3.690188
134 5.173550000000001
135 6.208345
136 2.21256
137 3.391223
138 5.121602
139 5.175893
140 6.140804999999999
141 2.1491569999999998
142 4.1036600000000005
143 5.499401000000001
144 6.54114
145 5.517066
146 3.0276889999999996
147 3.8857800000000005
148 5.221065
149 6.6025849999999995
150 3.763841
151 4.9591780000000005
152 4.3098909999999995
153 6.160849000000001
154 7.190267
155 2.91727
156 4.635401
157 4.296367000000001
158 5.729515999999999
159 6.840286000000001
160 3.833692
161 3.905976
162 5.437053000000001
163 6.747434
164 2.723516
165 2.348684
166 4.10759
167 5.470925000000001
168 6.444188999999999
169 1.9982199999999999
170 4.132917999999999
171 5.6255
172 5.278285000000001
173 6.562314000000001
174 2.313173
175 4.601177
176 5.767443999999999
177 6.858144999999999
178 3.857788
179 3.5914
180 4.080637
181 5.851032000000001
182 6.797820999999999
183 3.7462229999999996
184 5.614129000000001
185 4.412048
186 6.080106000000001
187 7.193763
188 3.075909
189 5.506932000000001
190 4.262078
191 6.039826
192 3.249391
193 4.501542
194 4.208933999999999
195 5.761298000000001
196 5.616451
197 3.009431
198 4.89919
199 4.1828710000000004
200 5.5969180000000005
201 5.286983
202 3.5318669999999996
203 4.524416
204 4.484403
205 6.102233
206 3.101013
207 2.605346
208 4.857718
209 6.083151000000001
210 7.060478999999999
211 3.9311279999999997
212 2.815044
213 4.881591
214 5.890098
215 5.6200339999999995
216 4.329517
217 6.096894000000001
218 4.797992
219 6.4617260000000005
220 2.406586
221 4.013374000000001
222 5.961202999999999
223 4.699829000000001
224 5.991944999999999
225 3.158034
226 5.206188
227 4.584228
228 4.351552000000001
229 4.616542999999999
230 3.7151759999999996
231 5.344049
232 4.556401
233 6.033995
234 2.992343
235 4.164833
236 3.5633879999999998
237 5.051431000000001
238 6.072328999999998
239 3.086966
240 3.3228880000000003
241 5.028157
242 6.087584
243 5.8757150000000005
244 3.3186550000000006
245 3.198646
246 5.031423000000001
247 6.332211000000001
248 3.3006079999999995
249 4.5103279999999994
250 6.4263189999999994
251 5.113218000000001
252 4.776974999999999
253 2.3761919999999996
254 4.845823000000001
255 6.103413000000001
256 4.941314
257 4.57978
258 3.779567
259 5.567126
260 5.602544
261 4.662204
262 2.3691560000000003
263 4.263033
264 5.858484
265 4.888118
266 5.8081059999999995
267 2.964535
268 3.840461
269 3.5718419999999993
270 5.387752000000001
271 5.058210000000001
272 3.6559809999999997
273 5.327863000000001
274 5.422834
275 6.575265999999999
276 3.4506889999999997
277 3.945071
278 3.8984360000000002
279 5.361803
280 6.298505999999999
281 3.333582
282 5.415536
283 6.598034
284 7.692938
285 3.3672200000000005
286 3.245355
287 5.170034000000001
288 6.53673
289 7.419937999999999
290 2.28904
291 4.310539
292 6.033916
293 5.716629999999999
294 5.024628999999999
295 2.3498349999999997
296 4.664707
297 5.886851
298 6.905399
299 4.75333
300 3.483609
301 3.918699000000001
302 4.378387
303 5.668457999999999
304 2.6791780000000003
305 4.420933000000001
306 5.819422
307 5.363148000000001
308 6.433418999999999
309 2.459289
310 4.830871
311 5.9094180000000005
312 5.2805789999999995
313 2.810968
314 3.7865740000000003
315 5.677358000000001
316 7.049498
317 6.708951999999999
318 1.516667
319 3.9224100000000006
320 5.577534
321 6.670388000000001
322 7.5281590000000005
323 2.26907
324 4.8367640000000005
325 4.842547000000001
326 6.477356
327 1.622412
328 2.626582
329 4.922052000000001
330 6.360868
331 7.253756
332 2.15995
333 3.099997
334 4.781591000000001
335 5.762187
336 5.506047
337 2.7956450000000004
338 4.8748190000000005
339 6.040297
340 5.398214
341 1.7659030000000002
342 2.9709640000000004
343 5.0930930000000005
344 6.394143
345 5.281063
346 2.804788
347 4.659152000000001
348 6.068952
349 5.804308000000002
350 7.00265
351 1.8082930000000002
352 4.110607
353 5.631854
354 6.839528
355 4.031921
356 2.83583
357 3.759274
358 5.449969
359 6.599051999999999
360 3.489716
361 3.567842
362 5.294151000000001
363 6.432061999999999
364 7.402991
365 1.2
366 3.498646
367 5.169029
368 6.208447999999999
369 2.107844
370 3.478463
371 5.158465999999999
372 6.410987
373 4.462204
374 1.77
375 4.040986999999999
376 5.451107
377 6.499879999999999
378 5.4534199999999995
379 2.9163590000000004
380 5.172383000000001
381 5.118588
382 6.171002
383 3.664213
384 4.840492
385 4.228005999999999
386 6.064309999999999
387 7.125260999999999
388 4.0285
389 3.6513980000000004
390 3.8322680000000005
391 5.657154
392 6.71987
393 3.7165
394 3.7911569999999997
395 5.3240430000000005
396 6.658954
397 3.8307739999999995
398 1.8
399 3.9641969999999995
400 5.348700000000001
401 6.325633999999999
402 1.882331
403 4.046561
404 5.528650000000001
405 6.485963000000001
406 5.437626
407 2.182883
408 4.477056999999999
409 5.702064
410 6.756617
411 3.743018
412 3.552776
413 5.373617
414 5.318149000000001
415 6.680867999999999
416 3.620118
417 5.547735000000001
418 4.293913000000001
419 6.0205210000000005
420 5.929705
421 4.673306
422 4.974048999999999
423 4.270425
424 5.987353000000001
425 3.1916740000000003
426 4.459413
427 4.233828
428 5.763147000000001
429 6.854107999999999
430 2.492764
431 4.807125999999999
432 4.35468
433 5.490231000000001
434 5.167674
435 3.715257
436 4.5377160000000005
437 5.75577
438 5.661065000000001
439 2.9786010000000003
440 2.789078
441 4.755872999999999
442 6.025285000000001
443 6.942908999999998
444 3.8236879999999998
445 3.974994000000001
446 4.381591
447 5.667686000000001
448 5.532598
449 4.217201
450 5.975136000000001
451 4.679442
452 6.353546
453 3.5585459999999998
454 3.6133740000000003
455 5.638790999999999
456 4.607940000000001
457 5.891274999999999
458 3.0349929999999996
459 5.112223
460 4.495075
461 5.543921999999999
462 4.316542999999999
463 3.3927639999999997
464 5.286067
465 4.54143
466 5.95494
467 2.871763
468 4.355113
469 4.785582
470 4.751431000000001
471 5.816621999999999
472 2.984483
473 3.400515
474 5.0147710000000005
475 6.074476
476 5.809957000000001
477 4.499067999999999
478 2.9466720000000004
479 4.935503
480 6.272219999999999
481 3.207065
482 4.849925000000001
483 6.436843999999999
484 5.010848
485 5.919435999999999
486 2.237158
487 4.541941
488 6.008859000000001
489 4.852034000000001
490 4.775064
491 3.7187240000000004
492 5.455796000000001
493 6.740409000000001
494 4.762204
495 1.972568
496 4.163386000000001
497 5.7700119999999995
498 4.782220000000001
499 5.694336
500 2.879898
501 4.951691
502 4.663241999999999
503 4.923653
504 4.917736
505 3.5355649999999996
506 5.2106710000000005
507 5.308014999999999
508 6.462255999999999
509 3.362209
510 5.036471000000001
511 3.349752
512 5.218410000000001
513 6.176280999999999
514 3.415027
515 5.354693
516 6.522237999999999
517 7.675859999999998
518 2.783205
519 2.712472
520 5.085152000000001
521 6.483709999999999
522 7.2999659999999995
523 2.172043
524 4.353114000000001
525 6.011142000000001
526 6.900239999999999
527 4.491746
528 2.432882
529 4.648694
530 5.852329
531 5.118297
532 2.27978
533 3.3861090000000003
534 5.197052000000001
535 3.9166040000000004
536 5.565086999999999
537 2.638086
538 4.409890000000002
539 5.772513999999999
540 5.255968
541 6.419704
542 3.6350589999999996
543 4.325511
544 5.789831000000001
545 5.168666
546 2.688003
547 3.7266259999999996
548 5.592464
549 6.969538
550 7.876841999999999
551 1.0
552 3.799998000000001
553 5.461266
554 6.545839000000001
555 7.407647
556 2.1515
557 4.729324
558 6.002497000000001
559 5.992462999999999
560 1.4
561 2.6224119999999997
562 4.817446000000001
563 6.23911
564 7.135205999999999
565 2.05177
566 4.311957000000001
567 4.381591
568 5.473242999999999
569 5.458471
570 2.6802040000000003
571 4.828533
572 6.016858000000001
573 5.38292
574 2.9098230000000003
575 2.892847
576 4.926782999999999
577 6.357059
578 5.376505
579 2.731582
580 4.598572000000002
581 5.959232
582 7.016083
583 6.797578
584 1.5
585 4.392528
586 5.692233999999999
587 6.849490999999999
588 3.9593289999999994
589 2.8342
590 4.967143
591 5.201662000000001
592 6.354003999999999
593 1.593882
594 3.4742990000000007
595 5.1894350000000005
596 6.372627
597 7.307252
598 2.3276899999999996
599 3.498646
600 4.775147
601 6.073303999999999
602 2.00183
603 3.3737470000000003
604 5.035735999999998
605 6.318897
606 5.581694
607 1.57
608 3.5618300000000005
609 5.313376
610 6.381193999999999
611 4.755717000000001
612 2.802589
613 5.060223000000001
614 6.247592999999999
615 7.262402
616 3.200114
617 4.766684
618 4.171552
619 5.947117999999999
620 7.010441999999999
621 3.9154900000000006
622 3.6179640000000006
623 4.923668000000001
624 5.141026000000001
625 5.392867000000001
626 3.9942750000000005
627 3.6726020000000004
628 5.349872
629 6.626737
630 3.7648619999999995
631 3.058066
632 3.5633879999999998
633 5.30841
634 6.266286999999999
635 1.762359
636 3.957087
637 5.413880000000001
638 6.396951000000001
639 6.029431000000001
640 2.17
641 4.4333610000000006
642 5.646666999999999
643 6.693340000000001
644 1.8720430000000001
645 3.546445
646 5.298820999999999
647 6.556883999999999
648 6.193305999999999
649 3.516747
650 5.4682400000000015
651 4.1828710000000004
652 5.958784
653 5.848139000000001
654 4.59489
655 6.149818999999999
656 3.737542
657 5.8677660000000005
658 3.063483
659 4.336448
660 4.114519
661 5.646537
662 6.747408
663 3.6606539999999996
664 4.316044000000001
665 4.252055
666 5.389821
667 5.043125
668 3.5947450000000005
669 4.468172
670 5.701167
671 6.851229000000001
672 2.4786010000000003
673 2.866666
674 4.716476
675 5.899088000000001
676 6.850693
677 3.7051380000000003
678 4.037984
679 5.573125000000002
680 5.366338000000001
681 5.226464
682 4.152548
683 5.9077210000000004
684 4.664363
685 6.294423999999999
686 3.449606
687 5.201265
688 5.425155
689 4.285528000000001
690 5.890037999999999
691 2.9897959999999997
692 5.179838999999999
693 4.394282
694 5.484404
695 5.524412
696 3.092764
697 4.977773999999999
698 4.453797
699 5.876503999999999
700 2.757167
701 4.343353
702 4.683952
703 5.8872610000000005
704 5.562709999999999
705 2.7264729999999995
706 3.2800960000000003
707 4.952046
708 5.95988
709 5.706253
710 4.388558
711 4.074362000000001
712 4.635503
713 5.8783379999999985
714 3.071921
715 4.743911000000001
716 6.332128
717 4.888118
718 5.8081059999999995
719 3.456648
720 4.341941
721 5.567786000000001
722 4.761519
723 3.4727680000000007
724 3.6128259999999996
725 5.387434000000001
726 6.681574
727 5.873434
728 3.063968
729 3.8326189999999998
730 5.712053999999999
731 4.661804000000001
732 5.577144
733 2.990664
734 4.948773000000001
735 4.812846
736 6.172739
737 2.001832
738 3.392172
739 5.1338539999999995
740 5.26056
741 6.346366999999999
742 3.2483289999999996
743 5.120866000000001
744 4.623668
745 4.685527
746 6.114102999999998
747 3.3426
748 5.289766999999999
749 6.443980000000001
750 7.577368
751 2.38611
752 3.967592
753 4.600652999999999
754 6.366757
755 7.187442999999999
756 2.062359
757 4.2934030000000005
758 5.9048120000000015
759 6.80274
760 5.675355999999999
761 1.899999
762 4.545323
763 5.73798
764 4.996857
765 2.161645
766 3.2704390000000005
767 5.112653
768 5.092374
769 5.032203999999998
770 2.518499
771 4.311699
772 5.649549
773 5.170127000000001
774 6.317864999999999
775 3.5283590000000005
776 5.570156
777 5.369275
778 5.124042
779 2.571735
780 3.8020769999999997
781 5.611185999999999
782 6.920891999999999
783 7.781181999999999
784 2.15995
785 3.3849980000000004
786 5.274011999999999
787 6.503257
788 7.340534
789 2.029742
790 4.789869000000001
791 6.065339999999999
792 7.222962
793 1.0
794 2.7
795 4.907973
796 6.1925930000000005
797 7.056478
798 1.9322200000000003
799 4.203017000000001
800 5.525511
801 5.173242999999999
802 5.3008299999999995
803 2.574196
804 4.812206000000001
805 5.912268999999999
806 5.26234
807 2.808923
808 4.080533000000001
809 4.660518999999999
810 6.0487660000000005
811 5.370496999999999
812 2.663624
813 4.483976000000001
814 5.847472000000001
815 6.914453
816 7.933408
817 1.2
818 4.0986460000000005
819 5.589589999999999
820 6.755947999999999
821 3.844733
822 2.745893
823 4.877262
824 6.329352
825 6.054003999999999
826 1.2
827 3.394201
828 5.083421000000001
829 6.300467
830 6.0009120000000005
831 2.51636
832 4.618136000000002
833 4.686865
834 5.656023
835 1.8640990000000002
836 3.321727
837 5.0619119999999995
838 6.242230999999999
839 5.4695339999999995
840 2.750196
841 4.708276000000001
842 4.904933
843 6.318891000000001
844 4.043496
845 3.085397
846 5.007291
847 6.228526
848 7.235798
849 4.3290109999999995
850 1.866666
851 4.096271
852 5.8248929999999985
853 6.891887
854 3.799601
855 3.504084
856 4.826818
857 6.3971990000000005
858 4.859983999999999
859 3.908298
860 3.548482
861 5.2899
862 6.549314
863 3.674821
864 2.961216
865 4.754788
866 4.775527000000001
867 6.149334
868 1.6498359999999999
869 3.847403
870 5.3061430000000005
871 6.306479
872 5.9319310000000005
873 3.3536099999999998
874 3.9244910000000006
875 5.546945000000001
876 6.567234999999999
877 1.7506030000000004
878 3.5283100000000003
879 5.226333
880 6.450894
881 7.398618000000001
882 2.983864
883 5.4898229999999995
884 4.094253999999999
885 5.934471
886 5.72883
887 4.47828
888 6.091145
889 5.1133939999999996
890 5.411526999999999
891 2.975533
892 4.6201799999999995
893 4.076334
894 5.5260250000000015
895 6.6593800000000005
896 3.603416
897 5.6215790000000005
898 3.7718419999999995
899 5.250203000000001
900 4.938954999999999
901 2.314301
902 4.346414
903 5.715978999999999
904 6.773263
905 3.630561
906 2.566666
907 4.415655
908 5.867229
909 6.735252
910 3.5820969999999996
911 3.9184340000000004
912 5.4641850000000005
913 6.510258
914 4.95902
915 3.8437539999999997
916 5.8017129999999995
917 4.559805
918 6.181062999999999
919 3.3388060000000004
920 5.100365
921 6.569075
922 3.985528000000001
923 5.581745
924 2.9837879999999997
925 5.086296
926 4.298728
927 5.388113
928 5.422782
929 4.228593999999999
930 4.7231819999999995
931 4.1810540000000005
932 5.756085
933 2.663624
934 4.328756
935 4.624199
936 5.776751
937 6.6903999999999995
938 2.626473
939 2.996306
940 4.854986000000001
941 5.972959999999999
942 3.2690690000000004
943 4.265828
944 4.00844
945 5.9086620000000005
946 5.678337999999998
947 2.592764
948 4.782877000000001
949 6.332330000000001
950 4.782220000000001
951 5.994335999999999
952 3.503039
953 5.563263
954 6.699047
955 4.346254
956 2.248683
957 3.4924099999999996
958 5.320444
959 6.584529999999999
960 5.7604239999999995
961 3.052243
962 4.979144
963 5.163369999999999
964 4.518411
965 5.454918999999999
966 2.923279
967 4.832884000000001
968 4.798966
969 6.106707
970 3.193232
971 2.859289
972 5.003564
973 5.1364399999999995
974 6.237991999999999
975 3.14162
976 5.045356000000001
977 4.5268180000000005
978 5.893661
979 5.581219999999999
980 3.225647
981 5.2028289999999995
982 6.390833
983 7.531560999999999
984 2.27978
985 4.062302
986 5.899484
987 5.885567000000002
988 7.0704899999999995
989 1.936254
990 4.231963
991 5.786677
992 6.7205379999999995
993 5.62845
994 3.075769
995 4.1147800000000005
996 5.766006999999999
997 4.962312
998 2.0386800000000003
999 3.3511300000000004
