0 1
1 1
2 2.9
3 4.56988
4 5.75491
5 6.5768
6 7.70809
7 9.03185
8 10.0839
9 11.1258
10 12.1603
11 12.959
12 2
13 6.93882
14 8.26582
15 9.29742
16 10.3222
17 11.342
18 12.3583
19 1
20 4
21 7.49836
22 8.96692
23 10.1256
24 11.1636
25 12.1949
26 1
27 2
28 7.22412
29 8.73956
30 10.0259
31 11.1636
32 12.1949
33 1
34 2
35 7.22412
36 8.73956
37 10.0259
38 11.1636
39 12.1949
40 1
41 2
42 7.22412
43 8.73956
44 10.0259
45 11.1636
46 12.1949
47 1
48 2
49 7.08293
50 8.3868
51 9.51131
52 10.515
53 11.5177
54 12.5196
55 1
56 6
57 7.76276
58 9.07844
59 10.1256
60 11.1636
61 12.1949
62 1
63 2
64 7.22412
65 8.73956
66 10.0259
67 11.2532
68 1
69 3
70 6.73066
71 8.33774
72 9.67822
73 10.8528
74 11.9112
75 12.8824
76 1
77 6.64099
78 8.26582
79 9.61645
80 10.7978
81 11.8611
82 12.8361
83 1
84 6.32883
85 7.36254
86 8.50603
87 9.61645
88 10.7044
89 11.7762
90 12.7577
91 1
92 6.16667
93 7.22412
94 8.3868
95 9.51131
96 10.6101
97 11.6907
98 12.6789
99 1
100 6
101 7.22412
102 8.26582
103 9.40498
104 10.515
105 11.6045
106 12.5995
107 1
108 5
109 7.22412
110 8.14301
111 9.29742
112 10.419
113 11.5177
114 12.5196
115 1
116 4
117 7.22412
118 8.14301
119 9.18859
120 10.3222
121 11.4302
122 12.4392
123 1
124 4
125 7.08293
126 8.14301
127 9.07844
128 10.2244
129 11.342
130 12.3583
131 1
132 4
133 6.93882
134 8.14301
135 9.07844
136 10.1256
137 11.2532
138 12.2769
139 1
140 3
141 6.79157
142 8.0183
143 9.07844
144 10.1256
145 11.2532
146 12.2769
147 1
148 3
149 6.79157
150 8.0183
151 9.07844
152 10.0259
153 11.1636
154 12.1949
155 1
156 2
157 6.64099
158 7.89158
159 8.96692
160 10.0259
161 11.0733
162 12.1123
163 12.914
164 2
165 6.48684
166 7.76276
167 8.85398
168 9.92511
169 10.9822
170 12.0292
171 12.914
172 1
173 6.32883
174 7.63173
175 8.73956
176 9.82331
177 10.8904
178 11.9455
179 12.914
180 1
181 6.32883
182 7.49836
183 8.62359
184 9.72043
185 10.7978
186 11.8611
187 12.8361
188 1
189 6.32883
190 7.36254
191 8.50603
192 9.61645
193 10.7044
194 11.7762
195 12.7577
196 1
197 6.16667
198 7.36254
199 8.50603
200 9.61645
201 10.7044
202 11.7762
203 12.7577
204 1
205 6.16667
206 7.22412
207 8.3868
208 9.51131
209 10.6101
210 11.6907
211 12.6789
212 1
213 6
214 7.22412
215 8.26582
216 9.40498
217 10.515
218 11.6045
219 12.5995
220 1
221 5
222 7.22412
223 8.14301
224 9.29742
225 10.419
226 11.5177
227 12.5196
228 1
229 4
230 7.22412
231 8.14301
232 9.18859
233 10.3222
234 11.4302
235 12.4392
236 1
237 4
238 7.08293
239 8.14301
240 9.07844
241 10.2244
242 11.342
243 12.3583
244 1
245 4
246 6.93882
247 8.14301
248 9.07844
249 10.1256
250 11.2532
251 12.2769
252 1
253 3
254 6.93882
255 8.14301
256 9.07844
257 10.1256
258 11.2532
259 12.2769
260 1
261 3
262 6.79157
263 8.0183
264 9.07844
265 10.0259
266 11.1636
267 12.1949
268 1
269 2
270 6.64099
271 7.89158
272 8.96692
273 10.0259
274 11.0733
275 12.1123
276 12.914
277 2
278 6.48684
279 7.76276
280 8.85398
281 9.92511
282 10.9822
283 12.0292
284 12.914
285 1
286 6.32883
287 7.63173
288 8.73956
289 9.82331
290 10.8904
291 11.9455
292 12.914
293 1
294 6.32883
295 7.49836
296 8.62359
297 9.72043
298 10.7978
299 11.8611
300 12.8361
301 1
302 6.32883
303 7.36254
304 8.50603
305 9.61645
306 10.7044
307 11.7762
308 12.7577
309 1
310 6.32883
311 7.36254
312 8.50603
313 9.61645
314 10.7044
315 11.7762
316 12.7577
317 1
318 6.16667
319 7.22412
320 8.3868
321 9.51131
322 10.6101
323 11.6907
324 12.6789
325 1
326 6
327 7.22412
328 8.26582
329 9.40498
330 10.515
331 11.6045
332 12.5995
333 1
334 5
335 7.22412
336 8.14301
337 9.29742
338 10.419
339 11.5177
340 12.5196
341 1
342 4
343 7.22412
344 8.14301
345 9.18859
346 10.3222
347 11.4302
348 12.4392
349 1
350 4
351 7.08293
352 8.14301
353 9.07844
354 10.2244
355 11.342
356 12.3583
357 1
358 4
359 6.93882
360 8.14301
361 9.07844
362 10.1256
363 11.2532
364 12.3583
365 1
366 4
367 6.93882
368 8.14301
369 9.07844
370 10.1256
371 11.2532
372 12.2769
373 1
374 3
375 6.79157
376 8.0183
377 9.07844
378 10.0259
379 11.1636
380 12.1949
381 1
382 2
383 6.64099
384 7.89158
385 8.96692
386 10.0259
387 11.0733
388 12.1123
389 12.914
390 2
391 6.48684
392 7.76276
393 8.85398
394 9.92511
395 10.9822
396 12.0292
397 12.914
398 1
399 6.32883
400 7.63173
401 8.73956
402 9.82331
403 10.8904
404 11.9455
405 12.914
406 1
407 6.32883
408 7.49836
409 8.62359
410 9.72043
411 10.7978
412 11.8611
413 12.8361
414 1
415 6.32883
416 7.36254
417 8.50603
418 9.61645
419 10.7044
420 11.8611
421 12.8361
422 1
423 6.32883
424 7.36254
425 8.50603
426 9.61645
427 10.7044
428 11.7762
429 12.7577
430 1
431 6.16667
432 7.22412
433 8.3868
434 9.51131
435 10.6101
436 11.6907
437 12.6789
438 1
439 6
440 7.22412
441 8.26582
442 9.40498
443 10.515
444 11.6045
445 12.5995
446 1
447 5
448 7.22412
449 8.14301
450 9.29742
451 10.419
452 11.5177
453 12.5196
454 1
455 4
456 7.22412
457 8.14301
458 9.18859
459 10.3222
460 11.4302
461 12.4392
462 1
463 4
464 7.08293
465 8.14301
466 9.07844
467 10.2244
468 11.342
469 12.3583
470 1
471 4
472 6.93882
473 8.14301
474 9.07844
475 10.2244
476 11.342
477 12.3583
478 1
479 4
480 6.93882
481 8.14301
482 9.07844
483 10.1256
484 11.2532
485 12.2769
486 1
487 3
488 6.79157
489 8.0183
490 9.07844
491 10.0259
492 11.1636
493 12.1949
494 1
495 2
496 6.64099
497 7.89158
498 8.96692
499 10.0259
500 11.0733
501 12.1123
502 12.914
503 2
504 6.48684
505 7.76276
506 8.85398
507 9.92511
508 10.9822
509 12.0292
510 12.914
511 1
512 6.32883
513 7.63173
514 8.73956
515 9.82331
516 10.8904
517 11.9455
518 12.914
519 1
520 6.32883
521 7.49836
522 8.62359
523 9.72043
524 10.7978
525 11.8611
526 12.8361
527 1
528 6.32883
529 7.36254
530 8.50603
531 9.72043
532 10.7978
533 11.8611
534 12.8361
535 1
536 6.32883
537 7.36254
538 8.50603
539 9.61645
540 10.7044
541 11.7762
542 12.7577
543 1
544 6.16667
545 7.22412
546 8.3868
547 9.51131
548 10.6101
549 11.6907
550 12.6789
551 1
552 6
553 7.22412
554 8.26582
555 9.40498
556 10.515
557 11.6045
558 12.5995
559 1
560 5
561 7.22412
562 8.14301
563 9.29742
564 10.419
565 11.5177
566 12.5196
567 1
568 4
569 7.22412
570 8.14301
571 9.18859
572 10.3222
573 11.4302
574 12.4392
575 1
576 4
577 7.08293
578 8.14301
579 9.07844
580 10.2244
581 11.342
582 12.3583
583 1
584 4
585 6.93882
586 8.14301
587 9.07844
588 10.2244
589 11.342
590 12.3583
591 1
592 4
593 6.93882
594 8.14301
595 9.07844
596 10.1256
597 11.2532
598 12.2769
599 1
600 3
601 6.79157
602 8.0183
603 9.07844
604 10.0259
605 11.1636
606 12.1949
607 1
608 2
609 6.64099
610 7.89158
611 8.96692
612 10.0259
613 11.0733
614 12.1123
615 12.914
616 2
617 6.48684
618 7.76276
619 8.85398
620 9.92511
621 10.9822
622 12.0292
623 12.914
624 1
625 6.32883
626 7.63173
627 8.73956
628 9.82331
629 10.8904
630 11.9455
631 12.914
632 1
633 6.32883
634 7.49836
635 8.62359
636 9.72043
637 10.7978
638 11.8611
639 12.8361
640 1
641 6.32883
642 7.49836
643 8.62359
644 9.72043
645 10.7978
646 11.8611
647 12.8361
648 1
649 6.32883
650 7.36254
651 8.50603
652 9.61645
653 10.7044
654 11.7762
655 12.7577
656 1
657 6.16667
658 7.22412
659 8.3868
660 9.51131
661 10.6101
662 11.6907
663 12.6789
664 1
665 6
666 7.22412
667 8.26582
668 9.40498
669 10.515
670 11.6045
671 12.5995
672 1
673 5
674 7.22412
675 8.14301
676 9.29742
677 10.419
678 11.5177
679 12.5196
680 1
681 4
682 7.22412
683 8.14301
684 9.18859
685 10.3222
686 11.4302
687 12.4392
688 1
689 4
690 7.08293
691 8.14301
692 9.07844
693 10.2244
694 11.342
695 12.3583
696 1
697 4
698 7.08293
699 8.14301
700 9.07844
701 10.2244
702 11.342
703 12.3583
704 1
705 4
706 6.93882
707 8.14301
708 9.07844
709 10.1256
710 11.2532
711 12.2769
712 1
713 3
714 6.79157
715 8.0183
716 9.07844
717 10.0259
718 11.1636
719 12.1949
720 1
721 2
722 6.64099
723 7.89158
724 8.96692
725 10.0259
726 11.0733
727 12.1123
728 12.914
729 2
730 6.48684
731 7.76276
732 8.85398
733 9.92511
734 10.9822
735 12.0292
736 12.914
737 1
738 6.32883
739 7.63173
740 8.73956
741 9.82331
742 10.8904
743 11.9455
744 12.914
745 1
746 6.32883
747 7.49836
748 8.62359
749 9.72043
750 10.7978
751 11.8611
752 12.914
753 1
754 6.32883
755 7.49836
756 8.62359
757 9.72043
758 10.7978
759 11.8611
760 12.8361
761 1
762 6.32883
763 7.36254
764 8.50603
765 9.61645
766 10.7044
767 11.7762
768 12.7577
769 1
770 6.16667
771 7.22412
772 8.3868
773 9.51131
774 10.6101
775 11.6907
776 12.6789
777 1
778 6
779 7.22412
780 8.26582
781 9.40498
782 10.515
783 11.6045
784 12.5995
785 1
786 5
787 7.22412
788 8.14301
789 9.29742
790 10.419
791 11.5177
792 12.5196
793 1
794 4
795 7.22412
796 8.14301
797 9.18859
798 10.3222
799 11.4302
800 12.4392
801 1
802 4
803 7.08293
804 8.14301
805 9.07844
806 10.2244
807 11.4302
808 12.4392
809 1
810 4
811 7.08293
812 8.14301
813 9.07844
814 10.2244
815 11.342
816 12.3583
817 1
818 4
819 6.93882
820 8.14301
821 9.07844
822 10.1256
823 11.2532
824 12.2769
825 1
826 3
827 6.79157
828 8.0183
829 9.07844
830 10.0259
831 11.1636
832 12.1949
833 1
834 2
835 6.64099
836 7.89158
837 8.96692
838 10.0259
839 11.0733
840 12.1123
841 12.914
842 2
843 6.48684
844 7.76276
845 8.85398
846 9.92511
847 10.9822
848 12.0292
849 12.914
850 1
851 6.32883
852 7.63173
853 8.73956
854 9.82331
855 10.8904
856 11.9455
857 12.914
858 1
859 6.32883
860 7.49836
861 8.62359
862 9.72043
863 10.8904
864 11.9455
865 12.914
866 1
867 6.32883
868 7.49836
869 8.62359
870 9.72043
871 10.7978
872 11.8611
873 12.8361
874 1
875 6.32883
876 7.36254
877 8.50603
878 9.61645
879 10.7044
880 11.7762
881 12.7577
882 1
883 6.16667
884 7.22412
885 8.3868
886 9.51131
887 10.6101
888 11.6907
889 12.6789
890 1
891 6
892 7.22412
893 8.26582
894 9.40498
895 10.515
896 11.6045
897 12.5995
898 1
899 5
900 7.22412
901 8.14301
902 9.29742
903 10.419
904 11.5177
905 12.5196
906 1
907 4
908 7.22412
909 8.14301
910 9.18859
911 10.3222
912 11.4302
913 12.4392
914 1
915 4
916 7.08293
917 8.14301
918 9.18859
919 10.3222
920 11.4302
921 12.4392
922 1
923 4
924 7.08293
925 8.14301
926 9.07844
927 10.2244
928 11.342
929 12.3583
930 1
931 4
932 6.93882
933 8.14301
934 9.07844
935 10.1256
936 11.2532
937 12.2769
938 1
939 3
940 6.79157
941 8.0183
942 9.07844
943 10.0259
944 11.1636
945 12.1949
946 1
947 2
948 6.64099
949 7.89158
950 8.96692
951 10.0259
952 11.0733
953 12.1123
954 12.914
955 2
956 6.48684
957 7.76276
958 8.85398
959 9.92511
960 10.9822
961 12.0292
962 12.914
963 1
964 6.32883
965 7.63173
966 8.73956
967 9.82331
968 10.8904
969 11.9455
970 12.914
971 1
972 6.32883
973 7.49836
974 8.73956
975 9.82331
976 10.8904
977 11.9455
978 12.914
979 1
980 6.32883
981 7.49836
982 8.62359
983 9.72043
984 10.7978
985 11.8611
986 12.8361
987 1
988 6.32883
989 7.36254
990 8.50603
991 9.61645
992 10.7044
993 11.7762
994 12.7577
995 1
996 6.16667
997 7.22412
998 8.3868
999 9.51131
