0 1
1 2
2 3.24483
3 4.33944
4 5.75491
5 6.87746
6 1
7 3.33333
8 5.05378
9 5.97588
10 6.91805
11 2
12 4.16441
13 5.44207
14 6.61927
15 1
16 2
17 4.63158
18 5.97588
19 6.77034
20 1
21 3.33333
22 5.05378
23 5.97588
24 6.91805
25 2
26 4.16441
27 5.44207
28 6.61927
29 1
30 2
31 4.63158
32 5.97588
33 6.77034
34 1
35 3.33333
36 5.05378
37 5.97588
38 6.91805
39 2
40 4.16441
41 5.44207
42 6.61927
43 1
44 2
45 4.63158
46 5.97588
47 6.77034
48 1
49 3.33333
50 5.05378
51 5.97588
52 6.91805
53 2
54 4.16441
55 5.62582
56 6.77034
57 1
58 3
59 4.84749
60 5.97588
61 6.77034
62 1
63 3.63333
64 5.05378
65 6.14322
66 6.91805
67 2
68 4.16441
69 5.62582
70 6.77034
71 1
72 3
73 4.84749
74 5.97588
75 6.77034
76 1
77 3.63333
78 5.05378
79 6.14322
80 6.91805
81 2
82 4.16441
83 5.62582
84 6.77034
85 1
86 3
87 4.84749
88 5.97588
89 6.77034
90 1
91 3.63333
92 5.05378
93 6.14322
94 6.91805
95 2
96 4.16441
97 5.62582
98 6.77034
99 1
100 3
101 4.84749
102 5.97588
103 6.77034
104 1
105 3.90856
106 5.05378
107 6.306
108 1
109 2
110 4.16441
111 5.80357
112 6.77034
113 1
114 3.33333
115 5.05378
116 5.97588
117 6.77034
118 1
119 3.90856
120 5.05378
121 6.306
122 1
123 2
124 4.16441
125 5.80357
126 6.77034
127 1
128 3.33333
129 5.05378
130 5.97588
131 6.77034
132 1
133 3.90856
134 5.05378
135 6.306
136 1
137 2
138 4.16441
139 5.80357
140 6.77034
141 1
142 3.33333
143 5.05378
144 5.97588
145 6.77034
146 1
147 3.90856
148 5.05378
149 6.306
150 1
151 2
152 4.16441
153 5.80357
154 6.77034
155 1
156 3.33333
157 5.05378
158 5.97588
159 6.91805
160 1
161 4.16441
162 5.25165
163 6.46458
164 1
165 2
166 4.40454
167 5.97588
168 6.77034
169 1
170 3.33333
171 5.05378
172 5.97588
173 6.91805
174 1
175 4.16441
176 5.25165
177 6.46458
178 1
179 2
180 4.40454
181 5.97588
182 6.77034
183 1
184 3.33333
185 5.05378
186 5.97588
187 6.91805
188 1
189 4.16441
190 5.25165
191 6.46458
192 1
193 2
194 4.40454
195 5.97588
196 6.77034
197 1
198 3.33333
199 5.05378
200 5.97588
201 6.91805
202 1
203 4.16441
204 5.25165
205 6.46458
206 1
207 2
208 4.40454
209 5.97588
210 6.77034
211 1
212 3.33333
213 5.05378
214 5.97588
215 6.91805
216 2
217 4.16441
218 5.44207
219 6.61927
220 1
221 2
222 4.63158
223 5.97588
224 6.77034
225 1
226 3.33333
227 5.05378
228 5.97588
229 6.91805
230 2
231 4.16441
232 5.44207
233 6.61927
234 1
235 2
236 4.63158
237 5.97588
238 6.77034
239 1
240 3.33333
241 5.05378
242 5.97588
243 6.91805
244 2
245 4.16441
246 5.44207
247 6.61927
248 1
249 2
250 4.63158
251 5.97588
252 6.77034
253 1
254 3.33333
255 5.05378
256 5.97588
257 6.91805
258 2
259 4.16441
260 5.44207
261 6.77034
262 1
263 3
264 4.84749
265 5.97588
266 6.77034
267 1
268 3.63333
269 5.05378
270 6.14322
271 6.91805
272 2
273 4.16441
274 5.62582
275 6.77034
276 1
277 3
278 4.84749
279 5.97588
280 6.77034
281 1
282 3.63333
283 5.05378
284 6.14322
285 6.91805
286 2
287 4.16441
288 5.62582
289 6.77034
290 1
291 3
292 4.84749
293 5.97588
294 6.77034
295 1
296 3.63333
297 5.05378
298 6.14322
299 6.91805
300 2
301 4.16441
302 5.62582
303 6.77034
304 1
305 3
306 4.84749
307 5.97588
308 6.77034
309 1
310 3.63333
311 5.05378
312 6.14322
313 1
314 2
315 4.16441
316 5.80357
317 6.77034
318 1
319 3.33333
320 5.05378
321 5.97588
322 6.77034
323 1
324 3.90856
325 5.05378
326 6.306
327 1
328 2
329 4.16441
330 5.80357
331 6.77034
332 1
333 3.33333
334 5.05378
335 5.97588
336 6.77034
337 1
338 3.90856
339 5.05378
340 6.306
341 1
342 2
343 4.16441
344 5.80357
345 6.77034
346 1
347 3.33333
348 5.05378
349 5.97588
350 6.77034
351 1
352 3.90856
353 5.05378
354 6.306
355 1
356 2
357 4.16441
358 5.80357
359 6.77034
360 1
361 3.33333
362 5.05378
363 5.97588
364 6.77034
365 1
366 4.16441
367 5.25165
368 6.46458
369 1
370 2
371 4.40454
372 5.97588
373 6.77034
374 1
375 3.33333
376 5.05378
377 5.97588
378 6.91805
379 1
380 4.16441
381 5.25165
382 6.46458
383 1
384 2
385 4.40454
386 5.97588
387 6.77034
388 1
389 3.33333
390 5.05378
391 5.97588
392 6.91805
393 1
394 4.16441
395 5.25165
396 6.46458
397 1
398 2
399 4.40454
400 5.97588
401 6.77034
402 1
403 3.33333
404 5.05378
405 5.97588
406 6.91805
407 1
408 4.16441
409 5.25165
410 6.46458
411 1
412 2
413 4.40454
414 5.97588
415 6.77034
416 1
417 3.33333
418 5.05378
419 5.97588
420 6.91805
421 2
422 4.16441
423 5.44207
424 6.61927
425 1
426 2
427 4.63158
428 5.97588
429 6.77034
430 1
431 3.33333
432 5.05378
433 5.97588
434 6.91805
435 2
436 4.16441
437 5.44207
438 6.61927
439 1
440 2
441 4.63158
442 5.97588
443 6.77034
444 1
445 3.33333
446 5.05378
447 5.97588
448 6.91805
449 2
450 4.16441
451 5.44207
452 6.61927
453 1
454 2
455 4.63158
456 5.97588
457 6.77034
458 1
459 3.33333
460 5.05378
461 5.97588
462 6.91805
463 2
464 4.16441
465 5.44207
466 6.61927
467 1
468 2
469 4.84749
470 5.97588
471 6.77034
472 1
473 3.63333
474 5.05378
475 6.14322
476 6.91805
477 2
478 4.16441
479 5.62582
480 6.77034
481 1
482 3
483 4.84749
484 5.97588
485 6.77034
486 1
487 3.63333
488 5.05378
489 6.14322
490 6.91805
491 2
492 4.16441
493 5.62582
494 6.77034
495 1
496 3
497 4.84749
498 5.97588
499 6.77034
500 1
501 3.63333
502 5.05378
503 6.14322
504 6.91805
505 2
506 4.16441
507 5.62582
508 6.77034
509 1
510 3
511 4.84749
512 5.97588
513 6.77034
514 1
515 3.63333
516 5.05378
517 6.14322
518 6.91805
519 2
520 4.16441
521 5.80357
522 6.77034
523 1
524 3.33333
525 5.05378
526 5.97588
527 6.77034
528 1
529 3.90856
530 5.05378
531 6.306
532 1
533 2
534 4.16441
535 5.80357
536 6.77034
537 1
538 3.33333
539 5.05378
540 5.97588
541 6.77034
542 1
543 3.90856
544 5.05378
545 6.306
546 1
547 2
548 4.16441
549 5.80357
550 6.77034
551 1
552 3.33333
553 5.05378
554 5.97588
555 6.77034
556 1
557 3.90856
558 5.05378
559 6.306
560 1
561 2
562 4.16441
563 5.80357
564 6.77034
565 1
566 3.33333
567 5.05378
568 5.97588
569 6.77034
570 1
571 3.90856
572 5.05378
573 6.46458
574 1
575 2
576 4.40454
577 5.97588
578 6.77034
579 1
580 3.33333
581 5.05378
582 5.97588
583 6.91805
584 1
585 4.16441
586 5.25165
587 6.46458
588 1
589 2
590 4.40454
591 5.97588
592 6.77034
593 1
594 3.33333
595 5.05378
596 5.97588
597 6.91805
598 1
599 4.16441
600 5.25165
601 6.46458
602 1
603 2
604 4.40454
605 5.97588
606 6.77034
607 1
608 3.33333
609 5.05378
610 5.97588
611 6.91805
612 1
613 4.16441
614 5.25165
615 6.46458
616 1
617 2
618 4.40454
619 5.97588
620 6.77034
621 1
622 3.33333
623 5.05378
624 5.97588
625 6.91805
626 2
627 4.16441
628 5.44207
629 6.61927
630 1
631 2
632 4.63158
633 5.97588
634 6.77034
635 1
636 3.33333
637 5.05378
638 5.97588
639 6.91805
640 2
641 4.16441
642 5.44207
643 6.61927
644 1
645 2
646 4.63158
647 5.97588
648 6.77034
649 1
650 3.33333
651 5.05378
652 5.97588
653 6.91805
654 2
655 4.16441
656 5.44207
657 6.61927
658 1
659 2
660 4.63158
661 5.97588
662 6.77034
663 1
664 3.33333
665 5.05378
666 5.97588
667 6.91805
668 2
669 4.16441
670 5.44207
671 6.61927
672 1
673 2
674 4.63158
675 5.97588
676 6.77034
677 1
678 3.63333
679 5.05378
680 6.14322
681 6.91805
682 2
683 4.16441
684 5.62582
685 6.77034
686 1
687 3
688 4.84749
689 5.97588
690 6.77034
691 1
692 3.63333
693 5.05378
694 6.14322
695 6.91805
696 2
697 4.16441
698 5.62582
699 6.77034
700 1
701 3
702 4.84749
703 5.97588
704 6.77034
705 1
706 3.63333
707 5.05378
708 6.14322
709 6.91805
710 2
711 4.16441
712 5.62582
713 6.77034
714 1
715 3
716 4.84749
717 5.97588
718 6.77034
719 1
720 3.63333
721 5.05378
722 6.14322
723 6.91805
724 2
725 4.16441
726 5.62582
727 6.77034
728 1
729 3.33333
730 5.05378
731 5.97588
732 6.77034
733 1
734 3.90856
735 5.05378
736 6.306
737 1
738 2
739 4.16441
740 5.80357
741 6.77034
742 1
743 3.33333
744 5.05378
745 5.97588
746 6.77034
747 1
748 3.90856
749 5.05378
750 6.306
751 1
752 2
753 4.16441
754 5.80357
755 6.77034
756 1
757 3.33333
758 5.05378
759 5.97588
760 6.77034
761 1
762 3.90856
763 5.05378
764 6.306
765 1
766 2
767 4.16441
768 5.80357
769 6.77034
770 1
771 3.33333
772 5.05378
773 5.97588
774 6.77034
775 1
776 3.90856
777 5.05378
778 6.306
779 1
780 2
781 4.40454
782 5.97588
783 6.77034
784 1
785 3.33333
786 5.05378
787 5.97588
788 6.91805
789 1
790 4.16441
791 5.25165
792 6.46458
793 1
794 2
795 4.40454
796 5.97588
797 6.77034
798 1
799 3.33333
800 5.05378
801 5.97588
802 6.91805
803 1
804 4.16441
805 5.25165
806 6.46458
807 1
808 2
809 4.40454
810 5.97588
811 6.77034
812 1
813 3.33333
814 5.05378
815 5.97588
816 6.91805
817 1
818 4.16441
819 5.25165
820 6.46458
821 1
822 2
823 4.40454
824 5.97588
825 6.77034
826 1
827 3.33333
828 5.05378
829 5.97588
830 6.91805
831 1
832 4.16441
833 5.44207
834 6.61927
835 1
836 2
837 4.63158
838 5.97588
839 6.77034
840 1
841 3.33333
842 5.05378
843 5.97588
844 6.91805
845 2
846 4.16441
847 5.44207
848 6.61927
849 1
850 2
851 4.63158
852 5.97588
853 6.77034
854 1
855 3.33333
856 5.05378
857 5.97588
858 6.91805
859 2
860 4.16441
861 5.44207
862 6.61927
863 1
864 2
865 4.63158
866 5.97588
867 6.77034
868 1
869 3.33333
870 5.05378
871 5.97588
872 6.91805
873 2
874 4.16441
875 5.44207
876 6.61927
877 1
878 2
879 4.63158
880 5.97588
881 6.77034
882 1
883 3.33333
884 5.05378
885 6.14322
886 6.91805
887 2
888 4.16441
889 5.62582
890 6.77034
891 1
892 3
893 4.84749
894 5.97588
895 6.77034
896 1
897 3.63333
898 5.05378
899 6.14322
900 6.91805
901 2
902 4.16441
903 5.62582
904 6.77034
905 1
906 3
907 4.84749
908 5.97588
909 6.77034
910 1
911 3.63333
912 5.05378
913 6.14322
914 6.91805
915 2
916 4.16441
917 5.62582
918 6.77034
919 1
920 3
921 4.84749
922 5.97588
923 6.77034
924 1
925 3.63333
926 5.05378
927 6.14322
928 6.91805
929 2
930 4.16441
931 5.62582
932 6.77034
933 1
934 3
935 4.84749
936 5.97588
937 6.77034
938 1
939 3.90856
940 5.05378
941 6.306
942 1
943 2
944 4.16441
945 5.80357
946 6.77034
947 1
948 3.33333
949 5.05378
950 5.97588
951 6.77034
952 1
953 3.90856
954 5.05378
955 6.306
956 1
957 2
958 4.16441
959 5.80357
960 6.77034
961 1
962 3.33333
963 5.05378
964 5.97588
965 6.77034
966 1
967 3.90856
968 5.05378
969 6.306
970 1
971 2
972 4.16441
973 5.80357
974 6.77034
975 1
976 3.33333
977 5.05378
978 5.97588
979 6.77034
980 1
981 3.90856
982 5.05378
983 6.306
984 1
985 2
986 4.16441
987 5.80357
988 6.77034
989 1
990 3.33333
991 5.05378
992 5.97588
993 6.91805
994 1
995 4.16441
996 5.25165
997 6.46458
998 1
999 2
