0 1
1 1
2 2.9
3 1
4 2.9
5 4.33944
6 4.78871
7 1
8 2.9
9 4.33944
10 5.75491
11 6.87746
12 1
13 3.33333
14 5.05378
15 5.97588
16 6.77034
17 8.12537
18 1
19 2
20 4.92064
21 6.51909
22 7.3909
23 1
24 2
25 4.84749
26 5.97588
27 6.91805
28 1
29 3.63333
30 5.25165
31 6.61927
32 1
33 2
34 3.63333
35 4.84749
36 1
37 2.9
38 4.33944
39 5.19763
40 5.92867
41 2.9
42 4.33944
43 5.19763
44 6.09735
45 1
46 3.33333
47 4.16441
48 5.62582
49 6.77034
50 7.61288
51 8.72314
52 1
53 4.48529
54 6.03493
55 7.3909
56 7.91801
57 1
58 4.16441
59 5.80357
60 6.77034
61 1
62 3.33333
63 5.05378
64 6.14322
65 6.91805
66 2
67 3.33333
68 4.16441
69 1
70 2.9
71 4.09525
72 5.19763
73 5.92867
74 2
75 3.55301
76 5.19763
77 6.09735
78 6.87746
79 2
80 4.16441
81 5.05378
82 6.306
83 7.47918
84 8.48916
85 1
86 4
87 5.68862
88 6.96893
89 7.91801
90 1
91 3.63333
92 5.25165
93 6.61927
94 1
95 2
96 4.40454
97 5.97588
98 6.77034
99 1
100 3.33333
101 4.16441
102 4.84749
103 2
104 3.55301
105 4.56988
106 5.75491
107 1
108 3.55301
109 4.33944
110 5.75491
111 6.87746
112 1
113 3.90856
114 5.05378
115 5.97588
116 7.0626
117 8.36968
118 1
119 3
120 5.31903
121 6.51909
122 7.65907
123 1
124 3.33333
125 5.05378
126 6.14322
127 6.91805
128 2
129 4.16441
130 5.62582
131 6.77034
132 1
133 2
134 4.16441
135 4.84749
136 2
137 3.55301
138 4.33944
139 5.19763
140 5.92867
141 2.9
142 4.33944
143 5.19763
144 6.42106
145 1
146 3.33333
147 4.63158
148 5.97588
149 6.77034
150 7.87337
151 8.83778
152 2
153 4.92064
154 6.36191
155 7.3909
156 7.91801
157 2
158 4.40454
159 5.97588
160 6.77034
161 1
162 3.33333
163 5.05378
164 6.306
165 1
166 2
167 3.33333
168 4.63158
169 1
170 2.9
171 4.33944
172 5.19763
173 5.92867
174 2.5
175 4.09525
176 5.19763
177 6.09735
178 6.87746
179 3
180 4.16441
181 5.44207
182 6.61927
183 7.61288
184 8.60696
185 1
186 4.25
187 5.86441
188 7.25303
189 7.91801
190 1
191 4.16441
192 5.62582
193 6.77034
194 1
195 3
196 4.84749
197 5.97588
198 6.91805
199 1
200 3.33333
201 4.16441
202 4.84749
203 2.5
204 3.55301
205 4.99753
206 5.92867
207 1
208 3.55301
209 4.78871
210 6.09735
211 6.87746
212 2
213 4.16441
214 5.05378
215 5.97588
216 7.20419
217 8.48916
218 1
219 4
220 5.68862
221 6.82236
222 7.91801
223 1
224 3.33333
225 5.05378
226 6.46458
227 1
228 2
229 4.16441
230 5.97588
231 6.77034
232 1
233 3.33333
234 4.16441
235 4.84749
236 2
237 3.55301
238 4.33944
239 5.57555
240 1
241 3.24483
242 4.33944
243 5.57555
244 6.72885
245 1
246 3.33333
247 5.05378
248 5.97588
249 6.77034
250 8.12537
251 1
252 2
253 4.92064
254 6.51909
255 7.3909
256 1
257 2
258 4.84749
259 5.97588
260 6.91805
261 1
262 3.63333
263 5.25165
264 6.61927
265 1
266 2
267 3.63333
268 4.84749
269 1
270 3.24483
271 4.33944
272 5.19763
273 5.92867
274 2.9
275 4.33944
276 5.19763
277 6.26135
278 1
279 3.33333
280 4.40454
281 5.80357
282 6.77034
283 7.74424
284 8.83778
285 1
286 4.70824
287 6.20063
288 7.3909
289 7.91801
290 2
291 4.16441
292 5.97588
293 6.77034
294 1
295 3.33333
296 5.05378
297 6.14322
298 6.91805
299 2
300 3.33333
301 4.16441
302 1
303 2.9
304 4.09525
305 5.19763
306 5.92867
307 2
308 3.55301
309 5.19763
310 6.09735
311 6.87746
312 2
313 4.16441
314 5.05378
315 6.306
316 7.47918
317 8.48916
318 1
319 4
320 5.68862
321 7.11243
322 7.91801
323 1
324 3.90856
325 5.44207
326 6.77034
327 1
328 2
329 4.63158
330 5.97588
331 6.77034
332 1
333 3.33333
334 4.16441
335 4.84749
336 2
337 3.55301
338 4.78871
339 5.92867
340 1
341 3.55301
342 4.56988
343 5.92867
344 6.87746
345 1
346 3.90856
347 5.05378
348 5.97588
349 7.0626
350 8.36968
351 1
352 3
353 5.31903
354 6.51909
355 7.65907
356 1
357 3.33333
358 5.05378
359 6.14322
360 6.91805
361 2
362 4.16441
363 5.62582
364 6.77034
365 1
366 2
367 4.16441
368 4.84749
369 2
370 3.55301
371 4.33944
372 5.19763
373 1
374 2.9
375 4.33944
376 5.39003
377 6.5768
378 1
379 3.33333
380 4.84749
381 5.97588
382 6.77034
383 8.00038
384 8.83778
385 2
386 4.92064
387 6.51909
388 7.3909
389 1
390 2
391 4.63158
392 5.97588
393 6.77034
394 1
395 3.33333
396 5.05378
397 6.46458
398 1
399 2
400 3.33333
401 4.63158
402 1
403 2.9
404 4.33944
405 5.19763
406 5.92867
407 2.5
408 4.09525
409 5.19763
410 6.09735
411 6.87746
412 3
413 4.16441
414 5.44207
415 6.61927
416 7.61288
417 8.60696
418 1
419 4.25
420 5.86441
421 7.25303
422 7.91801
423 1
424 4.16441
425 5.80357
426 6.77034
427 1
428 3.33333
429 5.05378
430 5.97588
431 6.91805
432 2
433 3.33333
434 4.16441
435 4.84749
436 2.9
437 3.83446
438 5.19763
439 5.92867
440 2
441 3.55301
442 4.99753
443 6.09735
444 6.87746
445 2
446 4.16441
447 5.05378
448 6.14322
449 7.343
450 8.48916
451 1
452 4
453 5.68862
454 6.82236
455 7.91801
456 1
457 3.33333
458 5.05378
459 6.46458
460 1
461 2
462 4.16441
463 5.97588
464 6.77034
465 1
466 3.33333
467 4.16441
468 4.84749
469 2
470 3.55301
471 4.33944
472 5.57555
473 1
474 3.24483
475 4.33944
476 5.57555
477 6.87746
478 1
479 3.63333
480 5.05378
481 5.97588
482 6.91805
483 8.24844
484 1
485 2
486 5.12386
487 6.51909
488 7.5262
489 1
490 3
491 5.05378
492 5.97588
493 6.91805
494 2
495 3.90856
496 5.44207
497 6.77034
498 1
499 2
500 3.90856
501 4.84749
502 1
503 3.24483
504 4.33944
505 5.19763
506 5.92867
507 2.9
508 4.33944
509 5.19763
510 6.26135
511 1
512 3.33333
513 4.40454
514 5.80357
515 6.77034
516 7.74424
517 8.83778
518 1
519 4.70824
520 6.20063
521 7.3909
522 7.91801
523 2
524 4.16441
525 5.97588
526 6.77034
527 1
528 3.33333
529 5.05378
530 6.306
531 1
532 2
533 3.33333
534 4.40454
535 1
536 2.9
537 4.33944
538 5.19763
539 5.92867
540 2
541 3.83446
542 5.19763
543 6.09735
544 6.87746
545 2
546 4.16441
547 5.25165
548 6.46458
549 7.61288
550 8.48916
551 1
552 4
553 5.68862
554 7.11243
555 7.91801
556 1
557 3.90856
558 5.44207
559 6.77034
560 1
561 2
562 4.63158
563 5.97588
564 6.77034
565 1
566 3.33333
567 4.16441
568 4.84749
569 2
570 3.55301
571 4.78871
572 5.92867
573 1
574 3.55301
575 4.56988
576 5.92867
577 6.87746
578 1
579 3.90856
580 5.05378
581 5.97588
582 7.20419
583 8.48916
584 1
585 4
586 5.50703
587 6.67249
588 7.78963
589 1
590 3.33333
591 5.05378
592 6.306
593 1
594 2
595 4.16441
596 5.80357
597 6.77034
598 1
599 3
600 4.16441
601 4.84749
602 2
603 3.55301
604 4.33944
605 5.39003
606 1
607 2.9
608 4.33944
609 5.39003
610 6.5768
611 1
612 3.33333
613 4.84749
614 5.97588
615 6.77034
616 8.00038
617 8.83778
618 2
619 4.92064
620 6.51909
621 7.3909
622 1
623 2
624 4.63158
625 5.97588
626 6.77034
627 1
628 3.33333
629 5.05378
630 6.46458
631 1
632 2
633 3.63333
634 4.84749
635 1
636 2.9
637 4.33944
638 5.19763
639 5.92867
640 2.9
641 4.33944
642 5.19763
643 6.09735
644 1
645 3.33333
646 4.16441
647 5.62582
648 6.77034
649 7.61288
650 8.72314
651 1
652 4.48529
653 6.03493
654 7.3909
655 7.91801
656 1
657 4.16441
658 5.80357
659 6.77034
660 1
661 3.33333
662 5.05378
663 5.97588
664 6.91805
665 2
666 3.33333
667 4.16441
668 4.84749
669 2.9
670 3.83446
671 5.19763
672 5.92867
673 2
674 3.55301
675 4.99753
676 6.09735
677 6.87746
678 2
679 4.16441
680 5.05378
681 6.14322
682 7.343
683 8.48916
684 1
685 4
686 5.68862
687 6.96893
688 7.91801
689 1
690 3.63333
691 5.25165
692 6.61927
693 1
694 2
695 4.40454
696 5.97588
697 6.77034
698 1
699 3.33333
700 4.16441
701 4.84749
702 2
703 3.55301
704 4.56988
705 5.75491
706 1
707 3.55301
708 4.33944
709 5.75491
710 6.87746
711 1
712 3.63333
713 5.05378
714 5.97588
715 6.91805
716 8.24844
717 1
718 2
719 5.12386
720 6.51909
721 7.5262
722 1
723 3
724 5.05378
725 5.97588
726 6.91805
727 2
728 3.90856
729 5.44207
730 6.77034
731 1
732 2
733 3.90856
734 4.84749
735 1
736 3.24483
737 4.33944
738 5.19763
739 5.92867
740 2.9
741 4.33944
742 5.19763
743 6.42106
744 1
745 3.33333
746 4.63158
747 5.97588
748 6.77034
749 7.87337
750 8.83778
751 2
752 4.92064
753 6.36191
754 7.3909
755 7.91801
756 2
757 4.40454
758 5.97588
759 6.77034
760 1
761 3.33333
762 5.05378
763 6.306
764 1
765 2
766 3.33333
767 4.40454
768 1
769 2.9
770 4.33944
771 5.19763
772 5.92867
773 2
774 3.83446
775 5.19763
776 6.09735
777 6.87746
778 2
779 4.16441
780 5.25165
781 6.46458
782 7.61288
783 8.48916
784 1
785 4
786 5.68862
787 7.11243
788 7.91801
789 1
790 4.16441
791 5.62582
792 6.77034
793 1
794 3
795 4.84749
796 5.97588
797 6.91805
798 1
799 3.33333
800 4.16441
801 4.84749
802 2.5
803 3.55301
804 4.99753
805 5.92867
806 1
807 3.55301
808 4.78871
809 6.09735
810 6.87746
811 2
812 4.16441
813 5.05378
814 5.97588
815 7.20419
816 8.48916
817 1
818 4
819 5.50703
820 6.67249
821 7.78963
822 1
823 3.33333
824 5.05378
825 6.306
826 1
827 2
828 4.16441
829 5.80357
830 6.77034
831 1
832 3
833 4.16441
834 4.84749
835 2
836 3.55301
837 4.33944
838 5.39003
839 1
840 2.9
841 4.33944
842 5.57555
843 6.72885
844 1
845 3.33333
846 5.05378
847 5.97588
848 6.77034
849 8.12537
850 1
851 2
852 4.92064
853 6.51909
854 7.3909
855 1
856 2
857 4.84749
858 5.97588
859 6.91805
860 1
861 3.63333
862 5.25165
863 6.61927
864 1
865 2
866 3.63333
867 4.84749
868 1
869 2.9
870 4.33944
871 5.19763
872 5.92867
873 2.9
874 4.33944
875 5.19763
876 6.09735
877 1
878 3.33333
879 4.16441
880 5.62582
881 6.77034
882 7.61288
883 8.72314
884 1
885 4.48529
886 6.03493
887 7.3909
888 7.91801
889 1
890 4.16441
891 5.80357
892 6.77034
893 1
894 3.33333
895 5.05378
896 6.14322
897 6.91805
898 2
899 3.33333
900 4.16441
901 1
902 2.9
903 4.09525
904 5.19763
905 5.92867
906 2
907 3.55301
908 5.19763
909 6.09735
910 6.87746
911 2
912 4.16441
913 5.05378
914 6.306
915 7.47918
916 8.48916
917 1
918 4
919 5.68862
920 6.96893
921 7.91801
922 1
923 3.63333
924 5.25165
925 6.61927
926 1
927 2
928 4.40454
929 5.97588
930 6.77034
931 1
932 3.33333
933 4.16441
934 4.84749
935 2
936 3.55301
937 4.56988
938 5.75491
939 1
940 3.55301
941 4.33944
942 5.75491
943 6.87746
944 1
945 3.90856
946 5.05378
947 5.97588
948 7.0626
949 8.36968
950 1
951 3
952 5.31903
953 6.51909
954 7.65907
955 1
956 3.33333
957 5.05378
958 6.14322
959 6.91805
960 2
961 4.16441
962 5.62582
963 6.77034
964 1
965 2
966 4.16441
967 4.84749
968 2
969 3.55301
970 4.33944
971 5.19763
972 5.92867
973 2.9
974 4.33944
975 5.19763
976 6.42106
977 1
978 3.33333
979 4.63158
980 5.97588
981 6.77034
982 7.87337
983 8.83778
984 2
985 4.92064
986 6.36191
987 7.3909
988 7.91801
989 2
990 4.40454
991 5.97588
992 6.77034
993 1
994 3.33333
995 5.05378
996 6.306
997 1
998 2
999 3.33333
