0 1
1 2
2 3.24483
3 4.99753
4 5.75491
5 6.87746
6 1
7 3.90856
8 5.05378
9 6.306
10 1
11 2
12 4.16441
13 5.80357
14 6.77034
15 1
16 3.33333
17 5.05378
18 5.97588
19 6.77034
20 1
21 3.90856
22 5.05378
23 6.306
24 1
25 2
26 4.16441
27 5.80357
28 6.77034
29 1
30 3.33333
31 5.05378
32 5.97588
33 6.77034
34 1
35 3.90856
36 5.05378
37 6.306
38 1
39 2
40 4.16441
41 5.80357
42 6.77034
43 1
44 3.33333
45 5.05378
46 5.97588
47 6.91805
48 1
49 4.16441
50 5.25165
51 6.46458
52 1
53 2
54 4.40454
55 5.97588
56 6.77034
57 1
58 3.33333
59 5.05378
60 5.97588
61 6.91805
62 1
63 4.16441
64 5.25165
65 6.46458
66 1
67 2
68 4.40454
69 5.97588
70 6.77034
71 1
72 3.33333
73 5.05378
74 5.97588
75 6.91805
76 1
77 4.16441
78 5.25165
79 6.46458
80 1
81 2
82 4.40454
83 5.97588
84 6.77034
85 1
86 3.33333
87 5.05378
88 5.97588
89 6.91805
90 1
91 4.16441
92 5.25165
93 6.46458
94 1
95 2
96 4.40454
97 5.97588
98 6.77034
99 1
100 3.33333
101 5.05378
102 5.97588
103 6.91805
104 2
105 4.16441
106 5.44207
107 6.61927
108 1
109 2
110 4.63158
111 5.97588
112 6.77034
113 1
114 3.33333
115 5.05378
116 5.97588
117 6.91805
118 2
119 4.16441
120 5.44207
121 6.61927
122 1
123 2
124 4.63158
125 5.97588
126 6.77034
127 1
128 3.33333
129 5.05378
130 5.97588
131 6.91805
132 2
133 4.16441
134 5.44207
135 6.61927
136 1
137 2
138 4.63158
139 5.97588
140 6.77034
141 1
142 3.33333
143 5.05378
144 5.97588
145 6.91805
146 2
147 4.16441
148 5.44207
149 6.77034
150 1
151 3
152 4.84749
153 5.97588
154 6.77034
155 1
156 3.63333
157 5.05378
158 6.14322
159 6.91805
160 2
161 4.16441
162 5.62582
163 6.77034
164 1
165 3
166 4.84749
167 5.97588
168 6.77034
169 1
170 3.63333
171 5.05378
172 6.14322
173 6.91805
174 2
175 4.16441
176 5.62582
177 6.77034
178 1
179 3
180 4.84749
181 5.97588
182 6.77034
183 1
184 3.63333
185 5.05378
186 6.14322
187 6.91805
188 2
189 4.16441
190 5.62582
191 6.77034
192 1
193 3
194 4.84749
195 5.97588
196 6.77034
197 1
198 3.63333
199 5.05378
200 6.14322
201 1
202 2
203 4.16441
204 5.80357
205 6.77034
206 1
207 3.33333
208 5.05378
209 5.97588
210 6.77034
211 1
212 3.90856
213 5.05378
214 6.306
215 1
216 2
217 4.16441
218 5.80357
219 6.77034
220 1
221 3.33333
222 5.05378
223 5.97588
224 6.77034
225 1
226 3.90856
227 5.05378
228 6.306
229 1
230 2
231 4.16441
232 5.80357
233 6.77034
234 1
235 3.33333
236 5.05378
237 5.97588
238 6.77034
239 1
240 3.90856
241 5.05378
242 6.306
243 1
244 2
245 4.16441
246 5.80357
247 6.77034
248 1
249 3.33333
250 5.05378
251 5.97588
252 6.77034
253 1
254 4.16441
255 5.25165
256 6.46458
257 1
258 2
259 4.40454
260 5.97588
261 6.77034
262 1
263 3.33333
264 5.05378
265 5.97588
266 6.91805
267 1
268 4.16441
269 5.25165
270 6.46458
271 1
272 2
273 4.40454
274 5.97588
275 6.77034
276 1
277 3.33333
278 5.05378
279 5.97588
280 6.91805
281 1
282 4.16441
283 5.25165
284 6.46458
285 1
286 2
287 4.40454
288 5.97588
289 6.77034
290 1
291 3.33333
292 5.05378
293 5.97588
294 6.91805
295 1
296 4.16441
297 5.25165
298 6.46458
299 1
300 2
301 4.40454
302 5.97588
303 6.77034
304 1
305 3.33333
306 5.05378
307 5.97588
308 6.91805
309 2
310 4.16441
311 5.44207
312 6.61927
313 1
314 2
315 4.63158
316 5.97588
317 6.77034
318 1
319 3.33333
320 5.05378
321 5.97588
322 6.91805
323 2
324 4.16441
325 5.44207
326 6.61927
327 1
328 2
329 4.63158
330 5.97588
331 6.77034
332 1
333 3.33333
334 5.05378
335 5.97588
336 6.91805
337 2
338 4.16441
339 5.44207
340 6.61927
341 1
342 2
343 4.63158
344 5.97588
345 6.77034
346 1
347 3.33333
348 5.05378
349 5.97588
350 6.91805
351 2
352 4.16441
353 5.44207
354 6.61927
355 1
356 2
357 4.84749
358 5.97588
359 6.77034
360 1
361 3.63333
362 5.05378
363 6.14322
364 6.91805
365 2
366 4.16441
367 5.62582
368 6.77034
369 1
370 3
371 4.84749
372 5.97588
373 6.77034
374 1
375 3.63333
376 5.05378
377 6.14322
378 6.91805
379 2
380 4.16441
381 5.62582
382 6.77034
383 1
384 3
385 4.84749
386 5.97588
387 6.77034
388 1
389 3.63333
390 5.05378
391 6.14322
392 6.91805
393 2
394 4.16441
395 5.62582
396 6.77034
397 1
398 3
399 4.84749
400 5.97588
401 6.77034
402 1
403 3.63333
404 5.05378
405 6.14322
406 6.91805
407 2
408 4.16441
409 5.80357
410 6.77034
411 1
412 3.33333
413 5.05378
414 5.97588
415 6.77034
416 1
417 3.90856
418 5.05378
419 6.306
420 1
421 2
422 4.16441
423 5.80357
424 6.77034
425 1
426 3.33333
427 5.05378
428 5.97588
429 6.77034
430 1
431 3.90856
432 5.05378
433 6.306
434 1
435 2
436 4.16441
437 5.80357
438 6.77034
439 1
440 3.33333
441 5.05378
442 5.97588
443 6.77034
444 1
445 3.90856
446 5.05378
447 6.306
448 1
449 2
450 4.16441
451 5.80357
452 6.77034
453 1
454 3.33333
455 5.05378
456 5.97588
457 6.77034
458 1
459 3.90856
460 5.05378
461 6.46458
462 1
463 2
464 4.40454
465 5.97588
466 6.77034
467 1
468 3.33333
469 5.05378
470 5.97588
471 6.91805
472 1
473 4.16441
474 5.25165
475 6.46458
476 1
477 2
478 4.40454
479 5.97588
480 6.77034
481 1
482 3.33333
483 5.05378
484 5.97588
485 6.91805
486 1
487 4.16441
488 5.25165
489 6.46458
490 1
491 2
492 4.40454
493 5.97588
494 6.77034
495 1
496 3.33333
497 5.05378
498 5.97588
499 6.91805
500 1
501 4.16441
502 5.25165
503 6.46458
504 1
505 2
506 4.40454
507 5.97588
508 6.77034
509 1
510 3.33333
511 5.05378
512 5.97588
513 6.91805
514 2
515 4.16441
516 5.44207
517 6.61927
518 1
519 2
520 4.63158
521 5.97588
522 6.77034
523 1
524 3.33333
525 5.05378
526 5.97588
527 6.91805
528 2
529 4.16441
530 5.44207
531 6.61927
532 1
533 2
534 4.63158
535 5.97588
536 6.77034
537 1
538 3.33333
539 5.05378
540 5.97588
541 6.91805
542 2
543 4.16441
544 5.44207
545 6.61927
546 1
547 2
548 4.63158
549 5.97588
550 6.77034
551 1
552 3.33333
553 5.05378
554 5.97588
555 6.91805
556 2
557 4.16441
558 5.44207
559 6.61927
560 1
561 2
562 4.63158
563 5.97588
564 6.77034
565 1
566 3.63333
567 5.05378
568 6.14322
569 6.91805
570 2
571 4.16441
572 5.62582
573 6.77034
574 1
575 3
576 4.84749
577 5.97588
578 6.77034
579 1
580 3.63333
581 5.05378
582 6.14322
583 6.91805
584 2
585 4.16441
586 5.62582
587 6.77034
588 1
589 3
590 4.84749
591 5.97588
592 6.77034
593 1
594 3.63333
595 5.05378
596 6.14322
597 6.91805
598 2
599 4.16441
600 5.62582
601 6.77034
602 1
603 3
604 4.84749
605 5.97588
606 6.77034
607 1
608 3.63333
609 5.05378
610 6.14322
611 6.91805
612 2
613 4.16441
614 5.62582
615 6.77034
616 1
617 3.33333
618 5.05378
619 5.97588
620 6.77034
621 1
622 3.90856
623 5.05378
624 6.306
625 1
626 2
627 4.16441
628 5.80357
629 6.77034
630 1
631 3.33333
632 5.05378
633 5.97588
634 6.77034
635 1
636 3.90856
637 5.05378
638 6.306
639 1
640 2
641 4.16441
642 5.80357
643 6.77034
644 1
645 3.33333
646 5.05378
647 5.97588
648 6.77034
649 1
650 3.90856
651 5.05378
652 6.306
653 1
654 2
655 4.16441
656 5.80357
657 6.77034
658 1
659 3.33333
660 5.05378
661 5.97588
662 6.77034
663 1
664 3.90856
665 5.05378
666 6.306
667 1
668 2
669 4.40454
670 5.97588
671 6.77034
672 1
673 3.33333
674 5.05378
675 5.97588
676 6.91805
677 1
678 4.16441
679 5.25165
680 6.46458
681 1
682 2
683 4.40454
684 5.97588
685 6.77034
686 1
687 3.33333
688 5.05378
689 5.97588
690 6.91805
691 1
692 4.16441
693 5.25165
694 6.46458
695 1
696 2
697 4.40454
698 5.97588
699 6.77034
700 1
701 3.33333
702 5.05378
703 5.97588
704 6.91805
705 1
706 4.16441
707 5.25165
708 6.46458
709 1
710 2
711 4.40454
712 5.97588
713 6.77034
714 1
715 3.33333
716 5.05378
717 5.97588
718 6.91805
719 1
720 4.16441
721 5.44207
722 6.61927
723 1
724 2
725 4.63158
726 5.97588
727 6.77034
728 1
729 3.33333
730 5.05378
731 5.97588
732 6.91805
733 2
734 4.16441
735 5.44207
736 6.61927
737 1
738 2
739 4.63158
740 5.97588
741 6.77034
742 1
743 3.33333
744 5.05378
745 5.97588
746 6.91805
747 2
748 4.16441
749 5.44207
750 6.61927
751 1
752 2
753 4.63158
754 5.97588
755 6.77034
756 1
757 3.33333
758 5.05378
759 5.97588
760 6.91805
761 2
762 4.16441
763 5.44207
764 6.61927
765 1
766 2
767 4.63158
768 5.97588
769 6.77034
770 1
771 3.33333
772 5.05378
773 6.14322
774 6.91805
775 2
776 4.16441
777 5.62582
778 6.77034
779 1
780 3
781 4.84749
782 5.97588
783 6.77034
784 1
785 3.63333
786 5.05378
787 6.14322
788 6.91805
789 2
790 4.16441
791 5.62582
792 6.77034
793 1
794 3
795 4.84749
796 5.97588
797 6.77034
798 1
799 3.63333
800 5.05378
801 6.14322
802 6.91805
803 2
804 4.16441
805 5.62582
806 6.77034
807 1
808 3
809 4.84749
810 5.97588
811 6.77034
812 1
813 3.63333
814 5.05378
815 6.14322
816 6.91805
817 2
818 4.16441
819 5.62582
820 6.77034
821 1
822 3
823 4.84749
824 5.97588
825 6.77034
826 1
827 3.90856
828 5.05378
829 6.306
830 1
831 2
832 4.16441
833 5.80357
834 6.77034
835 1
836 3.33333
837 5.05378
838 5.97588
839 6.77034
840 1
841 3.90856
842 5.05378
843 6.306
844 1
845 2
846 4.16441
847 5.80357
848 6.77034
849 1
850 3.33333
851 5.05378
852 5.97588
853 6.77034
854 1
855 3.90856
856 5.05378
857 6.306
858 1
859 2
860 4.16441
861 5.80357
862 6.77034
863 1
864 3.33333
865 5.05378
866 5.97588
867 6.77034
868 1
869 3.90856
870 5.05378
871 6.306
872 1
873 2
874 4.16441
875 5.80357
876 6.77034
877 1
878 3.33333
879 5.05378
880 5.97588
881 6.91805
882 1
883 4.16441
884 5.25165
885 6.46458
886 1
887 2
888 4.40454
889 5.97588
890 6.77034
891 1
892 3.33333
893 5.05378
894 5.97588
895 6.91805
896 1
897 4.16441
898 5.25165
899 6.46458
900 1
901 2
902 4.40454
903 5.97588
904 6.77034
905 1
906 3.33333
907 5.05378
908 5.97588
909 6.91805
910 1
911 4.16441
912 5.25165
913 6.46458
914 1
915 2
916 4.40454
917 5.97588
918 6.77034
919 1
920 3.33333
921 5.05378
922 5.97588
923 6.91805
924 1
925 4.16441
926 5.25165
927 6.46458
928 1
929 2
930 4.63158
931 5.97588
932 6.77034
933 1
934 3.33333
935 5.05378
936 5.97588
937 6.91805
938 2
939 4.16441
940 5.44207
941 6.61927
942 1
943 2
944 4.63158
945 5.97588
946 6.77034
947 1
948 3.33333
949 5.05378
950 5.97588
951 6.91805
952 2
953 4.16441
954 5.44207
955 6.61927
956 1
957 2
958 4.63158
959 5.97588
960 6.77034
961 1
962 3.33333
963 5.05378
964 5.97588
965 6.91805
966 2
967 4.16441
968 5.44207
969 6.61927
970 1
971 2
972 4.63158
973 5.97588
974 6.77034
975 1
976 3.33333
977 5.05378
978 5.97588
979 6.91805
980 2
981 4.16441
982 5.62582
983 6.77034
984 1
985 3
986 4.84749
987 5.97588
988 6.77034
989 1
990 3.63333
991 5.05378
992 6.14322
993 6.91805
994 2
995 4.16441
996 5.62582
997 6.77034
998 1
999 3
