0 0.0
1 25280.0
2 21632.0
3 40768.0
4 43264.0
5 49920.0
6 18304.0
7 63232.0
8 64064.0
9 47424.0
10 52416.0
11 65728.0
12 38272.0
13 66560.0
14 59072.0
15 28288.0
16 64064.0
17 69056.0
18 56576.0
19 55744.0
20 33280.0
21 85696.0
22 56576.0
23 47424.0
24 58240.0
25 69888.0
26 47424.0
27 60736.0
28 43264.0
29 44928.0
30 72384.0
31 64896.0
32 44928.0
33 53248.0
34 25792.0
35 79040.0
36 38272.0
37 64064.0
38 41600.0
39 59904.0
40 43264.0
41 71552.0
42 54080.0
43 24960.0
44 71552.0
45 54912.0
46 63232.0
47 43264.0
48 33280.0
49 82368.0
50 54080.0
51 62400.0
52 29952.0
53 86528.0
54 56576.0
55 59904.0
56 57408.0
57 37440.0
58 68224.0
59 65728.0
60 49920.0
61 39104.0
62 34944.0
63 88192.0
64 53248.0
65 54080.0
66 51584.0
67 54912.0
68 40768.0
69 55744.0
70 61568.0
71 24960.0
72 69056.0
73 54912.0
74 55744.0
75 46592.0
76 21632.0
77 89024.0
78 50752.0
79 62400.0
80 43264.0
81 59904.0
82 54912.0
83 58240.0
84 66560.0
85 18304.0
86 87360.0
87 63232.0
88 56576.0
89 51584.0
90 26624.0
91 82368.0
92 59904.0
93 60736.0
94 26624.0
95 68224.0
96 54912.0
97 65728.0
98 50752.0
99 9984.0
100 89856.0
101 49088.0
102 39104.0
103 49920.0
104 35776.0
105 70720.0
106 51584.0
107 38272.0
108 58240.0
109 57408.0
110 51584.0
111 61568.0
112 38272.0
113 44928.0
114 72384.0
115 50752.0
116 56576.0
117 59072.0
118 32448.0
119 84032.0
120 53248.0
121 62400.0
122 46592.0
123 49088.0
124 69056.0
125 64064.0
126 49088.0
127 24960.0
128 79040.0
129 57408.0
130 52416.0
131 49920.0
132 31616.0
133 77376.0
134 46592.0
135 49088.0
136 38272.0
137 60736.0
138 49920.0
139 54912.0
140 45760.0
141 34112.0
142 71552.0
143 52416.0
144 52416.0
145 43264.0
146 48256.0
147 73216.0
148 55744.0
149 54080.0
150 41600.0
151 66560.0
152 64064.0
153 61568.0
154 57408.0
155 27456.0
156 73216.0
157 62400.0
158 51584.0
159 53248.0
160 34112.0
161 63232.0
162 63232.0
163 60736.0
164 43264.0
165 54912.0
166 59072.0
167 49920.0
168 45760.0
169 16640.0
170 81536.0
171 54080.0
172 48256.0
173 44096.0
174 40768.0
175 71552.0
176 49088.0
177 56576.0
178 34112.0
179 73216.0
180 41600.0
181 68224.0
182 49920.0
183 29952.0
184 80704.0
185 46592.0
186 69888.0
187 57408.0
188 50752.0
189 65728.0
190 39936.0
191 75712.0
192 36608.0
193 67392.0
194 47424.0
195 66560.0
196 43264.0
197 34112.0
198 74048.0
199 59072.0
200 41600.0
201 43264.0
202 57408.0
203 54912.0
204 42432.0
205 64064.0
206 24128.0
207 68224.0
208 53248.0
209 55744.0
210 49920.0
211 27456.0
212 75712.0
213 59072.0
214 44928.0
215 48256.0
216 68224.0
217 56576.0
218 50752.0
219 73216.0
220 31616.0
221 74880.0
222 62400.0
223 38272.0
224 60736.0
225 31616.0
226 83200.0
227 49088.0
228 51584.0
229 53248.0
230 69888.0
231 43264.0
232 44096.0
233 67392.0
234 25792.0
235 61568.0
236 54080.0
237 54080.0
238 41600.0
239 24960.0
240 68224.0
241 65728.0
242 50752.0
243 49088.0
244 62400.0
245 39936.0
246 71552.0
247 53248.0
248 24128.0
249 70720.0
250 69888.0
251 50752.0
252 57408.0
253 34112.0
254 84864.0
255 53248.0
256 45760.0
257 54912.0
258 69888.0
259 49088.0
260 58240.0
261 64064.0
262 21632.0
263 71552.0
264 62400.0
265 38272.0
266 56576.0
267 23296.0
268 75712.0
269 39936.0
270 60736.0
271 39104.0
272 57408.0
273 44928.0
274 68224.0
275 54080.0
276 23296.0
277 73216.0
278 51584.0
279 60736.0
280 44096.0
281 29120.0
282 82368.0
283 55744.0
284 62400.0
285 33280.0
286 83200.0
287 54080.0
288 64896.0
289 49088.0
290 36608.0
291 70720.0
292 66560.0
293 39104.0
294 45760.0
295 49088.0
296 73216.0
297 52416.0
298 54080.0
299 46592.0
300 54912.0
301 38272.0
302 59904.0
303 54912.0
304 24960.0
305 68224.0
306 54080.0
307 52416.0
308 49088.0
309 32448.0
310 77376.0
311 44928.0
312 62400.0
313 37440.0
314 61568.0
315 55744.0
316 68224.0
317 47424.0
318 28288.0
319 85696.0
320 62400.0
321 55744.0
322 50752.0
323 26624.0
324 90688.0
325 46592.0
326 69888.0
327 25792.0
328 66560.0
329 54080.0
330 64896.0
331 50752.0
332 17472.0
333 78208.0
334 57408.0
335 39104.0
336 48256.0
337 34944.0
338 70720.0
339 51584.0
340 45760.0
341 45760.0
342 64896.0
343 54912.0
344 58240.0
345 48256.0
346 32448.0
347 72384.0
348 55744.0
349 50752.0
350 66560.0
351 29120.0
352 87360.0
353 53248.0
354 61568.0
355 41600.0
356 54080.0
357 64064.0
358 67392.0
359 49920.0
360 21632.0
361 78208.0
362 54912.0
363 56576.0
364 53248.0
365 21632.0
366 87360.0
367 44928.0
368 49920.0
369 33280.0
370 59904.0
371 49088.0
372 59072.0
373 39104.0
374 39936.0
375 70720.0
376 53248.0
377 51584.0
378 40768.0
379 48256.0
380 76544.0
381 50752.0
382 59072.0
383 40768.0
384 66560.0
385 64064.0
386 59904.0
387 56576.0
388 29952.0
389 69888.0
390 67392.0
391 50752.0
392 53248.0
393 46592.0
394 49088.0
395 64896.0
396 63232.0
397 38272.0
398 60736.0
399 60736.0
400 46592.0
401 44928.0
402 13312.0
403 82368.0
404 54080.0
405 47424.0
406 36608.0
407 79040.0
408 44928.0
409 50752.0
410 54080.0
411 29952.0
412 78208.0
413 52416.0
414 49088.0
415 59072.0
416 26624.0
417 83200.0
418 42432.0
419 72384.0
420 56576.0
421 72384.0
422 35776.0
423 49920.0
424 74048.0
425 35776.0
426 66560.0
427 46592.0
428 66560.0
429 52416.0
430 19136.0
431 84032.0
432 57408.0
433 40768.0
434 42432.0
435 56576.0
436 54912.0
437 50752.0
438 50752.0
439 33280.0
440 67392.0
441 51584.0
442 54912.0
443 49088.0
444 28288.0
445 85696.0
446 44928.0
447 54912.0
448 47424.0
449 66560.0
450 55744.0
451 53248.0
452 71552.0
453 34944.0
454 69888.0
455 66560.0
456 35776.0
457 62400.0
458 29120.0
459 87360.0
460 43264.0
461 61568.0
462 40768.0
463 73216.0
464 47424.0
465 44928.0
466 64064.0
467 21632.0
468 64064.0
469 59904.0
470 43264.0
471 49920.0
472 25792.0
473 67392.0
474 62400.0
475 48256.0
476 49088.0
477 67392.0
478 32448.0
479 77376.0
480 53248.0
481 24960.0
482 68224.0
483 68224.0
484 50752.0
485 61568.0
486 27456.0
487 90688.0
488 52416.0
489 46592.0
490 54080.0
491 67392.0
492 49088.0
493 61568.0
494 59072.0
495 26624.0
496 71552.0
497 63232.0
498 36608.0
499 54912.0
500 31616.0
501 73216.0
502 44096.0
503 61568.0
504 30784.0
505 57408.0
506 45760.0
507 69056.0
508 49920.0
509 24960.0
510 75712.0
511 54080.0
512 55744.0
513 46592.0
514 41600.0
515 69056.0
516 55744.0
517 64896.0
518 50752.0
519 54912.0
520 64896.0
521 63232.0
522 45760.0
523 35776.0
524 74048.0
525 64896.0
526 47424.0
527 29120.0
528 58240.0
529 72384.0
530 51584.0
531 53248.0
532 45760.0
533 54912.0
534 48256.0
535 44096.0
536 64896.0
537 23296.0
538 67392.0
539 53248.0
540 51584.0
541 49088.0
542 41600.0
543 62400.0
544 54912.0
545 60736.0
546 36608.0
547 60736.0
548 56576.0
549 68224.0
550 54080.0
551 14976.0
552 97344.0
553 60736.0
554 55744.0
555 50752.0
556 22464.0
557 96512.0
558 55744.0
559 54912.0
560 29120.0
561 70720.0
562 55744.0
563 59904.0
564 49088.0
565 14976.0
566 86528.0
567 44096.0
568 48256.0
569 53248.0
570 26624.0
571 74880.0
572 49920.0
573 44928.0
574 49088.0
575 58240.0
576 62400.0
577 57408.0
578 50752.0
579 24960.0
580 70720.0
581 55744.0
582 56576.0
583 58240.0
584 34112.0
585 89024.0
586 52416.0
587 59072.0
588 40768.0
589 54080.0
590 69056.0
591 59904.0
592 55744.0
593 21632.0
594 79040.0
595 52416.0
596 54912.0
597 53248.0
598 32448.0
599 74048.0
600 52416.0
601 49088.0
602 32448.0
603 59904.0
604 48256.0
605 58240.0
606 40768.0
607 37440.0
608 74880.0
609 53248.0
610 54080.0
611 36608.0
612 72384.0
613 52416.0
614 55744.0
615 53248.0
616 44928.0
617 64896.0
618 67392.0
619 54080.0
620 55744.0
621 29120.0
622 73216.0
623 62400.0
624 59904.0
625 47424.0
626 62400.0
627 32448.0
628 69056.0
629 59904.0
630 38272.0
631 57408.0
632 54912.0
633 55744.0
634 44928.0
635 12480.0
636 81536.0
637 53248.0
638 48256.0
639 46592.0
640 62400.0
641 54080.0
642 49920.0
643 53248.0
644 29120.0
645 77376.0
646 52416.0
647 59072.0
648 43264.0
649 36608.0
650 82368.0
651 40768.0
652 73216.0
653 54080.0
654 72384.0
655 45760.0
656 51584.0
657 69888.0
658 32448.0
659 67392.0
660 45760.0
661 62400.0
662 54080.0
663 28288.0
664 73216.0
665 63232.0
666 43264.0
667 36608.0
668 55744.0
669 55744.0
670 56576.0
671 54080.0
672 17472.0
673 79040.0
674 51584.0
675 52416.0
676 47424.0
677 24960.0
678 88192.0
679 50752.0
680 44928.0
681 53248.0
682 67392.0
683 52416.0
684 52416.0
685 70720.0
686 34944.0
687 76544.0
688 56576.0
689 41600.0
690 64896.0
691 26624.0
692 85696.0
693 42432.0
694 61568.0
695 46592.0
696 64896.0
697 52416.0
698 46592.0
699 63232.0
700 19136.0
701 63232.0
702 60736.0
703 47424.0
704 42432.0
705 38272.0
706 62400.0
707 62400.0
708 49088.0
709 44928.0
710 65728.0
711 38272.0
712 74880.0
713 53248.0
714 24128.0
715 74880.0
716 67392.0
717 42432.0
718 64064.0
719 44096.0
720 73216.0
721 59072.0
722 46592.0
723 51584.0
724 64896.0
725 50752.0
726 60736.0
727 58240.0
728 24960.0
729 79040.0
730 59072.0
731 34944.0
732 54080.0
733 37440.0
734 64896.0
735 51584.0
736 53248.0
737 35776.0
738 55744.0
739 45760.0
740 68224.0
741 49088.0
742 24128.0
743 77376.0
744 51584.0
745 49920.0
746 55744.0
747 41600.0
748 68224.0
749 54912.0
750 64064.0
751 51584.0
752 64896.0
753 48256.0
754 73216.0
755 44096.0
756 34944.0
757 74048.0
758 63232.0
759 48256.0
760 39936.0
761 40768.0
762 85696.0
763 54080.0
764 49920.0
765 39936.0
766 55744.0
767 54080.0
768 49088.0
769 46592.0
770 33280.0
771 67392.0
772 50752.0
773 54912.0
774 49920.0
775 35776.0
776 74880.0
777 42432.0
778 73216.0
779 27456.0
780 64064.0
781 57408.0
782 63232.0
783 54912.0
784 19968.0
785 86528.0
786 68224.0
787 55744.0
788 47424.0
789 21632.0
790 95680.0
791 55744.0
792 62400.0
793 17472.0
794 78208.0
795 56576.0
796 57408.0
797 48256.0
798 14144.0
799 86528.0
800 50752.0
801 38272.0
802 59072.0
803 29120.0
804 72384.0
805 48256.0
806 44928.0
807 48256.0
808 64896.0
809 55744.0
810 59904.0
811 52416.0
812 24128.0
813 69056.0
814 55744.0
815 59072.0
816 59072.0
817 53248.0
818 68224.0
819 59904.0
820 58240.0
821 34944.0
822 51584.0
823 72384.0
824 59072.0
825 51584.0
826 24960.0
827 79872.0
828 51584.0
829 58240.0
830 46592.0
831 52416.0
832 60736.0
833 47424.0
834 53248.0
835 29952.0
836 60736.0
837 49920.0
838 54080.0
839 39936.0
840 39936.0
841 70720.0
842 58240.0
843 52416.0
844 36608.0
845 72384.0
846 50752.0
847 54912.0
848 55744.0
849 41600.0
850 69888.0
851 65728.0
852 54080.0
853 54912.0
854 28288.0
855 72384.0
856 64064.0
857 57408.0
858 41600.0
859 71552.0
860 33280.0
861 69888.0
862 58240.0
863 35776.0
864 59904.0
865 66560.0
866 37440.0
867 54080.0
868 9984.0
869 88192.0
870 46592.0
871 50752.0
872 41600.0
873 72384.0
874 39936.0
875 63232.0
876 52416.0
877 22464.0
878 79872.0
879 54080.0
880 55744.0
881 51584.0
882 22464.0
883 96512.0
884 34112.0
885 76544.0
886 49920.0
887 69888.0
888 46592.0
889 69056.0
890 45760.0
891 43264.0
892 64896.0
893 44928.0
894 61568.0
895 53248.0
896 28288.0
897 80704.0
898 50752.0
899 51584.0
900 35776.0
901 54080.0
902 54912.0
903 55744.0
904 54080.0
905 24960.0
906 67392.0
907 59072.0
908 53248.0
909 44928.0
910 24128.0
911 88192.0
912 50752.0
913 53248.0
914 40768.0
915 73216.0
916 55744.0
917 52416.0
918 65728.0
919 34112.0
920 82368.0
921 59904.0
922 29952.0
923 72384.0
924 41600.0
925 74880.0
926 35776.0
927 64064.0
928 44096.0
929 67392.0
930 46592.0
931 54080.0
932 59904.0
933 19968.0
934 64064.0
935 58240.0
936 44928.0
937 49088.0
938 38272.0
939 60736.0
940 60736.0
941 52416.0
942 41600.0
943 63232.0
944 38272.0
945 78208.0
946 47424.0
947 29952.0
948 74048.0
949 67392.0
950 42432.0
951 61568.0
952 44096.0
953 75712.0
954 54080.0
955 51584.0
956 50752.0
957 64896.0
958 50752.0
959 59072.0
960 57408.0
961 27456.0
962 75712.0
963 64064.0
964 34112.0
965 54912.0
966 34944.0
967 65728.0
968 51584.0
969 56576.0
970 29120.0
971 54080.0
972 55744.0
973 66560.0
974 44928.0
975 25792.0
976 78208.0
977 48256.0
978 61568.0
979 43264.0
980 44928.0
981 70720.0
982 58240.0
983 60736.0
984 45760.0
985 66560.0
986 64064.0
987 52416.0
988 51584.0
989 33280.0
990 76544.0
991 59072.0
992 48256.0
993 40768.0
994 48256.0
995 70720.0
996 64064.0
997 48256.0
998 39936.0
999 54912.0
