0 0
1 25280
2 24960
3 58240
4 33280
5 58240
6 0
7 99840
8 41600
9 58240
10 33280
11 66560
12 41600
13 66560
14 49920
15 8320
16 83200
17 58240
18 41600
19 41600
20 8320
21 99840
22 41600
23 58240
24 33280
25 66560
26 41600
27 66560
28 49920
29 8320
30 83200
31 58240
32 41600
33 49920
34 0
35 108160
36 41600
37 58240
38 24960
39 66560
40 49920
41 66560
42 41600
43 8320
44 83200
45 58240
46 41600
47 49920
48 0
49 108160
50 41600
51 58240
52 24960
53 66560
54 49920
55 66560
56 41600
57 8320
58 83200
59 58240
60 41600
61 49920
62 0
63 108160
64 41600
65 58240
66 24960
67 66560
68 49920
69 66560
70 41600
71 8320
72 83200
73 58240
74 41600
75 49920
76 0
77 108160
78 41600
79 58240
80 24960
81 66560
82 58240
83 58240
84 41600
85 8320
86 83200
87 58240
88 41600
89 49920
90 66560
91 41600
92 49920
93 58240
94 16640
95 66560
96 58240
97 58240
98 41600
99 8320
100 83200
101 58240
102 41600
103 49920
104 66560
105 41600
106 49920
107 58240
108 16640
109 66560
110 58240
111 58240
112 41600
113 8320
114 83200
115 58240
116 41600
117 49920
118 66560
119 41600
120 49920
121 58240
122 16640
123 66560
124 58240
125 58240
126 41600
127 8320
128 83200
129 58240
130 41600
131 49920
132 66560
133 41600
134 58240
135 58240
136 8320
137 74880
138 58240
139 49920
140 41600
141 8320
142 91520
143 49920
144 49920
145 41600
146 66560
147 41600
148 58240
149 58240
150 8320
151 74880
152 58240
153 49920
154 41600
155 8320
156 91520
157 49920
158 49920
159 41600
160 66560
161 41600
162 58240
163 58240
164 8320
165 74880
166 58240
167 49920
168 41600
169 8320
170 91520
171 49920
172 49920
173 41600
174 66560
175 41600
176 58240
177 58240
178 8320
179 74880
180 58240
181 49920
182 41600
183 8320
184 99840
185 41600
186 58240
187 33280
188 66560
189 41600
190 66560
191 49920
192 8320
193 83200
194 58240
195 41600
196 41600
197 8320
198 99840
199 41600
200 58240
201 33280
202 66560
203 41600
204 66560
205 49920
206 8320
207 83200
208 58240
209 41600
210 41600
211 8320
212 99840
213 41600
214 58240
215 33280
216 66560
217 41600
218 66560
219 49920
220 8320
221 83200
222 58240
223 41600
224 41600
225 8320
226 99840
227 41600
228 58240
229 33280
230 66560
231 41600
232 66560
233 49920
234 8320
235 83200
236 58240
237 41600
238 49920
239 0
240 108160
241 41600
242 58240
243 24960
244 66560
245 49920
246 66560
247 41600
248 8320
249 83200
250 58240
251 41600
252 49920
253 0
254 108160
255 41600
256 58240
257 24960
258 66560
259 49920
260 66560
261 41600
262 8320
263 83200
264 58240
265 41600
266 49920
267 0
268 108160
269 41600
270 58240
271 24960
272 66560
273 49920
274 66560
275 41600
276 8320
277 83200
278 58240
279 41600
280 49920
281 0
282 108160
283 41600
284 58240
285 24960
286 66560
287 49920
288 66560
289 41600
290 8320
291 83200
292 58240
293 41600
294 49920
295 66560
296 41600
297 49920
298 58240
299 16640
300 66560
301 58240
302 58240
303 41600
304 8320
305 83200
306 58240
307 41600
308 49920
309 66560
310 41600
311 49920
312 58240
313 16640
314 66560
315 58240
316 58240
317 41600
318 8320
319 83200
320 58240
321 41600
322 49920
323 66560
324 41600
325 49920
326 58240
327 16640
328 66560
329 58240
330 58240
331 41600
332 8320
333 83200
334 58240
335 41600
336 49920
337 66560
338 41600
339 49920
340 66560
341 8320
342 74880
343 58240
344 49920
345 41600
346 8320
347 91520
348 49920
349 49920
350 41600
351 66560
352 41600
353 58240
354 58240
355 8320
356 74880
357 58240
358 49920
359 41600
360 8320
361 91520
362 49920
363 49920
364 41600
365 66560
366 41600
367 58240
368 58240
369 8320
370 74880
371 58240
372 49920
373 41600
374 8320
375 91520
376 49920
377 49920
378 41600
379 66560
380 41600
381 58240
382 58240
383 8320
384 74880
385 58240
386 49920
387 41600
388 8320
389 91520
390 49920
391 49920
392 41600
393 66560
394 41600
395 66560
396 49920
397 8320
398 83200
399 58240
400 41600
401 41600
402 8320
403 99840
404 41600
405 58240
406 33280
407 66560
408 41600
409 66560
410 49920
411 8320
412 83200
413 58240
414 41600
415 41600
416 8320
417 99840
418 41600
419 58240
420 33280
421 66560
422 41600
423 66560
424 49920
425 8320
426 83200
427 58240
428 41600
429 41600
430 8320
431 99840
432 41600
433 58240
434 33280
435 66560
436 41600
437 66560
438 49920
439 8320
440 83200
441 58240
442 41600
443 41600
444 8320
445 108160
446 41600
447 58240
448 24960
449 66560
450 49920
451 66560
452 41600
453 8320
454 83200
455 58240
456 41600
457 49920
458 0
459 108160
460 41600
461 58240
462 24960
463 66560
464 49920
465 66560
466 41600
467 8320
468 83200
469 58240
470 41600
471 49920
472 0
473 108160
474 41600
475 58240
476 24960
477 66560
478 49920
479 66560
480 41600
481 8320
482 83200
483 58240
484 41600
485 49920
486 0
487 108160
488 41600
489 58240
490 24960
491 66560
492 49920
493 66560
494 41600
495 8320
496 83200
497 58240
498 41600
499 49920
500 66560
501 41600
502 49920
503 58240
504 16640
505 66560
506 58240
507 58240
508 41600
509 8320
510 83200
511 58240
512 41600
513 49920
514 66560
515 41600
516 49920
517 58240
518 16640
519 66560
520 58240
521 58240
522 41600
523 8320
524 83200
525 58240
526 41600
527 49920
528 66560
529 41600
530 49920
531 58240
532 16640
533 66560
534 58240
535 58240
536 41600
537 8320
538 83200
539 58240
540 41600
541 49920
542 66560
543 41600
544 49920
545 58240
546 16640
547 66560
548 66560
549 49920
550 41600
551 8320
552 91520
553 49920
554 49920
555 41600
556 66560
557 41600
558 58240
559 58240
560 8320
561 74880
562 58240
563 49920
564 41600
565 8320
566 91520
567 49920
568 49920
569 41600
570 66560
571 41600
572 58240
573 58240
574 8320
575 74880
576 58240
577 49920
578 41600
579 8320
580 91520
581 49920
582 49920
583 41600
584 66560
585 41600
586 58240
587 58240
588 8320
589 74880
590 58240
591 49920
592 41600
593 8320
594 91520
595 49920
596 49920
597 41600
598 66560
599 41600
600 66560
601 49920
602 8320
603 83200
604 58240
605 41600
606 41600
607 8320
608 99840
609 41600
610 58240
611 33280
612 66560
613 41600
614 66560
615 49920
616 8320
617 83200
618 58240
619 41600
620 41600
621 8320
622 99840
623 41600
624 58240
625 33280
626 66560
627 41600
628 66560
629 49920
630 8320
631 83200
632 58240
633 41600
634 41600
635 8320
636 99840
637 41600
638 58240
639 33280
640 66560
641 41600
642 66560
643 49920
644 8320
645 83200
646 58240
647 41600
648 41600
649 8320
650 99840
651 41600
652 66560
653 24960
654 66560
655 49920
656 66560
657 41600
658 8320
659 83200
660 58240
661 41600
662 49920
663 0
664 108160
665 41600
666 58240
667 24960
668 66560
669 49920
670 66560
671 41600
672 8320
673 83200
674 58240
675 41600
676 49920
677 0
678 108160
679 41600
680 58240
681 24960
682 66560
683 49920
684 66560
685 41600
686 8320
687 83200
688 58240
689 41600
690 49920
691 0
692 108160
693 41600
694 58240
695 24960
696 66560
697 49920
698 66560
699 41600
700 8320
701 83200
702 58240
703 41600
704 49920
705 66560
706 41600
707 49920
708 58240
709 16640
710 66560
711 58240
712 58240
713 41600
714 8320
715 83200
716 58240
717 41600
718 49920
719 66560
720 41600
721 49920
722 58240
723 16640
724 66560
725 58240
726 58240
727 41600
728 8320
729 83200
730 58240
731 41600
732 49920
733 66560
734 41600
735 49920
736 58240
737 16640
738 66560
739 58240
740 58240
741 41600
742 8320
743 83200
744 58240
745 41600
746 49920
747 66560
748 41600
749 49920
750 58240
751 16640
752 66560
753 58240
754 58240
755 41600
756 8320
757 91520
758 49920
759 49920
760 41600
761 66560
762 41600
763 58240
764 58240
765 8320
766 74880
767 58240
768 49920
769 41600
770 8320
771 91520
772 49920
773 49920
774 41600
775 66560
776 41600
777 58240
778 58240
779 8320
780 74880
781 58240
782 49920
783 41600
784 8320
785 91520
786 49920
787 49920
788 41600
789 66560
790 41600
791 58240
792 58240
793 8320
794 74880
795 58240
796 49920
797 41600
798 8320
799 91520
800 49920
801 49920
802 41600
803 66560
804 41600
805 58240
806 58240
807 8320
808 83200
809 58240
810 41600
811 41600
812 8320
813 99840
814 41600
815 58240
816 33280
817 66560
818 41600
819 66560
820 49920
821 8320
822 83200
823 58240
824 41600
825 41600
826 8320
827 99840
828 41600
829 58240
830 33280
831 66560
832 41600
833 66560
834 49920
835 8320
836 83200
837 58240
838 41600
839 41600
840 8320
841 99840
842 41600
843 58240
844 33280
845 66560
846 41600
847 66560
848 49920
849 8320
850 83200
851 58240
852 41600
853 41600
854 8320
855 99840
856 41600
857 58240
858 33280
859 66560
860 49920
861 66560
862 41600
863 8320
864 83200
865 58240
866 41600
867 49920
868 0
869 108160
870 41600
871 58240
872 24960
873 66560
874 49920
875 66560
876 41600
877 8320
878 83200
879 58240
880 41600
881 49920
882 0
883 108160
884 41600
885 58240
886 24960
887 66560
888 49920
889 66560
890 41600
891 8320
892 83200
893 58240
894 41600
895 49920
896 0
897 108160
898 41600
899 58240
900 24960
901 66560
902 49920
903 66560
904 41600
905 8320
906 83200
907 58240
908 41600
909 49920
910 0
911 108160
912 49920
913 58240
914 16640
915 66560
916 58240
917 58240
918 41600
919 8320
920 83200
921 58240
922 41600
923 49920
924 66560
925 41600
926 49920
927 58240
928 16640
929 66560
930 58240
931 58240
932 41600
933 8320
934 83200
935 58240
936 41600
937 49920
938 66560
939 41600
940 49920
941 58240
942 16640
943 66560
944 58240
945 58240
946 41600
947 8320
948 83200
949 58240
950 41600
951 49920
952 66560
953 41600
954 49920
955 58240
956 16640
957 66560
958 58240
959 58240
960 41600
961 8320
962 83200
963 58240
964 49920
965 41600
966 66560
967 41600
968 58240
969 58240
970 8320
971 74880
972 58240
973 49920
974 41600
975 8320
976 91520
977 49920
978 49920
979 41600
980 66560
981 41600
982 58240
983 58240
984 8320
985 74880
986 58240
987 49920
988 41600
989 8320
990 91520
991 49920
992 49920
993 41600
994 66560
995 41600
996 58240
997 58240
998 8320
999 74880
