0 0
1 25280
2 16640
3 33280
4 33280
5 33280
6 49920
7 8320
8 83200
9 33280
10 49920
11 58240
12 8320
13 83200
14 58240
15 41600
16 41600
17 83200
18 49920
19 83200
20 49920
21 74880
22 49920
23 33280
24 74880
25 66560
26 49920
27 49920
28 0
29 91520
30 58240
31 66560
32 16640
33 66560
34 33280
35 33280
36 0
37 74880
38 33280
39 33280
40 33280
41 74880
42 41600
43 33280
44 49920
45 33280
46 83200
47 33280
48 58240
49 49920
50 58240
51 74880
52 0
53 124800
54 66560
55 66560
56 33280
57 74880
58 41600
59 74880
60 41600
61 8320
62 83200
63 58240
64 49920
65 41600
66 66560
67 16640
68 24960
69 24960
70 66560
71 33280
72 41600
73 33280
74 58240
75 33280
76 58240
77 41600
78 41600
79 66560
80 41600
81 33280
82 58240
83 66560
84 66560
85 24960
86 99840
87 66560
88 74880
89 49920
90 0
91 108160
92 58240
93 66560
94 8320
95 66560
96 58240
97 58240
98 41600
99 8320
100 83200
101 24960
102 24960
103 49920
104 33280
105 41600
106 49920
107 0
108 91520
109 33280
110 58240
111 49920
112 0
113 99840
114 41600
115 41600
116 58240
117 83200
118 33280
119 91520
120 58240
121 58240
122 66560
123 16640
124 91520
125 58240
126 49920
127 41600
128 66560
129 41600
130 58240
131 58240
132 8320
133 66560
134 41600
135 24960
136 49920
137 33280
138 24960
139 41600
140 24960
141 74880
142 41600
143 41600
144 58240
145 16640
146 83200
147 49920
148 49920
149 41600
150 74880
151 58240
152 83200
153 49920
154 74880
155 49920
156 33280
157 74880
158 58240
159 58240
160 41600
161 8320
162 83200
163 58240
164 66560
165 24960
166 66560
167 16640
168 41600
169 8320
170 66560
171 41600
172 33280
173 33280
174 66560
175 41600
176 41600
177 41600
178 41600
179 74880
180 33280
181 49920
182 58240
183 58240
184 66560
185 16640
186 108160
187 66560
188 83200
189 33280
190 0
191 116480
192 66560
193 49920
194 8320
195 83200
196 58240
197 41600
198 49920
199 66560
200 16640
201 24960
202 24960
203 66560
204 24960
205 49920
206 33280
207 58240
208 33280
209 49920
210 49920
211 41600
212 66560
213 41600
214 33280
215 49920
216 66560
217 74880
218 24960
219 99840
220 66560
221 58240
222 66560
223 0
224 91520
225 58240
226 66560
227 24960
228 66560
229 41600
230 74880
231 41600
232 8320
233 83200
234 24960
235 24960
236 49920
237 33280
238 24960
239 49920
240 16640
241 91520
242 24960
243 58240
244 58240
245 0
246 91520
247 49920
248 41600
249 49920
250 83200
251 41600
252 83200
253 58240
254 66560
255 58240
256 24960
257 83200
258 66560
259 41600
260 49920
261 66560
262 33280
263 58240
264 66560
265 8320
266 66560
267 33280
268 33280
269 0
270 74880
271 33280
272 33280
273 33280
274 74880
275 41600
276 33280
277 49920
278 33280
279 83200
280 33280
281 58240
282 49920
283 58240
284 74880
285 0
286 124800
287 66560
288 66560
289 33280
290 74880
291 41600
292 74880
293 41600
294 8320
295 83200
296 58240
297 58240
298 33280
299 66560
300 16640
301 33280
302 16640
303 66560
304 41600
305 33280
306 33280
307 58240
308 41600
309 49920
310 41600
311 41600
312 66560
313 41600
314 41600
315 58240
316 66560
317 58240
318 24960
319 99840
320 66560
321 74880
322 49920
323 0
324 108160
325 58240
326 66560
327 8320
328 66560
329 58240
330 58240
331 41600
332 8320
333 83200
334 24960
335 24960
336 49920
337 33280
338 41600
339 49920
340 0
341 91520
342 33280
343 58240
344 49920
345 66560
346 41600
347 33280
348 41600
349 66560
350 83200
351 24960
352 99840
353 58240
354 58240
355 66560
356 8320
357 91520
358 58240
359 58240
360 33280
361 66560
362 41600
363 66560
364 49920
365 8320
366 74880
367 33280
368 24960
369 49920
370 33280
371 24960
372 41600
373 24960
374 74880
375 41600
376 41600
377 58240
378 16640
379 83200
380 49920
381 49920
382 41600
383 74880
384 58240
385 83200
386 49920
387 74880
388 49920
389 33280
390 74880
391 58240
392 58240
393 41600
394 8320
395 83200
396 66560
397 66560
398 16640
399 66560
400 24960
401 41600
402 0
403 66560
404 41600
405 33280
406 33280
407 74880
408 41600
409 33280
410 41600
411 41600
412 83200
413 24960
414 58240
415 58240
416 49920
417 74880
418 8320
419 116480
420 66560
421 74880
422 33280
423 0
424 116480
425 66560
426 49920
427 8320
428 83200
429 58240
430 41600
431 49920
432 66560
433 16640
434 24960
435 24960
436 66560
437 24960
438 49920
439 33280
440 58240
441 33280
442 49920
443 49920
444 41600
445 66560
446 41600
447 33280
448 58240
449 66560
450 66560
451 24960
452 99840
453 66560
454 66560
455 58240
456 0
457 99840
458 58240
459 66560
460 16640
461 66560
462 49920
463 66560
464 41600
465 8320
466 83200
467 24960
468 24960
469 49920
470 33280
471 33280
472 49920
473 8320
474 91520
475 24960
476 58240
477 58240
478 0
479 91520
480 49920
481 41600
482 49920
483 83200
484 41600
485 83200
486 58240
487 66560
488 58240
489 24960
490 83200
491 66560
492 41600
493 49920
494 66560
495 33280
496 58240
497 66560
498 8320
499 66560
500 41600
501 24960
502 49920
503 33280
504 24960
505 33280
506 33280
507 74880
508 41600
509 33280
510 58240
511 24960
512 83200
513 41600
514 58240
515 41600
516 66560
517 66560
518 83200
519 49920
520 66560
521 58240
522 33280
523 74880
524 49920
525 66560
526 41600
527 8320
528 83200
529 58240
530 58240
531 33280
532 66560
533 16640
534 33280
535 16640
536 66560
537 41600
538 33280
539 33280
540 58240
541 41600
542 49920
543 41600
544 41600
545 66560
546 41600
547 41600
548 58240
549 66560
550 58240
551 24960
552 108160
553 66560
554 74880
555 41600
556 0
557 116480
558 58240
559 58240
560 8320
561 74880
562 58240
563 49920
564 49920
565 0
566 83200
567 24960
568 24960
569 58240
570 24960
571 49920
572 41600
573 0
574 91520
575 41600
576 58240
577 41600
578 66560
579 41600
580 33280
581 41600
582 66560
583 83200
584 24960
585 99840
586 58240
587 58240
588 66560
589 8320
590 91520
591 58240
592 58240
593 33280
594 66560
595 41600
596 66560
597 49920
598 8320
599 74880
600 33280
601 24960
602 49920
603 33280
604 24960
605 49920
606 16640
607 83200
608 33280
609 49920
610 58240
611 8320
612 83200
613 58240
614 41600
615 41600
616 83200
617 49920
618 83200
619 49920
620 74880
621 49920
622 33280
623 74880
624 66560
625 49920
626 49920
627 0
628 91520
629 58240
630 66560
631 16640
632 66560
633 24960
634 41600
635 0
636 66560
637 41600
638 33280
639 33280
640 74880
641 41600
642 33280
643 41600
644 41600
645 83200
646 24960
647 58240
648 58240
649 49920
650 74880
651 8320
652 116480
653 66560
654 74880
655 33280
656 74880
657 41600
658 74880
659 41600
660 8320
661 83200
662 58240
663 49920
664 41600
665 66560
666 16640
667 24960
668 24960
669 66560
670 33280
671 41600
672 33280
673 58240
674 33280
675 58240
676 41600
677 41600
678 66560
679 41600
680 33280
681 58240
682 66560
683 66560
684 24960
685 99840
686 66560
687 66560
688 58240
689 0
690 99840
691 58240
692 66560
693 16640
694 66560
695 49920
696 66560
697 41600
698 8320
699 83200
700 24960
701 24960
702 49920
703 33280
704 33280
705 49920
706 8320
707 91520
708 33280
709 58240
710 49920
711 0
712 99840
713 41600
714 41600
715 58240
716 83200
717 33280
718 91520
719 58240
720 58240
721 66560
722 16640
723 91520
724 58240
725 49920
726 41600
727 66560
728 41600
729 58240
730 58240
731 8320
732 66560
733 41600
734 24960
735 49920
736 33280
737 24960
738 33280
739 33280
740 74880
741 41600
742 33280
743 58240
744 24960
745 83200
746 41600
747 58240
748 41600
749 66560
750 66560
751 83200
752 49920
753 66560
754 58240
755 33280
756 74880
757 49920
758 66560
759 41600
760 8320
761 83200
762 58240
763 66560
764 24960
765 66560
766 16640
767 41600
768 8320
769 66560
770 41600
771 33280
772 33280
773 66560
774 41600
775 41600
776 41600
777 41600
778 74880
779 33280
780 49920
781 58240
782 58240
783 66560
784 16640
785 108160
786 66560
787 74880
788 41600
789 0
790 116480
791 58240
792 58240
793 8320
794 74880
795 58240
796 49920
797 49920
798 0
799 83200
800 24960
801 24960
802 58240
803 24960
804 49920
805 41600
806 0
807 91520
808 41600
809 58240
810 41600
811 66560
812 41600
813 33280
814 49920
815 66560
816 74880
817 24960
818 99840
819 66560
820 58240
821 66560
822 0
823 91520
824 58240
825 66560
826 24960
827 66560
828 41600
829 74880
830 41600
831 8320
832 83200
833 24960
834 24960
835 49920
836 33280
837 24960
838 49920
839 16640
840 83200
841 33280
842 49920
843 58240
844 8320
845 83200
846 58240
847 41600
848 41600
849 83200
850 49920
851 83200
852 49920
853 74880
854 49920
855 33280
856 74880
857 66560
858 49920
859 49920
860 0
861 91520
862 58240
863 66560
864 16640
865 66560
866 33280
867 33280
868 0
869 74880
870 33280
871 33280
872 33280
873 74880
874 41600
875 33280
876 49920
877 33280
878 83200
879 33280
880 58240
881 49920
882 58240
883 74880
884 0
885 124800
886 66560
887 66560
888 33280
889 74880
890 41600
891 74880
892 41600
893 8320
894 83200
895 58240
896 49920
897 41600
898 66560
899 16640
900 24960
901 24960
902 66560
903 33280
904 41600
905 33280
906 58240
907 33280
908 58240
909 41600
910 41600
911 66560
912 41600
913 33280
914 58240
915 66560
916 66560
917 24960
918 99840
919 66560
920 74880
921 49920
922 0
923 108160
924 58240
925 66560
926 8320
927 66560
928 58240
929 58240
930 41600
931 8320
932 83200
933 24960
934 24960
935 49920
936 33280
937 41600
938 49920
939 0
940 91520
941 33280
942 58240
943 49920
944 0
945 99840
946 41600
947 41600
948 58240
949 83200
950 33280
951 91520
952 58240
953 58240
954 66560
955 16640
956 91520
957 58240
958 49920
959 41600
960 66560
961 41600
962 58240
963 58240
964 8320
965 66560
966 41600
967 24960
968 49920
969 33280
970 24960
971 41600
972 24960
973 74880
974 41600
975 41600
976 58240
977 16640
978 83200
979 49920
980 49920
981 41600
982 74880
983 58240
984 83200
985 49920
986 74880
987 49920
988 33280
989 74880
990 58240
991 58240
992 41600
993 8320
994 83200
995 58240
996 66560
997 24960
998 66560
999 16640
