0 0
1 25280
2 16640
3 58240
4 41600
5 49920
6 66560
7 83200
8 83200
9 91520
10 99840
11 83200
12 116480
13 83200
14 83200
15 74880
16 83200
17 91520
18 99840
19 58240
20 133120
21 99840
22 99840
23 91520
24 91520
25 99840
26 74880
27 116480
28 99840
29 99840
30 99840
31 99840
32 99840
33 74880
34 124800
35 99840
36 99840
37 99840
38 99840
39 99840
40 66560
41 124800
42 99840
43 99840
44 99840
45 99840
46 99840
47 66560
48 124800
49 91520
50 83200
51 83200
52 83200
53 91520
54 99840
55 33280
56 158080
57 99840
58 91520
59 83200
60 91520
61 99840
62 66560
63 124800
64 99840
65 99840
66 99840
67 99840
68 66560
69 116480
70 99840
71 99840
72 99840
73 99840
74 99840
75 99840
76 8320
77 183040
78 99840
79 99840
80 99840
81 99840
82 99840
83 8320
84 166400
85 58240
86 74880
87 83200
88 91520
89 99840
90 99840
91 16640
92 158080
93 58240
94 74880
95 83200
96 91520
97 99840
98 99840
99 24960
100 149760
101 66560
102 66560
103 83200
104 91520
105 99840
106 99840
107 33280
108 141440
109 74880
110 58240
111 83200
112 99840
113 99840
114 99840
115 33280
116 141440
117 74880
118 58240
119 83200
120 91520
121 99840
122 99840
123 41600
124 133120
125 83200
126 58240
127 74880
128 91520
129 99840
130 99840
131 49920
132 133120
133 74880
134 66560
135 66560
136 91520
137 99840
138 99840
139 58240
140 133120
141 66560
142 74880
143 66560
144 83200
145 99840
146 99840
147 66560
148 124800
149 66560
150 74880
151 74880
152 74880
153 99840
154 99840
155 74880
156 116480
157 66560
158 74880
159 74880
160 83200
161 91520
162 99840
163 83200
164 116480
165 58240
166 74880
167 83200
168 83200
169 91520
170 99840
171 83200
172 116480
173 58240
174 74880
175 74880
176 83200
177 91520
178 99840
179 91520
180 0
181 166400
182 74880
183 74880
184 83200
185 91520
186 99840
187 99840
188 0
189 166400
190 66560
191 74880
192 83200
193 91520
194 99840
195 99840
196 8320
197 166400
198 58240
199 74880
200 83200
201 91520
202 99840
203 99840
204 16640
205 158080
206 58240
207 74880
208 83200
209 91520
210 99840
211 99840
212 24960
213 149760
214 66560
215 66560
216 83200
217 91520
218 99840
219 99840
220 33280
221 141440
222 74880
223 66560
224 83200
225 91520
226 99840
227 99840
228 33280
229 141440
230 74880
231 58240
232 83200
233 91520
234 99840
235 99840
236 41600
237 133120
238 83200
239 58240
240 74880
241 91520
242 99840
243 99840
244 49920
245 133120
246 74880
247 66560
248 66560
249 91520
250 99840
251 99840
252 58240
253 133120
254 66560
255 74880
256 66560
257 83200
258 99840
259 99840
260 66560
261 124800
262 66560
263 74880
264 74880
265 74880
266 99840
267 99840
268 74880
269 116480
270 66560
271 74880
272 74880
273 83200
274 91520
275 99840
276 83200
277 116480
278 66560
279 74880
280 74880
281 83200
282 91520
283 99840
284 83200
285 116480
286 58240
287 74880
288 74880
289 83200
290 91520
291 99840
292 91520
293 0
294 166400
295 74880
296 74880
297 83200
298 91520
299 99840
300 99840
301 0
302 166400
303 66560
304 74880
305 83200
306 91520
307 99840
308 99840
309 8320
310 166400
311 58240
312 74880
313 83200
314 91520
315 99840
316 99840
317 16640
318 158080
319 58240
320 74880
321 83200
322 91520
323 99840
324 99840
325 24960
326 149760
327 66560
328 66560
329 83200
330 91520
331 99840
332 99840
333 33280
334 149760
335 66560
336 66560
337 83200
338 91520
339 99840
340 99840
341 33280
342 141440
343 74880
344 58240
345 83200
346 91520
347 99840
348 99840
349 41600
350 133120
351 83200
352 58240
353 74880
354 91520
355 99840
356 99840
357 49920
358 133120
359 74880
360 66560
361 66560
362 91520
363 99840
364 99840
365 58240
366 133120
367 66560
368 74880
369 66560
370 83200
371 99840
372 99840
373 66560
374 124800
375 66560
376 74880
377 74880
378 74880
379 99840
380 99840
381 74880
382 116480
383 66560
384 74880
385 74880
386 83200
387 91520
388 99840
389 83200
390 116480
391 66560
392 74880
393 74880
394 83200
395 91520
396 99840
397 83200
398 116480
399 58240
400 74880
401 74880
402 83200
403 91520
404 99840
405 91520
406 0
407 166400
408 74880
409 74880
410 83200
411 91520
412 99840
413 99840
414 0
415 166400
416 66560
417 74880
418 83200
419 91520
420 99840
421 99840
422 8320
423 166400
424 58240
425 74880
426 83200
427 91520
428 99840
429 99840
430 16640
431 158080
432 58240
433 74880
434 83200
435 91520
436 99840
437 99840
438 24960
439 149760
440 66560
441 66560
442 83200
443 91520
444 108160
445 99840
446 24960
447 149760
448 66560
449 66560
450 83200
451 91520
452 99840
453 99840
454 33280
455 141440
456 74880
457 58240
458 83200
459 91520
460 99840
461 99840
462 41600
463 133120
464 83200
465 58240
466 74880
467 91520
468 99840
469 99840
470 49920
471 133120
472 74880
473 66560
474 66560
475 91520
476 99840
477 99840
478 58240
479 133120
480 66560
481 74880
482 66560
483 83200
484 99840
485 99840
486 66560
487 124800
488 66560
489 74880
490 74880
491 74880
492 99840
493 99840
494 74880
495 116480
496 66560
497 74880
498 74880
499 83200
500 99840
501 99840
502 74880
503 116480
504 66560
505 74880
506 74880
507 83200
508 91520
509 99840
510 83200
511 116480
512 58240
513 74880
514 74880
515 83200
516 91520
517 99840
518 91520
519 0
520 166400
521 74880
522 74880
523 83200
524 91520
525 99840
526 99840
527 0
528 166400
529 66560
530 74880
531 83200
532 91520
533 99840
534 99840
535 8320
536 166400
537 58240
538 74880
539 83200
540 91520
541 99840
542 99840
543 16640
544 158080
545 58240
546 74880
547 83200
548 91520
549 99840
550 99840
551 24960
552 149760
553 66560
554 66560
555 91520
556 91520
557 99840
558 99840
559 24960
560 149760
561 66560
562 66560
563 83200
564 91520
565 99840
566 99840
567 33280
568 141440
569 74880
570 58240
571 83200
572 91520
573 99840
574 99840
575 41600
576 133120
577 83200
578 58240
579 74880
580 91520
581 99840
582 99840
583 49920
584 133120
585 74880
586 66560
587 66560
588 91520
589 99840
590 99840
591 58240
592 133120
593 66560
594 74880
595 66560
596 83200
597 99840
598 99840
599 66560
600 124800
601 66560
602 74880
603 74880
604 74880
605 99840
606 99840
607 74880
608 116480
609 66560
610 83200
611 74880
612 74880
613 99840
614 99840
615 74880
616 116480
617 66560
618 74880
619 74880
620 83200
621 91520
622 99840
623 83200
624 116480
625 58240
626 74880
627 74880
628 83200
629 91520
630 99840
631 91520
632 0
633 166400
634 74880
635 74880
636 83200
637 91520
638 99840
639 99840
640 0
641 166400
642 66560
643 74880
644 83200
645 91520
646 99840
647 99840
648 8320
649 166400
650 58240
651 74880
652 83200
653 91520
654 99840
655 99840
656 16640
657 158080
658 58240
659 74880
660 83200
661 91520
662 99840
663 99840
664 24960
665 149760
666 66560
667 74880
668 83200
669 91520
670 99840
671 99840
672 24960
673 149760
674 66560
675 66560
676 83200
677 91520
678 99840
679 99840
680 33280
681 141440
682 74880
683 58240
684 83200
685 91520
686 99840
687 99840
688 41600
689 133120
690 83200
691 58240
692 74880
693 91520
694 99840
695 99840
696 49920
697 133120
698 74880
699 66560
700 66560
701 91520
702 99840
703 99840
704 58240
705 133120
706 66560
707 74880
708 66560
709 83200
710 99840
711 99840
712 66560
713 124800
714 66560
715 74880
716 74880
717 74880
718 99840
719 99840
720 74880
721 124800
722 66560
723 74880
724 74880
725 74880
726 99840
727 99840
728 74880
729 116480
730 66560
731 74880
732 74880
733 83200
734 91520
735 99840
736 83200
737 116480
738 58240
739 74880
740 74880
741 83200
742 91520
743 99840
744 91520
745 0
746 166400
747 74880
748 74880
749 83200
750 91520
751 99840
752 99840
753 0
754 166400
755 66560
756 74880
757 83200
758 91520
759 99840
760 99840
761 8320
762 166400
763 58240
764 74880
765 83200
766 91520
767 99840
768 99840
769 16640
770 158080
771 58240
772 74880
773 83200
774 91520
775 99840
776 108160
777 16640
778 158080
779 58240
780 74880
781 83200
782 91520
783 99840
784 99840
785 24960
786 149760
787 66560
788 66560
789 83200
790 91520
791 99840
792 99840
793 33280
794 141440
795 74880
796 58240
797 83200
798 91520
799 99840
800 99840
801 41600
802 133120
803 83200
804 58240
805 74880
806 91520
807 99840
808 99840
809 49920
810 133120
811 74880
812 66560
813 66560
814 91520
815 99840
816 99840
817 58240
818 133120
819 66560
820 74880
821 66560
822 83200
823 99840
824 99840
825 66560
826 124800
827 66560
828 74880
829 74880
830 74880
831 99840
832 108160
833 66560
834 124800
835 66560
836 74880
837 74880
838 74880
839 99840
840 99840
841 74880
842 116480
843 66560
844 74880
845 74880
846 83200
847 91520
848 99840
849 83200
850 116480
851 58240
852 74880
853 74880
854 83200
855 91520
856 99840
857 91520
858 0
859 166400
860 74880
861 74880
862 83200
863 91520
864 99840
865 99840
866 0
867 166400
868 66560
869 74880
870 83200
871 91520
872 99840
873 99840
874 8320
875 166400
876 58240
877 74880
878 83200
879 91520
880 99840
881 99840
882 16640
883 158080
884 58240
885 74880
886 83200
887 99840
888 99840
889 99840
890 16640
891 158080
892 58240
893 74880
894 83200
895 91520
896 99840
897 99840
898 24960
899 149760
900 66560
901 66560
902 83200
903 91520
904 99840
905 99840
906 33280
907 141440
908 74880
909 58240
910 83200
911 91520
912 99840
913 99840
914 41600
915 133120
916 83200
917 58240
918 74880
919 91520
920 99840
921 99840
922 49920
923 133120
924 74880
925 66560
926 66560
927 91520
928 99840
929 99840
930 58240
931 133120
932 66560
933 74880
934 66560
935 83200
936 99840
937 99840
938 66560
939 124800
940 66560
941 74880
942 74880
943 83200
944 99840
945 99840
946 66560
947 124800
948 66560
949 74880
950 74880
951 74880
952 99840
953 99840
954 74880
955 116480
956 66560
957 74880
958 74880
959 83200
960 91520
961 99840
962 83200
963 116480
964 58240
965 74880
966 74880
967 83200
968 91520
969 99840
970 91520
971 0
972 166400
973 74880
974 74880
975 83200
976 91520
977 99840
978 99840
979 0
980 166400
981 66560
982 74880
983 83200
984 91520
985 99840
986 99840
987 8320
988 166400
989 58240
990 74880
991 83200
992 91520
993 99840
994 99840
995 16640
996 158080
997 58240
998 83200
999 83200
