0 0
1 25280
2 24960
3 33280
4 58240
5 58240
6 0
7 83200
8 58240
9 41600
10 49920
11 66560
12 41600
13 49920
14 58240
15 16640
16 66560
17 58240
18 58240
19 41600
20 8320
21 83200
22 58240
23 41600
24 49920
25 66560
26 41600
27 58240
28 58240
29 8320
30 74880
31 58240
32 49920
33 41600
34 8320
35 91520
36 49920
37 49920
38 41600
39 66560
40 41600
41 58240
42 58240
43 8320
44 74880
45 58240
46 49920
47 41600
48 8320
49 91520
50 49920
51 49920
52 41600
53 66560
54 41600
55 58240
56 58240
57 8320
58 74880
59 58240
60 49920
61 41600
62 8320
63 91520
64 49920
65 49920
66 41600
67 66560
68 41600
69 58240
70 58240
71 8320
72 74880
73 58240
74 49920
75 41600
76 8320
77 91520
78 49920
79 58240
80 33280
81 66560
82 41600
83 66560
84 49920
85 8320
86 83200
87 58240
88 41600
89 41600
90 8320
91 99840
92 41600
93 58240
94 33280
95 66560
96 41600
97 66560
98 49920
99 8320
100 83200
101 58240
102 41600
103 41600
104 8320
105 99840
106 41600
107 58240
108 33280
109 66560
110 41600
111 66560
112 49920
113 8320
114 83200
115 58240
116 41600
117 41600
118 8320
119 99840
120 41600
121 58240
122 33280
123 66560
124 41600
125 66560
126 49920
127 8320
128 83200
129 58240
130 41600
131 49920
132 0
133 108160
134 41600
135 58240
136 24960
137 66560
138 49920
139 66560
140 41600
141 8320
142 83200
143 58240
144 41600
145 49920
146 0
147 108160
148 41600
149 58240
150 24960
151 66560
152 49920
153 66560
154 41600
155 8320
156 83200
157 58240
158 41600
159 49920
160 0
161 108160
162 41600
163 58240
164 24960
165 66560
166 49920
167 66560
168 41600
169 8320
170 83200
171 58240
172 41600
173 49920
174 0
175 108160
176 41600
177 58240
178 24960
179 66560
180 49920
181 66560
182 41600
183 8320
184 83200
185 58240
186 41600
187 49920
188 66560
189 41600
190 49920
191 58240
192 16640
193 66560
194 58240
195 58240
196 41600
197 8320
198 83200
199 58240
200 41600
201 49920
202 66560
203 41600
204 49920
205 58240
206 16640
207 66560
208 58240
209 58240
210 41600
211 8320
212 83200
213 58240
214 41600
215 49920
216 66560
217 41600
218 49920
219 58240
220 16640
221 66560
222 58240
223 58240
224 41600
225 8320
226 83200
227 58240
228 41600
229 49920
230 66560
231 41600
232 49920
233 58240
234 16640
235 74880
236 58240
237 49920
238 41600
239 8320
240 91520
241 49920
242 49920
243 41600
244 66560
245 41600
246 58240
247 58240
248 8320
249 74880
250 58240
251 49920
252 41600
253 8320
254 91520
255 49920
256 49920
257 41600
258 66560
259 41600
260 58240
261 58240
262 8320
263 74880
264 58240
265 49920
266 41600
267 8320
268 91520
269 49920
270 49920
271 41600
272 66560
273 41600
274 58240
275 58240
276 8320
277 74880
278 58240
279 49920
280 41600
281 8320
282 91520
283 49920
284 49920
285 41600
286 66560
287 41600
288 66560
289 49920
290 8320
291 83200
292 58240
293 41600
294 41600
295 8320
296 99840
297 41600
298 58240
299 33280
300 66560
301 41600
302 66560
303 49920
304 8320
305 83200
306 58240
307 41600
308 41600
309 8320
310 99840
311 41600
312 58240
313 33280
314 66560
315 41600
316 66560
317 49920
318 8320
319 83200
320 58240
321 41600
322 41600
323 8320
324 99840
325 41600
326 58240
327 33280
328 66560
329 41600
330 66560
331 49920
332 8320
333 83200
334 58240
335 41600
336 41600
337 8320
338 108160
339 41600
340 58240
341 24960
342 66560
343 49920
344 66560
345 41600
346 8320
347 83200
348 58240
349 41600
350 49920
351 0
352 108160
353 41600
354 58240
355 24960
356 66560
357 49920
358 66560
359 41600
360 8320
361 83200
362 58240
363 41600
364 49920
365 0
366 108160
367 41600
368 58240
369 24960
370 66560
371 49920
372 66560
373 41600
374 8320
375 83200
376 58240
377 41600
378 49920
379 0
380 108160
381 41600
382 58240
383 24960
384 66560
385 49920
386 66560
387 41600
388 8320
389 83200
390 58240
391 41600
392 49920
393 66560
394 41600
395 49920
396 58240
397 16640
398 66560
399 58240
400 58240
401 41600
402 8320
403 83200
404 58240
405 41600
406 49920
407 66560
408 41600
409 49920
410 58240
411 16640
412 66560
413 58240
414 58240
415 41600
416 8320
417 83200
418 58240
419 41600
420 49920
421 66560
422 41600
423 49920
424 58240
425 16640
426 66560
427 58240
428 58240
429 41600
430 8320
431 83200
432 58240
433 41600
434 49920
435 66560
436 41600
437 49920
438 58240
439 16640
440 66560
441 58240
442 58240
443 41600
444 8320
445 91520
446 49920
447 49920
448 41600
449 66560
450 41600
451 58240
452 58240
453 8320
454 74880
455 58240
456 49920
457 41600
458 8320
459 91520
460 49920
461 49920
462 41600
463 66560
464 41600
465 58240
466 58240
467 8320
468 74880
469 58240
470 49920
471 41600
472 8320
473 91520
474 49920
475 49920
476 41600
477 66560
478 41600
479 58240
480 58240
481 8320
482 74880
483 58240
484 49920
485 41600
486 8320
487 91520
488 49920
489 49920
490 41600
491 66560
492 41600
493 58240
494 58240
495 8320
496 83200
497 58240
498 41600
499 41600
500 8320
501 99840
502 41600
503 58240
504 33280
505 66560
506 41600
507 66560
508 49920
509 8320
510 83200
511 58240
512 41600
513 41600
514 8320
515 99840
516 41600
517 58240
518 33280
519 66560
520 41600
521 66560
522 49920
523 8320
524 83200
525 58240
526 41600
527 41600
528 8320
529 99840
530 41600
531 58240
532 33280
533 66560
534 41600
535 66560
536 49920
537 8320
538 83200
539 58240
540 41600
541 41600
542 8320
543 99840
544 41600
545 58240
546 33280
547 66560
548 49920
549 66560
550 41600
551 8320
552 83200
553 58240
554 41600
555 49920
556 0
557 108160
558 41600
559 58240
560 24960
561 66560
562 49920
563 66560
564 41600
565 8320
566 83200
567 58240
568 41600
569 49920
570 0
571 108160
572 41600
573 58240
574 24960
575 66560
576 49920
577 66560
578 41600
579 8320
580 83200
581 58240
582 41600
583 49920
584 0
585 108160
586 41600
587 58240
588 24960
589 66560
590 49920
591 66560
592 41600
593 8320
594 83200
595 58240
596 41600
597 49920
598 66560
599 41600
600 49920
601 58240
602 16640
603 66560
604 58240
605 58240
606 41600
607 8320
608 83200
609 58240
610 41600
611 49920
612 66560
613 41600
614 49920
615 58240
616 16640
617 66560
618 58240
619 58240
620 41600
621 8320
622 83200
623 58240
624 41600
625 49920
626 66560
627 41600
628 49920
629 58240
630 16640
631 66560
632 58240
633 58240
634 41600
635 8320
636 83200
637 58240
638 41600
639 49920
640 66560
641 41600
642 49920
643 58240
644 16640
645 66560
646 58240
647 58240
648 41600
649 8320
650 91520
651 49920
652 49920
653 41600
654 66560
655 41600
656 58240
657 58240
658 8320
659 74880
660 58240
661 49920
662 41600
663 8320
664 91520
665 49920
666 49920
667 41600
668 66560
669 41600
670 58240
671 58240
672 8320
673 74880
674 58240
675 49920
676 41600
677 8320
678 91520
679 49920
680 49920
681 41600
682 66560
683 41600
684 58240
685 58240
686 8320
687 74880
688 58240
689 49920
690 41600
691 8320
692 91520
693 49920
694 49920
695 41600
696 66560
697 41600
698 58240
699 58240
700 8320
701 74880
702 66560
703 41600
704 41600
705 8320
706 99840
707 41600
708 58240
709 33280
710 66560
711 41600
712 66560
713 49920
714 8320
715 83200
716 58240
717 41600
718 41600
719 8320
720 99840
721 41600
722 58240
723 33280
724 66560
725 41600
726 66560
727 49920
728 8320
729 83200
730 58240
731 41600
732 41600
733 8320
734 99840
735 41600
736 58240
737 33280
738 66560
739 41600
740 66560
741 49920
742 8320
743 83200
744 58240
745 41600
746 41600
747 8320
748 99840
749 41600
750 58240
751 33280
752 66560
753 41600
754 74880
755 41600
756 8320
757 83200
758 58240
759 41600
760 49920
761 0
762 108160
763 41600
764 58240
765 24960
766 66560
767 49920
768 66560
769 41600
770 8320
771 83200
772 58240
773 41600
774 49920
775 0
776 108160
777 41600
778 58240
779 24960
780 66560
781 49920
782 66560
783 41600
784 8320
785 83200
786 58240
787 41600
788 49920
789 0
790 108160
791 41600
792 58240
793 24960
794 66560
795 49920
796 66560
797 41600
798 8320
799 83200
800 58240
801 41600
802 49920
803 0
804 108160
805 41600
806 66560
807 16640
808 66560
809 58240
810 58240
811 41600
812 8320
813 83200
814 58240
815 41600
816 49920
817 66560
818 41600
819 49920
820 58240
821 16640
822 66560
823 58240
824 58240
825 41600
826 8320
827 83200
828 58240
829 41600
830 49920
831 66560
832 41600
833 49920
834 58240
835 16640
836 66560
837 58240
838 58240
839 41600
840 8320
841 83200
842 58240
843 41600
844 49920
845 66560
846 41600
847 49920
848 58240
849 16640
850 66560
851 58240
852 58240
853 41600
854 8320
855 83200
856 58240
857 41600
858 49920
859 66560
860 41600
861 58240
862 58240
863 8320
864 74880
865 58240
866 49920
867 41600
868 8320
869 91520
870 49920
871 49920
872 41600
873 66560
874 41600
875 58240
876 58240
877 8320
878 74880
879 58240
880 49920
881 41600
882 8320
883 91520
884 49920
885 49920
886 41600
887 66560
888 41600
889 58240
890 58240
891 8320
892 74880
893 58240
894 49920
895 41600
896 8320
897 91520
898 49920
899 49920
900 41600
901 66560
902 41600
903 58240
904 58240
905 8320
906 74880
907 58240
908 49920
909 41600
910 8320
911 99840
912 41600
913 58240
914 33280
915 66560
916 41600
917 66560
918 49920
919 8320
920 83200
921 58240
922 41600
923 41600
924 8320
925 99840
926 41600
927 58240
928 33280
929 66560
930 41600
931 66560
932 49920
933 8320
934 83200
935 58240
936 41600
937 41600
938 8320
939 99840
940 41600
941 58240
942 33280
943 66560
944 41600
945 66560
946 49920
947 8320
948 83200
949 58240
950 41600
951 41600
952 8320
953 99840
954 41600
955 58240
956 33280
957 66560
958 41600
959 66560
960 49920
961 8320
962 83200
963 58240
964 41600
965 49920
966 0
967 108160
968 41600
969 58240
970 24960
971 66560
972 49920
973 66560
974 41600
975 8320
976 83200
977 58240
978 41600
979 49920
980 0
981 108160
982 41600
983 58240
984 24960
985 66560
986 49920
987 66560
988 41600
989 8320
990 83200
991 58240
992 41600
993 49920
994 0
995 108160
996 41600
997 58240
998 24960
999 66560
