0 1.0
1 3.2448299999999994
2 2.5
3 4.266183
4 5.660018
5 6.641113999999999
6 3.113188
7 2.499998
8 4.3962699999999995
9 5.4151039999999995
10 6.168180999999999
11 1.0
12 3.386213
13 4.7484020000000005
14 5.661760000000001
15 6.581546
16 2.183446
17 3.882091
18 4.575146999999999
19 5.494147
20 1.57
21 3.250336
22 4.522677
23 5.564128999999999
24 4.912204
25 1.9159030000000001
26 4.0354730000000005
27 5.111472999999999
28 5.932233999999999
29 5.0008300000000006
30 2.699323
31 4.26478
32 5.1687899999999996
33 6.2428
34 3.246748
35 2.399998
36 4.249752
37 5.392114000000001
38 6.252882999999999
39 3.0754029999999997
40 2.7963060000000004
41 4.222267
42 5.327047
43 5.053001
44 1.8
45 3.2466720000000002
46 4.758903999999999
47 5.894540000000001
48 2.7311020000000004
49 2.499998
50 4.239751
51 5.190152
52 5.899896999999999
53 1.583446
54 3.562209
55 4.503232
56 5.478025
57 3.3672200000000005
58 2.665903
59 4.098504
60 5.3140149999999995
61 6.315014
62 1.15
63 3.3399970000000003
64 4.715885999999999
65 5.628292
66 6.387618999999999
67 3.174532
68 2.896306
69 3.8322680000000005
70 5.3887100000000006
71 5.122947
72 3.85786
73 3.046672
74 4.437542
75 5.717910000000001
76 2.592764
77 4.275413
78 3.749752
79 4.958096
80 5.894824999999999
81 2.8311020000000005
82 2.896306
83 3.7322680000000004
84 5.11412
85 4.855411
86 2.5455370000000004
87 3.7579830000000003
88 4.947335999999999
89 5.721492999999999
90 2.4786010000000003
91 3.029998
92 4.6241
93 5.578761000000002
94 6.496934999999999
95 1.2
96 3.6986450000000004
97 4.561316
98 5.642968000000001
99 5.098322
100 4.118677
101 5.652939000000001
102 4.524375
103 5.638395999999998
104 2.708573
105 4.377268000000001
106 5.507670999999999
107 4.285528000000001
108 5.7031079999999985
109 2.97621
110 5.008619
111 3.4718419999999997
112 4.950203
113 4.583353999999999
114 3.458466
115 2.99208
116 4.335503999999999
117 5.4456489999999995
118 2.400233
119 2.459998
120 4.102268
121 4.98736
122 5.751035
123 2.678601
124 3.388646
125 4.577480999999999
126 5.788364
127 4.896425
128 3.729904
129 3.29208
130 4.794827
131 5.737698999999998
132 2.789374
133 4.699163
134 6.036004
135 3.985528000000001
136 5.491745999999999
137 2.606586
138 4.774554999999999
139 5.585329
140 4.346254
141 2.204624
142 3.9883560000000005
143 5.241286999999999
144 4.016604
145 5.162203999999999
146 2.154247
147 4.007808
148 5.307683
149 4.240829000000001
150 5.525688999999999
151 2.528194
152 4.152893000000001
153 4.059926
154 5.012157
155 2.199259
156 3.8452669999999998
157 3.386615
158 5.016451000000001
159 5.977688
160 2.5292049999999997
161 4.3782820000000005
162 3.7322680000000004
163 4.934851
164 5.707879999999999
165 2.948065
166 5.093847000000001
167 6.1355450000000005
168 4.2462539999999995
169 2.0
170 3.6187750000000003
171 4.833060999999999
172 5.953493
173 4.717504999999999
174 2.033943
175 4.110049000000001
176 5.024068
177 4.085528000000001
178 4.791745999999999
179 2.149323
180 4.339717
181 5.496329
182 4.580198
183 1.9788710000000003
184 3.2159890000000004
185 4.385561
186 4.216604
187 5.228107
188 2.001832
189 4.0565359999999995
190 3.7662120000000003
191 5.071316
192 5.552662
193 3.0726649999999998
194 4.617301
195 3.625824
196 5.039899
197 2.4061339999999998
198 4.226706
199 5.373361
200 6.123139000000002
201 4.5622039999999995
202 1.3
203 3.862406
204 5.087994999999999
205 6.126266000000001
206 4.884774
207 2.278871
208 4.052893
209 5.218588
210 6.115315
211 1.0
212 3.1899970000000004
213 4.728883
214 5.980834
215 4.841074999999999
216 1.3
217 3.576213
218 4.586515
219 4.018996
220 5.12083
221 2.791832
222 4.441381000000002
223 5.483296
224 4.909899999999999
225 2.101832
226 3.6592870000000004
227 4.792592999999999
228 3.985528000000001
229 5.352202999999999
230 2.2327690000000002
231 4.452831
232 5.163369999999999
233 6.10286
234 6.8677719999999995
235 1.6
236 3.9442329999999997
237 5.326302999999999
238 6.512471000000001
239 3.4542740000000003
240 2.399998
241 4.312711
242 5.478292000000001
243 6.193305999999999
244 1.0
245 3.6463050000000004
246 4.903703
247 5.951506
248 5.142635
249 2.2
250 3.6466710000000004
251 4.686865
252 4.401776
253 1.6700000000000004
254 3.5838740000000002
255 4.942984999999999
256 5.843000000000001
257 4.862204
258 1.865903
259 4.055595
260 4.961473
261 5.914790000000001
262 3.9225210000000006
263 3.083267
264 4.541677000000002
265 5.429342
266 6.44553
267 3.246748
268 2.399998
269 4.3497520000000005
270 5.6474150000000005
271 6.5868269999999995
272 3.4542740000000003
273 2.7963060000000004
274 4.322267000000001
275 5.327047
276 5.053001
277 1.8
278 3.5019730000000004
279 5.092848
280 6.273411
281 2.7311020000000004
282 2.499998
283 4.049751
284 4.934851
285 5.616451
286 1.555301
287 3.8961530000000004
288 4.882103000000001
289 5.478025
290 3.46722
291 2.565903
292 3.948504
293 5.164015
294 6.4807429999999995
295 1.333944
296 3.711436999999999
297 4.648402
298 5.578292
299 6.310525999999999
300 3.410904
301 2.8986460000000003
302 4.296325
303 5.779857
304 5.4018180000000005
305 3.864387
306 3.09208
307 4.545503
308 5.678337999999998
309 2.542966
310 4.425413000000001
311 4.066212
312 5.313722000000001
313 5.879491999999999
314 3.031102
315 2.8986460000000003
316 3.7718419999999995
317 5.099527
318 4.711467
319 2.50061
320 4.136854000000001
321 4.847335999999999
322 5.8214929999999985
323 2.4786010000000003
324 3.029998
325 4.434099999999999
326 5.434817000000001
327 6.427588999999999
328 1.578871
329 3.5986450000000003
330 4.661315999999999
331 5.642968000000001
332 5.098322
333 3.9286770000000004
334 5.5334140000000005
335 4.4289499999999995
336 6.017266999999999
337 2.608573
338 4.4772680000000005
339 5.507670999999999
340 4.285528000000001
341 5.513107999999999
342 2.882764
343 4.913194
344 3.8507130000000003
345 4.8502030000000005
346 2.316134
347 3.90604
348 3.131314
349 4.216604
350 5.352202999999999
351 2.344775
352 2.893915
353 4.002267999999999
354 5.087359999999999
355 5.751035
356 2.678601
357 3.348646
358 4.588500999999999
359 5.7608440000000005
360 2.8861929999999996
361 4.029904
362 3.831314
363 4.865927
364 5.7948249999999994
365 2.685781
366 4.598908
367 5.969657000000001
368 4.319472
369 5.845616999999999
370 2.7593229999999997
371 4.874554999999999
372 5.585329
373 4.2462539999999995
374 2.0493230000000002
375 3.909713
376 5.196359999999999
377 4.295475000000001
378 5.162203999999999
379 2.2542470000000003
380 4.007808
381 5.207683
382 4.085528000000001
383 5.447045999999999
384 2.483267
385 4.431763999999999
386 3.9599260000000003
387 5.112157
388 2.199259
389 3.7452669999999997
390 3.131314
391 4.937808
392 5.932761
393 2.908076
394 4.278282
395 3.8322680000000005
396 4.934851
397 5.707879999999999
398 3.142966
399 5.056847
400 6.206515999999999
401 4.718770999999999
402 1.9
403 3.906584000000001
404 5.010096
405 6.060931000000001
406 4.462204
407 1.9553
408 4.236292000000001
409 5.450512999999999
410 4.018996
411 4.950830000000001
412 2.5493230000000002
413 4.3914100000000005
414 5.356926
415 4.564383
416 2.033943
417 3.728192
418 4.417635
419 4.385528000000001
420 5.228107
421 2.001832
422 4.058879
423 3.6222679999999996
424 5.026389
425 5.931533
426 2.972665
427 4.717301000000001
428 3.625824
429 5.039899
430 2.216134
431 4.082762
432 5.328434
433 6.502010000000001
434 4.462204
435 1.4
436 3.862406
437 5.087994999999999
438 5.936266000000001
439 4.740830000000001
440 2.209525
441 4.431763999999999
442 5.118588
443 6.2153149999999995
444 1.0
445 3.1899970000000004
446 4.538883
447 5.861309
448 4.7456499999999995
449 1.6788710000000002
450 3.668874
451 4.686515
452 4.051552000000001
453 4.040668999999999
454 2.801832
455 4.395961000000002
456 5.499589
457 5.350647
458 2.001832
459 3.7592870000000005
460 4.928157000000001
461 3.985528000000001
462 5.162202999999999
463 2.2113620000000003
464 4.492678
465 5.542241
466 6.074824
467 5.818554000000001
468 1.8
469 4.059144000000001
470 5.297731000000001
471 6.4690460000000005
472 3.330704
473 3.056986
474 4.299075
475 5.578292
476 6.193305999999999
477 1.0
478 3.4963050000000004
479 4.7484020000000005
480 5.849819000000001
481 5.476579
482 2.4788710000000003
483 3.7466710000000005
484 4.786865000000001
485 4.401776
486 1.57
487 3.428573
488 4.864342
489 5.7980730000000005
490 5.141074999999999
491 1.865903
492 4.155595
493 4.961473
494 5.81479
495 3.7672200000000005
496 3.004624
497 4.4967500000000005
498 5.708213
499 6.34553
500 3.3467480000000003
501 2.399998
502 4.332268000000001
503 5.392114000000001
504 6.580776
505 3.6093469999999996
506 3.2775170000000005
507 4.344409999999999
508 5.582825000000001
509 5.098322
510 1.866666
511 3.29208
512 5.190278999999999
513 6.288911999999998
514 3.1099730000000005
515 2.459998
516 4.232267
517 4.934851
518 5.645992999999999
519 1.5
520 3.9198499999999994
521 4.942399
522 6.007676000000001
523 3.3672200000000005
524 2.7325690000000002
525 4.0630440000000005
526 5.324104999999999
527 6.225441999999999
528 1.224483
529 3.6665099999999997
530 5.027273000000001
531 5.478292000000001
532 6.410526
533 3.410904
534 2.8986460000000003
535 4.071841999999999
536 5.6359129999999995
537 5.356890999999999
538 4.243258
539 2.99208
540 4.645503
541 5.678337999999998
542 2.542966
543 4.235412999999999
544 3.922268
545 5.268795000000002
546 6.258362999999999
547 2.931102
548 2.998646
549 3.7718419999999995
550 5.099527
551 4.5214669999999995
552 2.3566659999999997
553 4.067508000000001
554 5.297307
555 5.7792129999999995
556 1.1
557 3.085044
558 4.434099999999999
559 5.302536999999999
560 6.354785999999999
561 1.509525
562 3.9775160000000014
563 4.664173
564 5.839018
565 2.7311020000000004
566 4.36678
567 5.482647999999999
568 4.406604
569 5.921841999999999
570 3.034598
571 4.432314000000001
572 3.5322679999999997
573 4.285528000000001
574 5.581219999999999
575 2.692764
576 4.819748
577 3.7652270000000003
578 5.325124
579 2.216134
580 4.0060400000000005
581 3.131314
582 4.216604
583 5.162202999999999
584 2.239474
585 2.770345
586 4.359255999999999
587 4.98736
588 5.8510349999999995
589 2.678601
590 3.348646
591 4.438501
592 5.605543
593 2.7845059999999995
594 4.363848
595 4.1101849999999995
596 4.965927
597 5.894824999999999
598 2.685781
599 4.498908
600 5.814356000000001
601 4.240829000000001
602 5.800689999999999
603 3.038194
604 4.874554999999999
605 5.685329
606 4.3399
607 1.9493230000000001
608 3.941069
609 5.249791
610 4.319472
611 5.541074
612 2.216134
613 4.278978
614 5.207683
615 4.318996
616 5.350828999999999
617 2.804624
618 4.386837
619 4.574694999999999
620 5.190237999999999
621 2.359289
622 3.878599
623 3.5633879999999998
624 4.751431000000001
625 5.916763999999999
626 2.8631489999999995
627 4.828323
628 3.7322680000000004
629 5.068319000000001
630 5.766964
631 3.142966
632 4.801546
633 6.127872999999999
634 4.673844
635 2.278871
636 3.806584000000001
637 5.110096
638 6.060931000000001
639 4.462204
640 1.699999
641 4.126831
642 5.405586
643 4.397867000000001
644 4.85083
645 2.649323
646 4.3914100000000005
647 5.356926
648 4.3399
649 1.8899990000000002
650 3.683265
651 4.796506
652 4.285528000000001
653 5.328106999999999
654 2.001832
655 4.058879
656 3.4322679999999997
657 4.882445
658 4.702996
659 3.605344
660 4.709910000000001
661 3.8375420000000005
662 5.191775000000001
663 2.216134
664 3.8927620000000003
665 5.315167000000001
666 6.469585
667 4.841074999999999
668 1.3
669 4.133464
670 5.087994999999999
671 6.009412
672 3.3672200000000005
673 2.59
674 4.472331000000001
675 5.609177
676 6.177191
677 1.4
678 3.2725660000000003
679 4.682373
680 5.716629999999999
681 4.652203999999999
682 1.583446
683 4.047745000000001
684 4.586515
685 4.151552000000001
686 4.040668999999999
687 2.801832
688 4.205961
689 5.406143
690 5.2270769999999995
691 2.380703
692 3.6592870000000004
693 5.028157
694 3.985528000000001
695 5.162202999999999
696 2.021362
697 4.387377
698 5.418670999999999
699 6.431811999999999
700 5.718554
701 1.9
702 4.059144000000001
703 5.297731000000001
704 6.319046
705 3.1754029999999998
706 2.955299
707 4.633018999999999
708 5.857163000000002
709 6.293305999999999
710 1.3
711 3.5986450000000003
712 4.687976000000001
713 5.842004
714 3.6225210000000003
715 2.50061
716 4.070950000000001
717 4.966866
718 4.5622039999999995
719 1.57
720 3.4618300000000004
721 4.791557
722 5.71943
723 5.12569
724 2.429209
725 4.157935
726 5.101046999999999
727 5.913442
728 3.6672200000000004
729 2.915989
730 4.522875999999999
731 5.818821999999999
732 6.824938999999999
733 3.246748
734 2.559998
735 4.332268000000001
736 5.392114000000001
737 6.325474999999999
738 3.530704
739 3.2325900000000005
740 4.723281
741 5.482825
742 5.198321999999999
743 1.866666
744 3.29208
745 4.934977999999999
746 6.2102689999999985
747 3.065046
748 2.8388690000000003
749 4.132267000000001
750 5.034851000000001
751 5.645992999999999
752 1.5
753 3.6645489999999996
754 4.832938
755 5.962749
756 3.7460910000000007
757 2.632569
758 4.163044000000001
759 5.324104999999999
760 6.225441999999999
761 1.0
762 3.6543670000000006
763 4.9823460000000015
764 5.857163000000002
765 6.353002999999999
766 3.546748
767 2.8986460000000003
768 4.4099260000000005
769 5.598363
770 2.8917469999999996
771 4.637499
772 3.510185
773 4.616603
774 5.778337999999999
775 2.5918
776 2.515044
777 3.7322680000000004
778 5.124851000000001
779 6.242341999999999
780 3.3099730000000003
781 2.8986460000000003
782 4.209926
783 5.195577
784 2.154247
785 2.566666
786 4.087217
787 5.227961
788 6.158084
789 1.0
790 3.185044
791 4.434099999999999
792 5.302536999999999
793 6.164785999999999
794 1.3900000000000001
795 3.882091
796 5.043044
797 5.739018
798 2.8311020000000005
799 4.36678
800 5.482647999999999
801 4.216604
802 5.828395999999999
803 2.9110280000000004
804 4.811185
805 3.4322679999999997
806 4.385528000000001
807 5.581219999999999
808 2.692764
809 4.629747999999999
810 3.659926
811 5.201554
812 2.573122
813 3.90604
814 3.3633879999999996
815 4.285528000000001
816 5.252203
817 2.154247
818 2.786214
819 4.257568999999999
820 5.354772
821 6.18899
822 3.178601
823 3.5686459999999998
824 4.627656
825 5.599189
826 2.629205
827 2.6552990000000003
828 4.297331
829 5.313722000000001
830 5.949949999999999
831 2.8311020000000005
832 4.670077999999999
833 5.749210000000001
834 4.118996
835 5.851718
836 3.4444229999999996
837 5.194787000000001
838 5.801226999999999
839 4.4399
840 1.9493230000000001
841 3.841069
842 5.0944899999999995
843 4.240829000000001
844 5.496146999999999
845 2.595005
846 4.178978000000001
847 5.307683
848 4.318996
849 5.2508289999999995
850 2.5493230000000002
851 4.308194
852 4.529767999999999
853 5.569108999999999
854 2.259289
855 3.978599
856 3.5633879999999998
857 4.751431000000001
858 5.6614629999999995
859 2.7845059999999995
860 4.783396000000001
861 4.111139
862 4.968319000000001
863 5.866963999999999
864 3.142966
865 4.801546
866 5.98429
867 4.626259
868 2.233944
869 4.185455
870 5.140431
871 6.160931000000001
872 4.462204
873 1.789999
874 4.071801
875 5.308049
876 4.385496000000001
877 4.0460910000000005
878 2.821362
879 4.539436
880 5.468643999999999
881 4.401776
882 1.699999
883 3.5393209999999997
884 4.837943000000001
885 4.664399
886 5.228107
887 2.1709640000000006
888 4.222779
889 3.4322679999999997
890 4.817455000000001
891 4.559051999999999
892 3.5604169999999997
893 5.088781
894 3.737542
895 5.291775
896 2.216134
897 3.8927620000000003
898 5.125167
899 6.350060000000001
900 4.771728999999999
901 1.6788710000000002
902 4.033464
903 5.187994999999999
904 6.009412
905 3.3672200000000005
906 2.4
907 4.352806000000001
908 5.513751999999999
909 6.556062
910 1.3
911 3.3725660000000004
912 4.682373
913 5.716629999999999
914 4.462204
915 1.49
916 3.9241750000000004
917 4.965386
918 4.450204
919 4.233123
920 2.8684979999999998
921 4.251369000000001
922 5.324104999999999
923 5.182203999999999
924 2.257133
925 4.076275000000001
926 5.058586
927 4.085528000000001
928 5.191744999999999
929 2.289474
930 4.3914100000000005
931 5.302943999999999
932 6.467516000000001
933 6.052498000000001
934 2.5455370000000004
935 4.268271999999999
936 5.554077
937 6.379474
938 3.0754029999999997
939 2.859998
940 4.708931
941 5.812236000000001
942 6.601719
943 1.3
944 3.6986450000000004
945 4.687976000000001
946 5.742004
947 3.46722
948 2.421967
949 4.026023
950 5.245737
951 4.5622039999999995
952 1.6700000000000004
953 3.4618300000000004
954 4.691557
955 5.564128999999999
956 5.047046999999999
957 2.384282
958 4.536806000000001
959 5.001047
960 6.0134419999999995
961 3.6672200000000004
962 2.815989
963 4.267574999999999
964 5.7401789999999995
965 6.780011999999999
966 3.6256189999999995
967 2.459998
968 4.4322680000000005
969 5.392114000000001
970 6.367655
971 3.275403
972 3.153947
973 4.7931930000000005
974 6.012871
975 2.7311020000000004
976 2.366666
977 3.731314
978 5.070851
979 5.954967999999999
980 2.9998980000000004
981 2.848988
982 4.511138000000001
983 4.934851
984 5.7459929999999995
985 1.65
986 3.6645489999999996
987 4.709185000000001
988 5.914855
989 1.333944
990 3.4114400000000002
991 4.267926999999999
992 5.545809
993 6.225441999999999
994 1.3
995 3.464367
996 4.838402
997 5.812236000000001
998 6.7318739999999995
999 3.4467480000000004
