0 1
1 3.24483
2 2.5
3 4.33944
4 5.39003
5 6.26135
6 1
7 3.33333
8 4.63158
9 5.97588
10 6.77034
11 1
12 3.63333
13 5.05378
14 5.97588
15 6.91805
16 2
17 4.16441
18 5.25165
19 6.46458
20 1
21 3.33333
22 4.63158
23 5.97588
24 6.77034
25 1
26 3.63333
27 5.05378
28 5.97588
29 6.91805
30 2
31 4.16441
32 5.25165
33 6.46458
34 1
35 3.33333
36 4.84749
37 5.97588
38 6.77034
39 1
40 3.90856
41 5.05378
42 5.97588
43 6.91805
44 2
45 4.16441
46 5.44207
47 6.61927
48 1
49 3.33333
50 4.84749
51 5.97588
52 6.77034
53 1
54 3.90856
55 5.05378
56 5.97588
57 6.91805
58 2
59 4.16441
60 5.44207
61 6.61927
62 1
63 3.33333
64 4.84749
65 5.97588
66 6.77034
67 1
68 3.90856
69 5.05378
70 5.97588
71 6.91805
72 2
73 4.16441
74 5.44207
75 6.61927
76 1
77 3.33333
78 4.84749
79 5.97588
80 6.77034
81 1
82 3.90856
83 5.05378
84 5.97588
85 6.91805
86 2
87 4.16441
88 5.62582
89 6.77034
90 1
91 3.33333
92 5.05378
93 5.97588
94 6.77034
95 1
96 4.16441
97 5.05378
98 6.14322
99 6.91805
100 2
101 4.16441
102 5.62582
103 6.77034
104 1
105 3.33333
106 5.05378
107 5.97588
108 6.77034
109 1
110 4.16441
111 5.05378
112 6.14322
113 6.91805
114 2
115 4.16441
116 5.62582
117 6.77034
118 1
119 3.33333
120 5.05378
121 5.97588
122 6.77034
123 1
124 4.16441
125 5.05378
126 6.14322
127 6.91805
128 2
129 4.16441
130 5.62582
131 6.77034
132 1
133 3.33333
134 5.05378
135 5.97588
136 6.77034
137 1
138 4.16441
139 5.05378
140 6.306
141 1
142 3
143 4.40454
144 5.80357
145 6.77034
146 1
147 3.33333
148 5.05378
149 5.97588
150 6.77034
151 1
152 4.16441
153 5.05378
154 6.306
155 1
156 3
157 4.40454
158 5.80357
159 6.77034
160 1
161 3.33333
162 5.05378
163 5.97588
164 6.77034
165 1
166 4.16441
167 5.05378
168 6.306
169 1
170 3
171 4.40454
172 5.80357
173 6.77034
174 1
175 3.33333
176 5.05378
177 5.97588
178 6.77034
179 1
180 4.16441
181 5.05378
182 6.306
183 1
184 3
185 4.40454
186 5.80357
187 6.77034
188 1
189 3.33333
190 5.05378
191 5.97588
192 6.91805
193 2
194 4.16441
195 5.25165
196 6.46458
197 1
198 3.33333
199 4.63158
200 5.97588
201 6.77034
202 1
203 3.63333
204 5.05378
205 5.97588
206 6.91805
207 2
208 4.16441
209 5.25165
210 6.46458
211 1
212 3.33333
213 4.63158
214 5.97588
215 6.77034
216 1
217 3.63333
218 5.05378
219 5.97588
220 6.91805
221 2
222 4.16441
223 5.25165
224 6.46458
225 1
226 3.33333
227 4.63158
228 5.97588
229 6.77034
230 1
231 3.63333
232 5.05378
233 5.97588
234 6.91805
235 2
236 4.16441
237 5.25165
238 6.46458
239 1
240 3.33333
241 4.63158
242 5.97588
243 6.77034
244 1
245 3.90856
246 5.05378
247 5.97588
248 6.91805
249 2
250 4.16441
251 5.44207
252 6.61927
253 1
254 3.33333
255 4.84749
256 5.97588
257 6.77034
258 1
259 3.90856
260 5.05378
261 5.97588
262 6.91805
263 2
264 4.16441
265 5.44207
266 6.61927
267 1
268 3.33333
269 4.84749
270 5.97588
271 6.77034
272 1
273 3.90856
274 5.05378
275 5.97588
276 6.91805
277 2
278 4.16441
279 5.44207
280 6.61927
281 1
282 3.33333
283 4.84749
284 5.97588
285 6.77034
286 1
287 3.90856
288 5.05378
289 5.97588
290 6.91805
291 2
292 4.16441
293 5.44207
294 6.77034
295 1
296 3.33333
297 5.05378
298 5.97588
299 6.77034
300 1
301 4.16441
302 5.05378
303 6.14322
304 6.91805
305 2
306 4.16441
307 5.62582
308 6.77034
309 1
310 3.33333
311 5.05378
312 5.97588
313 6.77034
314 1
315 4.16441
316 5.05378
317 6.14322
318 6.91805
319 2
320 4.16441
321 5.62582
322 6.77034
323 1
324 3.33333
325 5.05378
326 5.97588
327 6.77034
328 1
329 4.16441
330 5.05378
331 6.14322
332 6.91805
333 2
334 4.16441
335 5.62582
336 6.77034
337 1
338 3.33333
339 5.05378
340 5.97588
341 6.77034
342 1
343 4.16441
344 5.05378
345 6.14322
346 1
347 3
348 4.40454
349 5.80357
350 6.77034
351 1
352 3.33333
353 5.05378
354 5.97588
355 6.77034
356 1
357 4.16441
358 5.05378
359 6.306
360 1
361 3
362 4.40454
363 5.80357
364 6.77034
365 1
366 3.33333
367 5.05378
368 5.97588
369 6.77034
370 1
371 4.16441
372 5.05378
373 6.306
374 1
375 3
376 4.40454
377 5.80357
378 6.77034
379 1
380 3.33333
381 5.05378
382 5.97588
383 6.77034
384 1
385 4.16441
386 5.05378
387 6.306
388 1
389 3
390 4.40454
391 5.80357
392 6.77034
393 1
394 3.33333
395 5.05378
396 5.97588
397 6.77034
398 2
399 4.16441
400 5.25165
401 6.46458
402 1
403 3.33333
404 4.63158
405 5.97588
406 6.77034
407 1
408 3.63333
409 5.05378
410 5.97588
411 6.91805
412 2
413 4.16441
414 5.25165
415 6.46458
416 1
417 3.33333
418 4.63158
419 5.97588
420 6.77034
421 1
422 3.63333
423 5.05378
424 5.97588
425 6.91805
426 2
427 4.16441
428 5.25165
429 6.46458
430 1
431 3.33333
432 4.63158
433 5.97588
434 6.77034
435 1
436 3.63333
437 5.05378
438 5.97588
439 6.91805
440 2
441 4.16441
442 5.25165
443 6.46458
444 1
445 3.33333
446 4.63158
447 5.97588
448 6.77034
449 1
450 3.90856
451 5.05378
452 5.97588
453 6.91805
454 2
455 4.16441
456 5.44207
457 6.61927
458 1
459 3.33333
460 4.84749
461 5.97588
462 6.77034
463 1
464 3.90856
465 5.05378
466 5.97588
467 6.91805
468 2
469 4.16441
470 5.44207
471 6.61927
472 1
473 3.33333
474 4.84749
475 5.97588
476 6.77034
477 1
478 3.90856
479 5.05378
480 5.97588
481 6.91805
482 2
483 4.16441
484 5.44207
485 6.61927
486 1
487 3.33333
488 4.84749
489 5.97588
490 6.77034
491 1
492 3.90856
493 5.05378
494 5.97588
495 6.91805
496 2
497 4.16441
498 5.44207
499 6.61927
500 1
501 3.33333
502 5.05378
503 5.97588
504 6.77034
505 1
506 4.16441
507 5.05378
508 6.14322
509 6.91805
510 2
511 4.16441
512 5.62582
513 6.77034
514 1
515 3.33333
516 5.05378
517 5.97588
518 6.77034
519 1
520 4.16441
521 5.05378
522 6.14322
523 6.91805
524 2
525 4.16441
526 5.62582
527 6.77034
528 1
529 3.33333
530 5.05378
531 5.97588
532 6.77034
533 1
534 4.16441
535 5.05378
536 6.14322
537 6.91805
538 2
539 4.16441
540 5.62582
541 6.77034
542 1
543 3.33333
544 5.05378
545 5.97588
546 6.77034
547 1
548 4.16441
549 5.05378
550 6.14322
551 6.91805
552 2
553 4.16441
554 5.80357
555 6.77034
556 1
557 3.33333
558 5.05378
559 5.97588
560 6.77034
561 1
562 4.16441
563 5.05378
564 6.306
565 1
566 3
567 4.40454
568 5.80357
569 6.77034
570 1
571 3.33333
572 5.05378
573 5.97588
574 6.77034
575 1
576 4.16441
577 5.05378
578 6.306
579 1
580 3
581 4.40454
582 5.80357
583 6.77034
584 1
585 3.33333
586 5.05378
587 5.97588
588 6.77034
589 1
590 4.16441
591 5.05378
592 6.306
593 1
594 3
595 4.40454
596 5.80357
597 6.77034
598 1
599 3.33333
600 5.05378
601 5.97588
602 6.77034
603 1
604 4.16441
605 5.05378
606 6.46458
607 1
608 3.33333
609 4.63158
610 5.97588
611 6.77034
612 1
613 3.63333
614 5.05378
615 5.97588
616 6.91805
617 2
618 4.16441
619 5.25165
620 6.46458
621 1
622 3.33333
623 4.63158
624 5.97588
625 6.77034
626 1
627 3.63333
628 5.05378
629 5.97588
630 6.91805
631 2
632 4.16441
633 5.25165
634 6.46458
635 1
636 3.33333
637 4.63158
638 5.97588
639 6.77034
640 1
641 3.63333
642 5.05378
643 5.97588
644 6.91805
645 2
646 4.16441
647 5.25165
648 6.46458
649 1
650 3.33333
651 4.63158
652 5.97588
653 6.77034
654 1
655 3.63333
656 5.05378
657 5.97588
658 6.91805
659 2
660 4.16441
661 5.44207
662 6.61927
663 1
664 3.33333
665 4.84749
666 5.97588
667 6.77034
668 1
669 3.90856
670 5.05378
671 5.97588
672 6.91805
673 2
674 4.16441
675 5.44207
676 6.61927
677 1
678 3.33333
679 4.84749
680 5.97588
681 6.77034
682 1
683 3.90856
684 5.05378
685 5.97588
686 6.91805
687 2
688 4.16441
689 5.44207
690 6.61927
691 1
692 3.33333
693 4.84749
694 5.97588
695 6.77034
696 1
697 3.90856
698 5.05378
699 5.97588
700 6.91805
701 2
702 4.16441
703 5.44207
704 6.61927
705 1
706 3.33333
707 4.84749
708 5.97588
709 6.77034
710 1
711 4.16441
712 5.05378
713 6.14322
714 6.91805
715 2
716 4.16441
717 5.62582
718 6.77034
719 1
720 3.33333
721 5.05378
722 5.97588
723 6.77034
724 1
725 4.16441
726 5.05378
727 6.14322
728 6.91805
729 2
730 4.16441
731 5.62582
732 6.77034
733 1
734 3.33333
735 5.05378
736 5.97588
737 6.77034
738 1
739 4.16441
740 5.05378
741 6.14322
742 6.91805
743 2
744 4.16441
745 5.62582
746 6.77034
747 1
748 3.33333
749 5.05378
750 5.97588
751 6.77034
752 1
753 4.16441
754 5.05378
755 6.14322
756 6.91805
757 2
758 4.16441
759 5.62582
760 6.77034
761 1
762 3.33333
763 5.05378
764 5.97588
765 6.77034
766 1
767 4.16441
768 5.05378
769 6.306
770 1
771 3
772 4.40454
773 5.80357
774 6.77034
775 1
776 3.33333
777 5.05378
778 5.97588
779 6.77034
780 1
781 4.16441
782 5.05378
783 6.306
784 1
785 3
786 4.40454
787 5.80357
788 6.77034
789 1
790 3.33333
791 5.05378
792 5.97588
793 6.77034
794 1
795 4.16441
796 5.05378
797 6.306
798 1
799 3
800 4.40454
801 5.80357
802 6.77034
803 1
804 3.33333
805 5.05378
806 5.97588
807 6.77034
808 1
809 4.16441
810 5.05378
811 6.306
812 1
813 3
814 4.63158
815 5.97588
816 6.77034
817 1
818 3.63333
819 5.05378
820 5.97588
821 6.91805
822 2
823 4.16441
824 5.25165
825 6.46458
826 1
827 3.33333
828 4.63158
829 5.97588
830 6.77034
831 1
832 3.63333
833 5.05378
834 5.97588
835 6.91805
836 2
837 4.16441
838 5.25165
839 6.46458
840 1
841 3.33333
842 4.63158
843 5.97588
844 6.77034
845 1
846 3.63333
847 5.05378
848 5.97588
849 6.91805
850 2
851 4.16441
852 5.25165
853 6.46458
854 1
855 3.33333
856 4.63158
857 5.97588
858 6.77034
859 1
860 3.63333
861 5.05378
862 5.97588
863 6.91805
864 2
865 4.16441
866 5.44207
867 6.61927
868 1
869 3.33333
870 4.84749
871 5.97588
872 6.77034
873 1
874 3.90856
875 5.05378
876 5.97588
877 6.91805
878 2
879 4.16441
880 5.44207
881 6.61927
882 1
883 3.33333
884 4.84749
885 5.97588
886 6.77034
887 1
888 3.90856
889 5.05378
890 5.97588
891 6.91805
892 2
893 4.16441
894 5.44207
895 6.61927
896 1
897 3.33333
898 4.84749
899 5.97588
900 6.77034
901 1
902 3.90856
903 5.05378
904 5.97588
905 6.91805
906 2
907 4.16441
908 5.44207
909 6.61927
910 1
911 3.33333
912 4.84749
913 5.97588
914 6.77034
915 1
916 3.90856
917 5.05378
918 6.14322
919 6.91805
920 2
921 4.16441
922 5.62582
923 6.77034
924 1
925 3.33333
926 5.05378
927 5.97588
928 6.77034
929 1
930 4.16441
931 5.05378
932 6.14322
933 6.91805
934 2
935 4.16441
936 5.62582
937 6.77034
938 1
939 3.33333
940 5.05378
941 5.97588
942 6.77034
943 1
944 4.16441
945 5.05378
946 6.14322
947 6.91805
948 2
949 4.16441
950 5.62582
951 6.77034
952 1
953 3.33333
954 5.05378
955 5.97588
956 6.77034
957 1
958 4.16441
959 5.05378
960 6.14322
961 6.91805
962 2
963 4.16441
964 5.62582
965 6.77034
966 1
967 3.33333
968 5.05378
969 5.97588
970 6.77034
971 1
972 4.16441
973 5.05378
974 6.306
975 1
976 3
977 4.40454
978 5.80357
979 6.77034
980 1
981 3.33333
982 5.05378
983 5.97588
984 6.77034
985 1
986 4.16441
987 5.05378
988 6.306
989 1
990 3
991 4.40454
992 5.80357
993 6.77034
994 1
995 3.33333
996 5.05378
997 5.97588
998 6.77034
999 1
