0 1
1 3.24483
2 2.5
3 4.09525
4 5.57555
5 6.5768
6 1
7 2
8 3
9 1
10 1
11 1
12 1
13 2
14 2.5
15 3.55301
16 3.83446
17 3.83446
18 1
19 1
20 1
21 1
22 1
23 2
24 2.5
25 2.5
26 2.5
27 2.5
28 2.5
29 2.5
30 2.5
31 2.5
32 1
33 1
34 1
35 1
36 1
37 1
38 1
39 1
40 1
41 1
42 1
43 1
44 1
45 1
46 1
47 1
48 1
49 2
50 2.9
51 3.55301
52 3.83446
53 3.83446
54 1
55 1
56 1
57 1
58 2
59 2.5
60 2.5
61 2.5
62 2.5
63 2.5
64 2.5
65 2.5
66 2.5
67 1
68 2
69 2
70 2
71 2
72 2
73 2
74 2
75 2
76 2
77 2
78 2
79 2
80 2
81 2
82 2
83 1
84 2.9
85 4.33944
86 4.78871
87 1
88 2
89 1
90 1
91 1
92 2.9
93 4.33944
94 4.78871
95 1
96 2
97 1
98 1
99 1
100 2.9
101 4.09525
102 4.78871
103 1
104 2
105 1
106 1
107 1
108 2.9
109 3.83446
110 4.78871
111 1
112 2
113 1
114 1
115 1
116 2.9
117 3.83446
118 4.78871
119 1
120 2
121 1
122 1
123 1
124 2.9
125 3.55301
126 4.78871
127 1
128 2
129 1
130 1
131 1
132 2.5
133 3.55301
134 4.56988
135 1
136 2
137 1
138 1
139 1
140 2
141 3.55301
142 4.33944
143 4.78871
144 2
145 2
146 1
147 1
148 2
149 3.55301
150 4.33944
151 4.78871
152 2
153 2
154 1
155 1
156 2
157 3.55301
158 4.33944
159 4.78871
160 1
161 2
162 1
163 1
164 1
165 3.55301
166 4.33944
167 4.78871
168 1
169 2
170 1
171 1
172 1
173 3.55301
174 4.33944
175 4.78871
176 1
177 2
178 1
179 1
180 1
181 3.55301
182 4.33944
183 4.78871
184 1
185 2
186 1
187 1
188 1
189 3.24483
190 4.33944
191 4.78871
192 1
193 2
194 1
195 1
196 1
197 2.9
198 4.33944
199 4.78871
200 1
201 2
202 1
203 1
204 1
205 2.9
206 4.33944
207 4.78871
208 1
209 2
210 1
211 1
212 1
213 2.9
214 4.09525
215 4.78871
216 1
217 2
218 1
219 1
220 1
221 2.9
222 3.83446
223 4.78871
224 1
225 2
226 1
227 1
228 1
229 2.9
230 3.83446
231 4.78871
232 1
233 2
234 1
235 1
236 1
237 2.9
238 3.55301
239 4.78871
240 1
241 2
242 1
243 1
244 1
245 2.5
246 3.55301
247 4.56988
248 1
249 2
250 1
251 1
252 1
253 2
254 3.55301
255 4.33944
256 4.78871
257 2
258 2
259 1
260 1
261 2
262 3.55301
263 4.33944
264 4.78871
265 2
266 2
267 1
268 1
269 2
270 3.55301
271 4.33944
272 4.78871
273 1
274 2
275 1
276 1
277 1
278 3.55301
279 4.33944
280 4.78871
281 1
282 2
283 1
284 1
285 1
286 3.55301
287 4.33944
288 4.78871
289 1
290 2
291 1
292 1
293 1
294 3.55301
295 4.33944
296 4.78871
297 1
298 2
299 1
300 1
301 1
302 3.24483
303 4.33944
304 4.78871
305 1
306 2
307 1
308 1
309 1
310 2.9
311 4.33944
312 4.78871
313 1
314 2
315 1
316 1
317 1
318 2.9
319 4.33944
320 4.78871
321 1
322 2
323 1
324 1
325 1
326 2.9
327 4.09525
328 4.78871
329 1
330 2
331 1
332 1
333 1
334 2.9
335 3.83446
336 4.78871
337 1
338 2
339 1
340 1
341 1
342 2.9
343 3.83446
344 4.78871
345 1
346 2
347 1
348 1
349 1
350 2.9
351 3.55301
352 4.78871
353 1
354 2
355 1
356 1
357 1
358 2.5
359 3.55301
360 4.56988
361 1
362 2
363 1
364 1
365 1
366 2
367 3.55301
368 4.33944
369 4.78871
370 2
371 2
372 1
373 1
374 2
375 3.55301
376 4.33944
377 4.78871
378 2
379 2
380 1
381 1
382 2
383 3.55301
384 4.33944
385 4.78871
386 1
387 2
388 1
389 1
390 1
391 3.55301
392 4.33944
393 4.78871
394 1
395 2
396 1
397 1
398 1
399 3.55301
400 4.33944
401 4.78871
402 1
403 2
404 1
405 1
406 1
407 3.55301
408 4.33944
409 4.78871
410 1
411 2
412 1
413 1
414 1
415 3.24483
416 4.33944
417 4.78871
418 1
419 2
420 1
421 1
422 1
423 2.9
424 4.33944
425 4.78871
426 1
427 2
428 1
429 1
430 1
431 2.9
432 4.33944
433 4.78871
434 1
435 2
436 1
437 1
438 1
439 2.9
440 4.09525
441 4.78871
442 1
443 2
444 1
445 1
446 1
447 2.9
448 3.83446
449 4.78871
450 1
451 2
452 1
453 1
454 1
455 2.9
456 3.83446
457 4.78871
458 1
459 2
460 1
461 1
462 1
463 2.9
464 3.55301
465 4.78871
466 1
467 2
468 1
469 1
470 1
471 2.5
472 3.55301
473 4.56988
474 1
475 2
476 1
477 1
478 1
479 2
480 3.55301
481 4.33944
482 4.78871
483 2
484 2
485 1
486 1
487 2
488 3.55301
489 4.33944
490 4.78871
491 2
492 2
493 1
494 1
495 2
496 3.55301
497 4.33944
498 4.78871
499 1
500 2
501 1
502 1
503 1
504 3.55301
505 4.33944
506 4.78871
507 1
508 2
509 1
510 1
511 1
512 3.55301
513 4.33944
514 4.78871
515 1
516 2
517 1
518 1
519 1
520 3.55301
521 4.33944
522 4.78871
523 1
524 2
525 1
526 1
527 1
528 3.24483
529 4.33944
530 4.78871
531 1
532 2
533 1
534 1
535 1
536 2.9
537 4.33944
538 4.78871
539 1
540 2
541 1
542 1
543 1
544 2.9
545 4.33944
546 4.78871
547 1
548 2
549 1
550 1
551 1
552 2.9
553 4.09525
554 4.78871
555 1
556 2
557 1
558 1
559 1
560 2.9
561 4.09525
562 4.78871
563 1
564 2
565 1
566 1
567 1
568 2.9
569 3.83446
570 4.78871
571 1
572 2
573 1
574 1
575 1
576 2.9
577 3.55301
578 4.78871
579 1
580 2
581 1
582 1
583 1
584 2.5
585 3.55301
586 4.56988
587 1
588 2
589 1
590 1
591 1
592 2
593 3.55301
594 4.33944
595 4.78871
596 2
597 2
598 1
599 1
600 2
601 3.55301
602 4.33944
603 4.78871
604 2
605 2
606 1
607 1
608 2
609 3.55301
610 4.33944
611 4.78871
612 1
613 2
614 1
615 1
616 2
617 3.55301
618 4.33944
619 4.78871
620 1
621 2
622 1
623 1
624 1
625 3.55301
626 4.33944
627 4.78871
628 1
629 2
630 1
631 1
632 1
633 3.55301
634 4.33944
635 4.78871
636 1
637 2
638 1
639 1
640 1
641 3.24483
642 4.33944
643 4.78871
644 1
645 2
646 1
647 1
648 1
649 2.9
650 4.33944
651 4.78871
652 1
653 2
654 1
655 1
656 1
657 2.9
658 4.33944
659 4.78871
660 1
661 2
662 1
663 1
664 1
665 2.9
666 4.09525
667 4.78871
668 1
669 2
670 1
671 1
672 1
673 2.9
674 4.09525
675 4.78871
676 1
677 2
678 1
679 1
680 1
681 2.9
682 3.83446
683 4.78871
684 1
685 2
686 1
687 1
688 1
689 2.9
690 3.55301
691 4.78871
692 1
693 2
694 1
695 1
696 1
697 2.5
698 3.55301
699 4.56988
700 1
701 2
702 1
703 1
704 1
705 2
706 3.55301
707 4.33944
708 4.78871
709 2
710 2
711 1
712 1
713 2
714 3.55301
715 4.33944
716 4.78871
717 2
718 2
719 1
720 1
721 2
722 3.55301
723 4.33944
724 4.78871
725 1
726 2
727 1
728 1
729 2
730 3.55301
731 4.33944
732 4.78871
733 1
734 2
735 1
736 1
737 1
738 3.55301
739 4.33944
740 4.78871
741 1
742 2
743 1
744 1
745 1
746 3.55301
747 4.33944
748 4.78871
749 1
750 2
751 1
752 1
753 1
754 3.24483
755 4.33944
756 4.78871
757 1
758 2
759 1
760 1
761 1
762 2.9
763 4.33944
764 4.78871
765 1
766 2
767 1
768 1
769 1
770 2.9
771 4.33944
772 4.78871
773 1
774 2
775 1
776 1
777 1
778 2.9
779 4.09525
780 4.78871
781 1
782 2
783 1
784 1
785 1
786 2.9
787 4.09525
788 4.78871
789 1
790 2
791 1
792 1
793 1
794 2.9
795 3.83446
796 4.78871
797 1
798 2
799 1
800 1
801 1
802 2.9
803 3.55301
804 4.78871
805 1
806 2
807 1
808 1
809 1
810 2.5
811 3.55301
812 4.56988
813 1
814 2
815 1
816 1
817 1
818 2
819 3.55301
820 4.33944
821 4.78871
822 2
823 2
824 1
825 1
826 2
827 3.55301
828 4.33944
829 4.78871
830 2
831 2
832 1
833 1
834 2
835 3.55301
836 4.33944
837 4.78871
838 2
839 2
840 1
841 1
842 2
843 3.55301
844 4.33944
845 4.78871
846 1
847 2
848 1
849 1
850 1
851 3.55301
852 4.33944
853 4.78871
854 1
855 2
856 1
857 1
858 1
859 3.55301
860 4.33944
861 4.78871
862 1
863 2
864 1
865 1
866 1
867 3.24483
868 4.33944
869 4.78871
870 1
871 2
872 1
873 1
874 1
875 2.9
876 4.33944
877 4.78871
878 1
879 2
880 1
881 1
882 1
883 2.9
884 4.33944
885 4.78871
886 1
887 2
888 1
889 1
890 1
891 2.9
892 4.33944
893 4.78871
894 1
895 2
896 1
897 1
898 1
899 2.9
900 4.09525
901 4.78871
902 1
903 2
904 1
905 1
906 1
907 2.9
908 3.83446
909 4.78871
910 1
911 2
912 1
913 1
914 1
915 2.9
916 3.55301
917 4.78871
918 1
919 2
920 1
921 1
922 1
923 2.5
924 3.55301
925 4.56988
926 1
927 2
928 1
929 1
930 1
931 2
932 3.55301
933 4.33944
934 4.78871
935 2
936 2
937 1
938 1
939 2
940 3.55301
941 4.33944
942 4.78871
943 2
944 2
945 1
946 1
947 2
948 3.55301
949 4.33944
950 4.78871
951 2
952 2
953 1
954 1
955 2
956 3.55301
957 4.33944
958 4.78871
959 1
960 2
961 1
962 1
963 1
964 3.55301
965 4.33944
966 4.78871
967 1
968 2
969 1
970 1
971 1
972 3.55301
973 4.33944
974 4.78871
975 1
976 2
977 1
978 1
979 1
980 3.24483
981 4.33944
982 4.78871
983 1
984 2
985 1
986 1
987 1
988 2.9
989 4.33944
990 4.78871
991 1
992 2
993 1
994 1
995 1
996 2.9
997 4.33944
998 4.78871
999 1
