0 1
1 3.24483
2 2.5
3 4.09525
4 5.75491
5 6.5768
6 1
7 3.33333
8 5.05378
9 5.97588
10 6.77034
11 1
12 4.16441
13 5.05378
14 6.14322
15 6.91805
16 2
17 4.16441
18 5.62582
19 6.77034
20 1
21 3.33333
22 5.05378
23 5.97588
24 6.77034
25 1
26 4.16441
27 5.05378
28 6.14322
29 6.91805
30 2
31 4.16441
32 5.62582
33 6.77034
34 1
35 3.33333
36 5.05378
37 5.97588
38 6.77034
39 1
40 4.16441
41 5.05378
42 6.306
43 1
44 3
45 4.40454
46 5.80357
47 6.77034
48 1
49 3.33333
50 5.05378
51 5.97588
52 6.77034
53 1
54 4.16441
55 5.05378
56 6.306
57 1
58 3
59 4.40454
60 5.80357
61 6.77034
62 1
63 3.33333
64 5.05378
65 5.97588
66 6.77034
67 1
68 4.16441
69 5.05378
70 6.306
71 1
72 3
73 4.40454
74 5.80357
75 6.77034
76 1
77 3.33333
78 5.05378
79 5.97588
80 6.77034
81 1
82 4.16441
83 5.05378
84 6.306
85 1
86 3.33333
87 4.63158
88 5.97588
89 6.77034
90 1
91 3.63333
92 5.05378
93 5.97588
94 6.91805
95 2
96 4.16441
97 5.25165
98 6.46458
99 1
100 3.33333
101 4.63158
102 5.97588
103 6.77034
104 1
105 3.63333
106 5.05378
107 5.97588
108 6.91805
109 2
110 4.16441
111 5.25165
112 6.46458
113 1
114 3.33333
115 4.63158
116 5.97588
117 6.77034
118 1
119 3.63333
120 5.05378
121 5.97588
122 6.91805
123 2
124 4.16441
125 5.25165
126 6.46458
127 1
128 3.33333
129 4.63158
130 5.97588
131 6.77034
132 1
133 3.63333
134 5.05378
135 5.97588
136 6.91805
137 2
138 4.16441
139 5.44207
140 6.61927
141 1
142 3.33333
143 4.84749
144 5.97588
145 6.77034
146 1
147 3.90856
148 5.05378
149 5.97588
150 6.91805
151 2
152 4.16441
153 5.44207
154 6.61927
155 1
156 3.33333
157 4.84749
158 5.97588
159 6.77034
160 1
161 3.90856
162 5.05378
163 5.97588
164 6.91805
165 2
166 4.16441
167 5.44207
168 6.61927
169 1
170 3.33333
171 4.84749
172 5.97588
173 6.77034
174 1
175 3.90856
176 5.05378
177 5.97588
178 6.91805
179 2
180 4.16441
181 5.44207
182 6.61927
183 1
184 3.33333
185 4.84749
186 5.97588
187 6.77034
188 1
189 3.90856
190 5.05378
191 6.14322
192 6.91805
193 2
194 4.16441
195 5.62582
196 6.77034
197 1
198 3.33333
199 5.05378
200 5.97588
201 6.77034
202 1
203 4.16441
204 5.05378
205 6.14322
206 6.91805
207 2
208 4.16441
209 5.62582
210 6.77034
211 1
212 3.33333
213 5.05378
214 5.97588
215 6.77034
216 1
217 4.16441
218 5.05378
219 6.14322
220 6.91805
221 2
222 4.16441
223 5.62582
224 6.77034
225 1
226 3.33333
227 5.05378
228 5.97588
229 6.77034
230 1
231 4.16441
232 5.05378
233 6.14322
234 6.91805
235 2
236 4.16441
237 5.62582
238 6.77034
239 1
240 3.33333
241 5.05378
242 5.97588
243 6.77034
244 1
245 4.16441
246 5.05378
247 6.306
248 1
249 3
250 4.40454
251 5.80357
252 6.77034
253 1
254 3.33333
255 5.05378
256 5.97588
257 6.77034
258 1
259 4.16441
260 5.05378
261 6.306
262 1
263 3
264 4.40454
265 5.80357
266 6.77034
267 1
268 3.33333
269 5.05378
270 5.97588
271 6.77034
272 1
273 4.16441
274 5.05378
275 6.306
276 1
277 3
278 4.40454
279 5.80357
280 6.77034
281 1
282 3.33333
283 5.05378
284 5.97588
285 6.77034
286 1
287 4.16441
288 5.05378
289 6.306
290 1
291 3
292 4.40454
293 5.80357
294 6.77034
295 1
296 3.63333
297 5.05378
298 5.97588
299 6.91805
300 2
301 4.16441
302 5.25165
303 6.46458
304 1
305 3.33333
306 4.63158
307 5.97588
308 6.77034
309 1
310 3.63333
311 5.05378
312 5.97588
313 6.91805
314 2
315 4.16441
316 5.25165
317 6.46458
318 1
319 3.33333
320 4.63158
321 5.97588
322 6.77034
323 1
324 3.63333
325 5.05378
326 5.97588
327 6.91805
328 2
329 4.16441
330 5.25165
331 6.46458
332 1
333 3.33333
334 4.63158
335 5.97588
336 6.77034
337 1
338 3.63333
339 5.05378
340 5.97588
341 6.91805
342 2
343 4.16441
344 5.25165
345 6.46458
346 1
347 3.33333
348 4.84749
349 5.97588
350 6.77034
351 1
352 3.90856
353 5.05378
354 5.97588
355 6.91805
356 2
357 4.16441
358 5.44207
359 6.61927
360 1
361 3.33333
362 4.84749
363 5.97588
364 6.77034
365 1
366 3.90856
367 5.05378
368 5.97588
369 6.91805
370 2
371 4.16441
372 5.44207
373 6.61927
374 1
375 3.33333
376 4.84749
377 5.97588
378 6.77034
379 1
380 3.90856
381 5.05378
382 5.97588
383 6.91805
384 2
385 4.16441
386 5.44207
387 6.61927
388 1
389 3.33333
390 4.84749
391 5.97588
392 6.77034
393 1
394 3.90856
395 5.05378
396 5.97588
397 6.91805
398 2
399 4.16441
400 5.62582
401 6.77034
402 1
403 3.33333
404 5.05378
405 5.97588
406 6.77034
407 1
408 4.16441
409 5.05378
410 6.14322
411 6.91805
412 2
413 4.16441
414 5.62582
415 6.77034
416 1
417 3.33333
418 5.05378
419 5.97588
420 6.77034
421 1
422 4.16441
423 5.05378
424 6.14322
425 6.91805
426 2
427 4.16441
428 5.62582
429 6.77034
430 1
431 3.33333
432 5.05378
433 5.97588
434 6.77034
435 1
436 4.16441
437 5.05378
438 6.14322
439 6.91805
440 2
441 4.16441
442 5.62582
443 6.77034
444 1
445 3.33333
446 5.05378
447 5.97588
448 6.77034
449 1
450 4.16441
451 5.05378
452 6.306
453 1
454 3
455 4.40454
456 5.80357
457 6.77034
458 1
459 3.33333
460 5.05378
461 5.97588
462 6.77034
463 1
464 4.16441
465 5.05378
466 6.306
467 1
468 3
469 4.40454
470 5.80357
471 6.77034
472 1
473 3.33333
474 5.05378
475 5.97588
476 6.77034
477 1
478 4.16441
479 5.05378
480 6.306
481 1
482 3
483 4.40454
484 5.80357
485 6.77034
486 1
487 3.33333
488 5.05378
489 5.97588
490 6.77034
491 1
492 4.16441
493 5.05378
494 6.306
495 1
496 3
497 4.40454
498 5.80357
499 6.77034
500 1
501 3.33333
502 5.05378
503 5.97588
504 6.91805
505 2
506 4.16441
507 5.25165
508 6.46458
509 1
510 3.33333
511 4.63158
512 5.97588
513 6.77034
514 1
515 3.63333
516 5.05378
517 5.97588
518 6.91805
519 2
520 4.16441
521 5.25165
522 6.46458
523 1
524 3.33333
525 4.63158
526 5.97588
527 6.77034
528 1
529 3.63333
530 5.05378
531 5.97588
532 6.91805
533 2
534 4.16441
535 5.25165
536 6.46458
537 1
538 3.33333
539 4.63158
540 5.97588
541 6.77034
542 1
543 3.63333
544 5.05378
545 5.97588
546 6.91805
547 2
548 4.16441
549 5.25165
550 6.46458
551 1
552 3.33333
553 4.63158
554 5.97588
555 6.77034
556 1
557 3.90856
558 5.05378
559 5.97588
560 6.91805
561 2
562 4.16441
563 5.44207
564 6.61927
565 1
566 3.33333
567 4.84749
568 5.97588
569 6.77034
570 1
571 3.90856
572 5.05378
573 5.97588
574 6.91805
575 2
576 4.16441
577 5.44207
578 6.61927
579 1
580 3.33333
581 4.84749
582 5.97588
583 6.77034
584 1
585 3.90856
586 5.05378
587 5.97588
588 6.91805
589 2
590 4.16441
591 5.44207
592 6.61927
593 1
594 3.33333
595 4.84749
596 5.97588
597 6.77034
598 1
599 3.90856
600 5.05378
601 5.97588
602 6.91805
603 2
604 4.16441
605 5.44207
606 6.77034
607 1
608 3.33333
609 5.05378
610 5.97588
611 6.77034
612 1
613 4.16441
614 5.05378
615 6.14322
616 6.91805
617 2
618 4.16441
619 5.62582
620 6.77034
621 1
622 3.33333
623 5.05378
624 5.97588
625 6.77034
626 1
627 4.16441
628 5.05378
629 6.14322
630 6.91805
631 2
632 4.16441
633 5.62582
634 6.77034
635 1
636 3.33333
637 5.05378
638 5.97588
639 6.77034
640 1
641 4.16441
642 5.05378
643 6.14322
644 6.91805
645 2
646 4.16441
647 5.62582
648 6.77034
649 1
650 3.33333
651 5.05378
652 5.97588
653 6.77034
654 1
655 4.16441
656 5.05378
657 6.14322
658 1
659 3
660 4.40454
661 5.80357
662 6.77034
663 1
664 3.33333
665 5.05378
666 5.97588
667 6.77034
668 1
669 4.16441
670 5.05378
671 6.306
672 1
673 3
674 4.40454
675 5.80357
676 6.77034
677 1
678 3.33333
679 5.05378
680 5.97588
681 6.77034
682 1
683 4.16441
684 5.05378
685 6.306
686 1
687 3
688 4.40454
689 5.80357
690 6.77034
691 1
692 3.33333
693 5.05378
694 5.97588
695 6.77034
696 1
697 4.16441
698 5.05378
699 6.306
700 1
701 3
702 4.40454
703 5.80357
704 6.77034
705 1
706 3.33333
707 5.05378
708 5.97588
709 6.77034
710 2
711 4.16441
712 5.25165
713 6.46458
714 1
715 3.33333
716 4.63158
717 5.97588
718 6.77034
719 1
720 3.63333
721 5.05378
722 5.97588
723 6.91805
724 2
725 4.16441
726 5.25165
727 6.46458
728 1
729 3.33333
730 4.63158
731 5.97588
732 6.77034
733 1
734 3.63333
735 5.05378
736 5.97588
737 6.91805
738 2
739 4.16441
740 5.25165
741 6.46458
742 1
743 3.33333
744 4.63158
745 5.97588
746 6.77034
747 1
748 3.63333
749 5.05378
750 5.97588
751 6.91805
752 2
753 4.16441
754 5.25165
755 6.46458
756 1
757 3.33333
758 4.63158
759 5.97588
760 6.77034
761 1
762 3.90856
763 5.05378
764 5.97588
765 6.91805
766 2
767 4.16441
768 5.44207
769 6.61927
770 1
771 3.33333
772 4.84749
773 5.97588
774 6.77034
775 1
776 3.90856
777 5.05378
778 5.97588
779 6.91805
780 2
781 4.16441
782 5.44207
783 6.61927
784 1
785 3.33333
786 4.84749
787 5.97588
788 6.77034
789 1
790 3.90856
791 5.05378
792 5.97588
793 6.91805
794 2
795 4.16441
796 5.44207
797 6.61927
798 1
799 3.33333
800 4.84749
801 5.97588
802 6.77034
803 1
804 3.90856
805 5.05378
806 5.97588
807 6.91805
808 2
809 4.16441
810 5.44207
811 6.61927
812 1
813 3.33333
814 5.05378
815 5.97588
816 6.77034
817 1
818 4.16441
819 5.05378
820 6.14322
821 6.91805
822 2
823 4.16441
824 5.62582
825 6.77034
826 1
827 3.33333
828 5.05378
829 5.97588
830 6.77034
831 1
832 4.16441
833 5.05378
834 6.14322
835 6.91805
836 2
837 4.16441
838 5.62582
839 6.77034
840 1
841 3.33333
842 5.05378
843 5.97588
844 6.77034
845 1
846 4.16441
847 5.05378
848 6.14322
849 6.91805
850 2
851 4.16441
852 5.62582
853 6.77034
854 1
855 3.33333
856 5.05378
857 5.97588
858 6.77034
859 1
860 4.16441
861 5.05378
862 6.14322
863 6.91805
864 2
865 4.16441
866 5.80357
867 6.77034
868 1
869 3.33333
870 5.05378
871 5.97588
872 6.77034
873 1
874 4.16441
875 5.05378
876 6.306
877 1
878 3
879 4.40454
880 5.80357
881 6.77034
882 1
883 3.33333
884 5.05378
885 5.97588
886 6.77034
887 1
888 4.16441
889 5.05378
890 6.306
891 1
892 3
893 4.40454
894 5.80357
895 6.77034
896 1
897 3.33333
898 5.05378
899 5.97588
900 6.77034
901 1
902 4.16441
903 5.05378
904 6.306
905 1
906 3
907 4.40454
908 5.80357
909 6.77034
910 1
911 3.33333
912 5.05378
913 5.97588
914 6.77034
915 1
916 4.16441
917 5.05378
918 6.46458
919 1
920 3.33333
921 4.63158
922 5.97588
923 6.77034
924 1
925 3.63333
926 5.05378
927 5.97588
928 6.91805
929 2
930 4.16441
931 5.25165
932 6.46458
933 1
934 3.33333
935 4.63158
936 5.97588
937 6.77034
938 1
939 3.63333
940 5.05378
941 5.97588
942 6.91805
943 2
944 4.16441
945 5.25165
946 6.46458
947 1
948 3.33333
949 4.63158
950 5.97588
951 6.77034
952 1
953 3.63333
954 5.05378
955 5.97588
956 6.91805
957 2
958 4.16441
959 5.25165
960 6.46458
961 1
962 3.33333
963 4.63158
964 5.97588
965 6.77034
966 1
967 3.63333
968 5.05378
969 5.97588
970 6.91805
971 2
972 4.16441
973 5.44207
974 6.61927
975 1
976 3.33333
977 4.84749
978 5.97588
979 6.77034
980 1
981 3.90856
982 5.05378
983 5.97588
984 6.91805
985 2
986 4.16441
987 5.44207
988 6.61927
989 1
990 3.33333
991 4.84749
992 5.97588
993 6.77034
994 1
995 3.90856
996 5.05378
997 5.97588
998 6.91805
999 2
