0 1
1 3.24483
2 2.5
3 4.33944
4 5.92867
5 7.16526
6 7.83782
7 1
8 4.16441
9 5.80357
10 6.77034
11 1
12 3.33333
13 5.05378
14 5.97588
15 6.91805
16 2
17 3.33333
18 4.16441
19 4.84749
20 2.9
21 3.83446
22 5.19763
23 5.92867
24 2
25 3.55301
26 4.99753
27 6.09735
28 6.87746
29 2
30 4.16441
31 5.05378
32 6.14322
33 7.343
34 8.48916
35 1
36 4
37 5.68862
38 6.96893
39 7.91801
40 1
41 3.63333
42 5.25165
43 6.61927
44 1
45 2
46 4.40454
47 5.97588
48 6.77034
49 1
50 3.33333
51 4.16441
52 4.84749
53 2
54 3.55301
55 4.56988
56 5.75491
57 1
58 3.55301
59 4.33944
60 5.75491
61 6.87746
62 1
63 3.63333
64 5.05378
65 5.97588
66 6.91805
67 8.24844
68 1
69 2
70 5.12386
71 6.51909
72 7.5262
73 1
74 3
75 5.05378
76 5.97588
77 6.91805
78 2
79 3.90856
80 5.44207
81 6.77034
82 1
83 2
84 3.90856
85 4.84749
86 2
87 3.55301
88 4.33944
89 5.19763
90 5.92867
91 2.9
92 4.33944
93 5.19763
94 6.42106
95 1
96 3.33333
97 4.63158
98 5.97588
99 6.77034
100 7.87337
101 8.83778
102 2
103 4.92064
104 6.36191
105 7.3909
106 7.91801
107 2
108 4.40454
109 5.97588
110 6.77034
111 1
112 3.33333
113 5.05378
114 6.306
115 1
116 2
117 3.33333
118 4.40454
119 1
120 2.9
121 4.33944
122 5.19763
123 5.92867
124 2
125 3.83446
126 5.19763
127 6.09735
128 6.87746
129 2
130 4.16441
131 5.25165
132 6.46458
133 7.61288
134 8.48916
135 1
136 4
137 5.68862
138 7.25303
139 7.91801
140 1
141 4.16441
142 5.62582
143 6.77034
144 1
145 3
146 4.84749
147 5.97588
148 6.91805
149 1
150 3.33333
151 4.16441
152 4.84749
153 2.5
154 3.55301
155 4.99753
156 5.92867
157 1
158 3.55301
159 4.78871
160 6.09735
161 6.87746
162 2
163 4.16441
164 5.05378
165 5.97588
166 7.20419
167 8.48916
168 1
169 4
170 5.50703
171 6.67249
172 7.78963
173 1
174 3.33333
175 5.05378
176 6.306
177 1
178 2
179 4.16441
180 5.80357
181 6.77034
182 1
183 3
184 4.16441
185 4.84749
186 2
187 3.55301
188 4.33944
189 5.39003
190 1
191 3.24483
192 4.33944
193 5.57555
194 6.72885
195 1
196 3.33333
197 5.05378
198 5.97588
199 6.77034
200 8.12537
201 1
202 2
203 4.92064
204 6.51909
205 7.3909
206 1
207 2
208 4.84749
209 5.97588
210 6.91805
211 1
212 3.63333
213 5.25165
214 6.61927
215 1
216 2
217 3.63333
218 4.84749
219 1
220 2.9
221 4.33944
222 5.19763
223 5.92867
224 2.9
225 4.33944
226 5.19763
227 6.09735
228 1
229 3.33333
230 4.16441
231 5.62582
232 6.77034
233 7.61288
234 8.72314
235 1
236 4.48529
237 6.03493
238 7.3909
239 7.91801
240 1
241 4.16441
242 5.97588
243 6.77034
244 1
245 3.33333
246 5.05378
247 6.14322
248 6.91805
249 2
250 3.33333
251 4.16441
252 1
253 2.9
254 4.09525
255 5.19763
256 5.92867
257 2
258 3.55301
259 5.19763
260 6.09735
261 6.87746
262 2
263 4.16441
264 5.05378
265 6.306
266 7.47918
267 8.48916
268 1
269 4
270 5.68862
271 6.96893
272 7.91801
273 1
274 3.63333
275 5.25165
276 6.61927
277 1
278 2
279 4.40454
280 5.97588
281 6.77034
282 1
283 3.33333
284 4.16441
285 4.84749
286 2
287 3.55301
288 4.56988
289 5.75491
290 1
291 3.55301
292 4.33944
293 5.75491
294 6.87746
295 1
296 3.90856
297 5.05378
298 5.97588
299 7.0626
300 8.36968
301 1
302 3
303 5.31903
304 6.51909
305 7.65907
306 1
307 3.33333
308 5.05378
309 6.14322
310 6.91805
311 2
312 4.16441
313 5.62582
314 6.77034
315 1
316 2
317 4.16441
318 4.84749
319 2
320 3.55301
321 4.33944
322 5.19763
323 5.92867
324 2.9
325 4.33944
326 5.19763
327 6.42106
328 1
329 3.33333
330 4.63158
331 5.97588
332 6.77034
333 7.87337
334 8.83778
335 2
336 4.92064
337 6.36191
338 7.3909
339 7.91801
340 2
341 4.40454
342 5.97588
343 6.77034
344 1
345 3.33333
346 5.05378
347 6.46458
348 1
349 2
350 3.33333
351 4.63158
352 1
353 2.9
354 4.33944
355 5.19763
356 5.92867
357 2.5
358 4.09525
359 5.19763
360 6.09735
361 6.87746
362 3
363 4.16441
364 5.44207
365 6.61927
366 7.61288
367 8.60696
368 1
369 4.25
370 5.86441
371 7.25303
372 7.91801
373 1
374 4.16441
375 5.62582
376 6.77034
377 1
378 3
379 4.84749
380 5.97588
381 6.91805
382 1
383 3.33333
384 4.16441
385 4.84749
386 2.5
387 3.55301
388 4.99753
389 5.92867
390 1
391 3.55301
392 4.78871
393 6.09735
394 6.87746
395 2
396 4.16441
397 5.05378
398 6.14322
399 7.343
400 8.48916
401 1
402 4
403 5.68862
404 6.82236
405 7.91801
406 1
407 3.33333
408 5.05378
409 6.46458
410 1
411 2
412 4.16441
413 5.97588
414 6.77034
415 1
416 3.33333
417 4.16441
418 4.84749
419 2
420 3.55301
421 4.33944
422 5.57555
423 1
424 3.24483
425 4.33944
426 5.57555
427 6.72885
428 1
429 3.33333
430 5.05378
431 5.97588
432 6.77034
433 8.12537
434 1
435 2
436 4.92064
437 6.51909
438 7.3909
439 1
440 2
441 4.84749
442 5.97588
443 6.91805
444 1
445 3.63333
446 5.25165
447 6.61927
448 1
449 2
450 3.90856
451 4.84749
452 1
453 3.24483
454 4.33944
455 5.19763
456 5.92867
457 2.9
458 4.33944
459 5.19763
460 6.26135
461 1
462 3.33333
463 4.40454
464 5.80357
465 6.77034
466 7.74424
467 8.83778
468 1
469 4.70824
470 6.20063
471 7.3909
472 7.91801
473 2
474 4.16441
475 5.97588
476 6.77034
477 1
478 3.33333
479 5.05378
480 6.14322
481 6.91805
482 2
483 3.33333
484 4.16441
485 1
486 2.9
487 4.09525
488 5.19763
489 5.92867
490 2
491 3.55301
492 5.19763
493 6.09735
494 6.87746
495 2
496 4.16441
497 5.05378
498 6.306
499 7.47918
500 8.48916
501 1
502 4
503 5.68862
504 7.11243
505 7.91801
506 1
507 3.90856
508 5.44207
509 6.77034
510 1
511 2
512 4.63158
513 5.97588
514 6.77034
515 1
516 3.33333
517 4.16441
518 4.84749
519 2
520 3.55301
521 4.78871
522 5.92867
523 1
524 3.55301
525 4.56988
526 5.92867
527 6.87746
528 1
529 3.90856
530 5.05378
531 5.97588
532 7.0626
533 8.36968
534 1
535 3
536 5.31903
537 6.51909
538 7.65907
539 1
540 3.33333
541 5.05378
542 6.14322
543 6.91805
544 2
545 4.16441
546 5.62582
547 6.77034
548 1
549 2
550 4.16441
551 4.84749
552 2
553 3.55301
554 4.33944
555 5.39003
556 1
557 2.9
558 4.33944
559 5.39003
560 6.5768
561 1
562 3.33333
563 4.84749
564 5.97588
565 6.77034
566 8.00038
567 8.83778
568 2
569 4.92064
570 6.51909
571 7.3909
572 1
573 2
574 4.63158
575 5.97588
576 6.77034
577 1
578 3.33333
579 5.05378
580 6.46458
581 1
582 2
583 3.33333
584 4.63158
585 1
586 2.9
587 4.33944
588 5.19763
589 5.92867
590 2.5
591 4.09525
592 5.19763
593 6.09735
594 6.87746
595 3
596 4.16441
597 5.44207
598 6.61927
599 7.61288
600 8.60696
601 1
602 4.25
603 5.86441
604 7.25303
605 7.91801
606 1
607 4.16441
608 5.80357
609 6.77034
610 1
611 3.33333
612 5.05378
613 5.97588
614 6.91805
615 2
616 3.33333
617 4.16441
618 4.84749
619 2.9
620 3.83446
621 5.19763
622 5.92867
623 2
624 3.55301
625 4.99753
626 6.09735
627 6.87746
628 2
629 4.16441
630 5.05378
631 6.14322
632 7.343
633 8.48916
634 1
635 4
636 5.68862
637 6.82236
638 7.91801
639 1
640 3.33333
641 5.05378
642 6.46458
643 1
644 2
645 4.16441
646 5.97588
647 6.77034
648 1
649 3.33333
650 4.16441
651 4.84749
652 2
653 3.55301
654 4.33944
655 5.57555
656 1
657 3.24483
658 4.33944
659 5.75491
660 6.87746
661 1
662 3.63333
663 5.05378
664 5.97588
665 6.91805
666 8.24844
667 1
668 2
669 5.12386
670 6.51909
671 7.5262
672 1
673 3
674 5.05378
675 5.97588
676 6.91805
677 2
678 3.90856
679 5.44207
680 6.77034
681 1
682 2
683 3.90856
684 4.84749
685 1
686 3.24483
687 4.33944
688 5.19763
689 5.92867
690 2.9
691 4.33944
692 5.19763
693 6.26135
694 1
695 3.33333
696 4.40454
697 5.80357
698 6.77034
699 7.74424
700 8.83778
701 1
702 4.70824
703 6.20063
704 7.3909
705 7.91801
706 2
707 4.16441
708 5.97588
709 6.77034
710 1
711 3.33333
712 5.05378
713 6.306
714 1
715 2
716 3.33333
717 4.40454
718 1
719 2.9
720 4.33944
721 5.19763
722 5.92867
723 2
724 3.83446
725 5.19763
726 6.09735
727 6.87746
728 2
729 4.16441
730 5.25165
731 6.46458
732 7.61288
733 8.48916
734 1
735 4
736 5.68862
737 7.11243
738 7.91801
739 1
740 3.90856
741 5.44207
742 6.77034
743 1
744 2
745 4.63158
746 5.97588
747 6.77034
748 1
749 3.33333
750 4.16441
751 4.84749
752 2
753 3.55301
754 4.78871
755 5.92867
756 1
757 3.55301
758 4.56988
759 5.92867
760 6.87746
761 1
762 4.16441
763 5.05378
764 5.97588
765 7.20419
766 8.48916
767 1
768 4
769 5.50703
770 6.67249
771 7.78963
772 1
773 3.33333
774 5.05378
775 6.306
776 1
777 2
778 4.16441
779 5.80357
780 6.77034
781 1
782 3
783 4.16441
784 4.84749
785 2
786 3.55301
787 4.33944
788 5.39003
789 1
790 2.9
791 4.33944
792 5.39003
793 6.5768
794 1
795 3.33333
796 4.84749
797 5.97588
798 6.77034
799 8.00038
800 8.83778
801 2
802 4.92064
803 6.51909
804 7.3909
805 1
806 2
807 4.63158
808 5.97588
809 6.77034
810 1
811 3.33333
812 5.05378
813 6.46458
814 1
815 2
816 3.63333
817 4.84749
818 1
819 2.9
820 4.33944
821 5.19763
822 5.92867
823 2.9
824 4.33944
825 5.19763
826 6.09735
827 1
828 3.33333
829 4.16441
830 5.62582
831 6.77034
832 7.61288
833 8.72314
834 1
835 4.48529
836 6.03493
837 7.3909
838 7.91801
839 1
840 4.16441
841 5.80357
842 6.77034
843 1
844 3.33333
845 5.05378
846 5.97588
847 6.91805
848 2
849 3.33333
850 4.16441
851 4.84749
852 2.9
853 3.83446
854 5.19763
855 5.92867
856 2
857 3.55301
858 4.99753
859 6.09735
860 6.87746
861 2
862 4.16441
863 5.05378
864 6.14322
865 7.343
866 8.48916
867 1
868 4
869 5.68862
870 6.96893
871 7.91801
872 1
873 3.63333
874 5.25165
875 6.61927
876 1
877 2
878 4.40454
879 5.97588
880 6.77034
881 1
882 3.33333
883 4.16441
884 4.84749
885 2
886 3.55301
887 4.56988
888 5.75491
889 1
890 3.55301
891 4.33944
892 5.75491
893 6.87746
894 1
895 3.63333
896 5.05378
897 5.97588
898 6.91805
899 8.24844
900 1
901 2
902 5.12386
903 6.51909
904 7.5262
905 1
906 3
907 5.05378
908 5.97588
909 6.91805
910 2
911 3.90856
912 5.44207
913 6.77034
914 1
915 2
916 3.90856
917 4.84749
918 2
919 3.55301
920 4.33944
921 5.19763
922 5.92867
923 2.9
924 4.33944
925 5.19763
926 6.42106
927 1
928 3.33333
929 4.63158
930 5.97588
931 6.77034
932 7.87337
933 8.83778
934 2
935 4.92064
936 6.36191
937 7.3909
938 7.91801
939 2
940 4.40454
941 5.97588
942 6.77034
943 1
944 3.33333
945 5.05378
946 6.306
947 1
948 2
949 3.33333
950 4.40454
951 1
952 2.9
953 4.33944
954 5.19763
955 5.92867
956 2
957 3.83446
958 5.19763
959 6.09735
960 6.87746
961 2
962 4.16441
963 5.25165
964 6.46458
965 7.61288
966 8.48916
967 1
968 4
969 5.68862
970 7.25303
971 7.91801
972 1
973 4.16441
974 5.62582
975 6.77034
976 1
977 3
978 4.84749
979 5.97588
980 6.91805
981 1
982 3.33333
983 4.16441
984 4.84749
985 2.5
986 3.55301
987 4.99753
988 5.92867
989 1
990 3.55301
991 4.78871
992 6.09735
993 6.87746
994 2
995 4.16441
996 5.05378
997 5.97588
998 7.20419
999 8.48916
